1.878444182344619906e-02
2.767014690004529834e-02
3.664115864947095624e-02
4.568487822404583565e-02
5.479121039149853489e-02
6.395195877912719651e-02
7.316038939059671398e-02
8.241091011473471173e-02
9.169883172784193404e-02
1.010201871452819922e-01
1.103715929630323805e-01
1.197501421424806284e-01
1.291533199305244239e-01
1.385789373238686395e-01
1.480250779275028294e-01
1.574900551441041352e-01
1.669723774076719847e-01
1.764707197364447644e-01
1.859839002911495565e-01
1.955108609285573784e-01
2.050506509672924138e-01
2.146024135539434941e-01
2.241653741476298811e-01
2.337388307409250798e-01
2.433221455121141186e-01
2.529147376637468914e-01
2.625160772494648520e-01
2.721256798281663225e-01
2.817431018140205135e-01
2.913679364143492156e-01
3.009998100662790166e-01
3.106383792983099523e-01
3.202833279553199408e-01
3.299343647356143827e-01
3.395912209968960371e-01
3.492536487948370572e-01
3.589214191235579610e-01
3.685943203319851924e-01
3.782721566939493130e-01
3.879547471131356562e-01
3.976419239467298694e-01
4.073335319338958205e-01
4.170294272171646277e-01
4.267294764464568124e-01
4.364335559568536804e-01
4.461415510124226436e-01
4.558533551094162140e-01
4.655688693330278238e-01
4.752880017626345821e-01
4.850106669210899057e-01
4.947367852641804120e-01
5.044662827068290278e-01
5.141990901830345573e-01
5.239351432368858363e-01
5.336743816422913067e-01
5.434167490493237995e-01
5.531621926553050850e-01
5.629106628989495320e-01
5.726621131760513128e-01
5.824164995753454699e-01
5.921737806332971754e-01
6.019339171066799832e-01
6.116968717618990192e-01
6.214626091800923291e-01
6.312310955771153198e-01
6.410022986375707443e-01
6.507761873621020765e-01
6.605527319272102016e-01
6.703319035568947593e-01
6.801136744054566696e-01
6.898980174508276830e-01
6.996849063978225480e-01
7.094743155907315968e-01
7.192662199346964158e-01
7.290605948253326973e-01
7.388574160860799100e-01
7.486566599127808530e-01
7.584583028250081460e-01
7.682623216236734720e-01
7.780686933544713746e-01
7.878773952767256228e-01
7.976884048372230307e-01
8.075016996486333865e-01
8.173172574721336847e-01
8.271350562038674026e-01
8.369550738648873223e-01
8.467772885942463912e-01
8.566016786449149878e-01
8.664282223822232787e-01
8.762568982845377885e-01
8.860876849459012883e-01
8.959205610803794295e-01
9.057555055278718736e-01
9.155924972611636514e-01
9.254315153940051442e-01
9.352725391900242879e-01
9.451155480722913671e-01
9.549605216333677538e-01
9.648074396456844948e-01
9.746562820721127451e-01
9.845070290765958188e-01
9.943596610347298359e-01
1.004214158544188384e+00
1.014070502434899046e+00
1.023928673778892851e+00
1.033788653899750720e+00
1.043650424381590502e+00
1.053513967077538416e+00
1.063379264117644052e+00
1.073246297916199410e+00
1.083115051178436206e+00
1.092985506906578363e+00
1.102857648405234814e+00
1.112731459286120828e+00
1.122606923472108553e+00
1.132484025200600541e+00
1.142362749026235802e+00
1.152243079822935057e+00
1.162125002785298955e+00
1.172008503429371240e+00
1.181893567592788630e+00
1.191780181434334285e+00
1.201668331432919068e+00
1.211558004386014353e+00
1.221449187407559700e+00
1.231341867925373368e+00
1.241236033678092987e+00
1.251131672711672582e+00
1.261028773375465484e+00
1.270927324317920437e+00
1.280827314481919998e+00
1.290728733099787862e+00
1.300631569687995537e+00
1.310535814041593694e+00
1.320441456228395705e+00
1.330348486582939804e+00
1.340256895700255635e+00
1.350166674429459812e+00
1.360077813867204277e+00
1.369990305351001192e+00
1.379904140452445471e+00
1.389819310970357602e+00
1.399735808923865177e+00
1.409653626545444460e+00
1.419572756273938641e+00
1.429493190747569864e+00
1.439414922796962593e+00
1.449337945438192499e+00
1.459262251865874882e+00
1.469187835446307266e+00
1.479114689710675723e+00
1.489042808348339575e+00
1.498972185200202700e+00
1.508902814252181424e+00
1.518834689628778323e+00
1.528767805586768835e+00
1.538702156509009322e+00
1.548637736898371031e+00
1.558574541371806177e+00
1.568512564654553021e+00
1.578451801574481506e+00
1.588392247056583217e+00
1.598333896117612118e+00
1.608276743860874491e+00
1.618220785471170764e+00
1.628166016209894762e+00
1.638112431410284842e+00
1.648060026472832895e+00
1.658008796860848566e+00
1.667958738096180227e+00
1.677909845755089835e+00
1.687862115464282997e+00
1.697815542897092245e+00
1.707770123769811299e+00
1.717725853838180550e+00
1.727682728894019748e+00
1.737640744762005918e+00
1.747599897296597149e+00
1.757560182379094282e+00
1.767521595914844701e+00
1.777484133830578017e+00
1.787447792071877650e+00
1.797412566600779860e+00
1.807378453393501561e+00
1.817345448438289823e+00
1.827313547733392607e+00
1.837282747285146289e+00
1.847253043106177772e+00
1.857224431213715832e+00
1.867196907628010383e+00
1.877170468370854994e+00
1.887145109464210879e+00
1.897120826928927029e+00
1.907097616783554495e+00
1.917075475043251487e+00
1.927054397718775514e+00
1.937034380815559675e+00
1.947015420332869784e+00
1.956997512263039640e+00
1.966970997126974208e+00
1.976937798315301587e+00
1.986899556419804203e+00
1.996857673917486586e+00
2.006813352252342586e+00
2.016767622638582225e+00
2.026721371684589545e+00
2.036675362746884765e+00
2.046630253764037288e+00
2.056586612187770058e+00
2.066544927518532582e+00
2.076505621862097861e+00
2.086469058849060865e+00
2.096435551197822544e+00
2.106405367151385377e+00
2.116378735977129111e+00
2.126355852685037018e+00
2.136336882092290779e+00
2.146321962339577283e+00
2.156311207945996955e+00
2.166304712474341532e+00
2.176302550866120455e+00
2.186304781495562732e+00
2.196311447983489540e+00
2.206322580805107236e+00
2.216338198720152697e+00
2.226358310049189715e+00
2.236382913816044038e+00
2.246412000773221340e+00
2.256445554324551406e+00
2.266483551357155068e+00
2.276525962993046548e+00
2.286572755269203672e+00
2.296623889753713676e+00
2.306679324104560003e+00
2.316739012576773504e+00
2.326802906482936528e+00
2.336870954611426132e+00
2.346943103606269343e+00
2.357019298312042377e+00
2.367099482086882034e+00
2.377183597086348410e+00
2.387271584520612056e+00
2.397363384887195359e+00
2.407458938181291863e+00
2.417558184085508710e+00
2.427661062140709092e+00
2.437767511899499251e+00
2.447877473063771792e+00
2.457990885607600262e+00
2.468107689886692047e+00
2.478227826735492911e+00
2.488351237552967721e+00
2.498477864378002344e+00
2.508607649955291841e+00
2.518740537792528489e+00
2.528876472209631299e+00
2.539015398380710220e+00
2.549157262369404542e+00
2.559302011158187451e+00
2.569449592672183869e+00
2.579599955798008715e+00
2.589753050398094114e+00
2.599908827320936311e+00
2.610067238407661971e+00
2.620228236495285135e+00
2.630391775416988764e+00
2.640557809999747541e+00
2.650726296059579212e+00
2.660897190394686973e+00
2.671070450776733551e+00
2.681246035940479722e+00
2.691423905571974640e+00
2.701604020295500064e+00
2.711786341659430111e+00
2.721970832121163753e+00
2.732157455031274385e+00
2.742346174616999921e+00
2.752536955965197762e+00
2.762729765004863669e+00
2.772924568489314900e+00
2.783121333978122891e+00
2.793320029818874950e+00
2.803520625128832489e+00
2.813723089776549724e+00
2.823927394363512811e+00
2.834133510205843809e+00
2.844341409316117009e+00
2.854551064385325798e+00
2.864762448765038716e+00
2.874975536449768665e+00
2.885190302059584599e+00
2.895406437565515301e+00
2.905623929702201735e+00
2.915842765364023759e+00
2.926062931602083861e+00
2.936284415621297050e+00
2.946507204777578437e+00
2.956731286575128514e+00
2.966956648663805929e+00
2.977183278836585956e+00
2.987411165027100690e+00
2.997640295307253844e+00
3.007870657884912369e+00
3.018102241101663807e+00
3.028335033430642920e+00
3.038569023474419595e+00
3.048804199962946715e+00
3.059040551751567083e+00
3.069278067819072309e+00
3.079516737265815873e+00
3.089756549311875489e+00
3.099997493295262530e+00
3.110239558670175430e+00
3.120482735005300601e+00
3.130727011982150199e+00
3.140972379393442537e+00
3.151218827141519796e+00
3.161466345236802145e+00
3.171714923796276064e+00
3.181964553042018640e+00
3.192215223299751603e+00
3.202466924997427800e+00
3.212719648663846517e+00
3.222973384927298124e+00
3.233228124514236246e+00
3.243483858247976137e+00
3.253740577047420146e+00
3.263998271925804939e+00
3.274256933989475815e+00
3.284516554436681890e+00
3.294777124556395265e+00
3.305038635727148844e+00
3.315301079415898577e+00
3.325564447176903915e+00
3.335828730650627794e+00
3.346093921562655282e+00
3.356360011722632652e+00
3.366626993023221104e+00
3.376894857439070918e+00
3.387163597025810269e+00
3.397433203919052236e+00
3.407703670333414703e+00
3.417974988561559790e+00
3.428247150973244839e+00
3.438520150014390708e+00
3.448793978206162514e+00
3.459068628144065460e+00
3.469344092497054444e+00
3.479620364006656530e+00
3.489897435486104538e+00
3.500175299819487940e+00
3.510453949960912645e+00
3.520733378933673663e+00
3.531013579829438864e+00
3.541294545807446958e+00
3.551576270093715681e+00
3.561858745980259311e+00
3.572141966824319503e+00
3.582425926047605902e+00
3.592710617135547402e+00
3.602996033636553630e+00
3.613282169161287083e+00
3.623569017381945034e+00
3.633856572031551213e+00
3.644144826903255030e+00
3.654433775849645460e+00
3.664723412782067591e+00
3.675013731669954264e+00
3.685304726540163056e+00
3.695596391476322129e+00
3.705888720618186749e+00
3.716181708161003794e+00
3.726475348354882478e+00
3.736769635504176623e+00
3.747064563966872264e+00
3.757360128153985013e+00
3.767656322528964541e+00
3.777953141607107934e+00
3.788250579954977493e+00
3.798548632189830965e+00
3.808847292979055776e+00
3.819146557039609924e+00
3.829446419137473523e+00
3.839746874087104356e+00
3.850047916750901411e+00
3.860349542038676418e+00
3.870651744907130709e+00
3.880954520359338744e+00
3.891257863444238740e+00
3.901561769256131296e+00
3.911866232934181120e+00
3.922171249661928538e+00
3.932476814666804987e+00
3.942782923219654734e+00
3.953089570634264582e+00
3.963396752266897138e+00
3.973704463515831620e+00
3.984012699820909997e+00
3.994321456663088910e+00
4.004630729563997349e+00
4.014940514085499679e+00
4.025250805829263534e+00
4.035561600436335716e+00
4.045872893586719421e+00
4.056184680998961234e+00
4.066496958429739905e+00
4.076809721673462228e+00
4.087122966561861581e+00
4.097436688963606244e+00
4.107750884783906820e+00
4.118065549964130767e+00
4.128380680481426701e+00
4.138696272348344252e+00
4.149012321612466359e+00
4.159328824356042453e+00
4.169645776695626971e+00
4.179963174781721413e+00
4.190281014798423520e+00
4.200599292963078213e+00
4.210918005525934760e+00
4.221237148769805714e+00
4.231556719009732070e+00
4.241876712592653753e+00
4.252197125897080987e+00
4.262517955332771002e+00
4.272839197340409179e+00
4.283160848391295517e+00
4.293482904987032001e+00
4.303805363659216177e+00
4.314128220969134730e+00
4.324451473507466837e+00
4.334775117893988394e+00
4.345099150777276265e+00
4.355423568834422277e+00
4.365748368770743681e+00
4.376073547319507817e+00
4.386399101241647891e+00
4.396725027325488533e+00
4.407051322386476677e+00
4.417377983266911556e+00
4.427705006835678248e+00
4.438032389987988324e+00
4.448360129645118732e+00
4.458688222754155994e+00
4.469016666287745743e+00
4.479345457243839590e+00
4.489674592645452655e+00
4.500004069540416651e+00
4.510333885001140075e+00
4.520664036124370178e+00
4.530994520030959372e+00
4.541325333865631642e+00
4.551656474796752505e+00
4.561987940016104304e+00
4.572319726738657941e+00
4.582651832202357944e+00
4.592984253667898642e+00
4.603316988418508338e+00
4.613650033759737923e+00
4.623983387019247715e+00
4.634317045546600511e+00
4.644651006713052865e+00
4.654985267911352587e+00
4.665319826555539784e+00
4.675654680080742587e+00
4.685989825942985298e+00
4.696325261618989444e+00
4.706660984605985476e+00
4.716996992421520041e+00
4.727333282603267683e+00
4.737669852708849660e+00
4.748006700315644757e+00
4.758343823020610763e+00
4.768681218440103287e+00
4.779018884209701667e+00
4.789356817984029568e+00
4.799695017436585331e+00
4.810033480259567007e+00
4.820372204163705376e+00
4.830711186878096086e+00
4.841050426150033559e+00
4.851389919744845791e+00
4.861729665445735371e+00
4.872069661053616940e+00
4.882409904386959987e+00
4.892750393281630750e+00
4.903091125590739452e+00
4.913432099184485757e+00
4.923773311950007781e+00
4.934114761791231096e+00
4.944456446628722190e+00
4.954798364399540134e+00
4.965140513057094473e+00
4.975482890570997796e+00
4.985825494926928059e+00
4.996168324126486482e+00
5.006511376187057216e+00
5.016854649141672340e+00
5.027198141038875967e+00
5.037541849942588357e+00
5.047885773931973574e+00
5.058229911101308929e+00
5.068574259559855300e+00
5.078918817431725685e+00
5.089263582855760859e+00
5.099608553985401471e+00
5.109953728988564592e+00
5.120299106047518478e+00
5.130644683358764446e+00
5.140990459132911639e+00
5.151336431594559784e+00
5.161682598982181069e+00
5.172028959548001126e+00
5.182375511557886227e+00
5.192722253291226941e+00
4.992853314192823966e+00
4.788722502388612412e+00
4.579578867746988635e+00
4.364554242681711216e+00
4.142621185126744265e+00
3.912535264592702067e+00
3.672753862982644169e+00
3.421320186960595588e+00
3.155698510848268690e+00
2.872555230383527558e+00
2.567553850298216034e+00
2.235648350351857605e+00
1.874581593926841760e+00
1.503653107381917486e+00
1.205073723144255649e+00
1.428374113421909675e+00
1.549056772554745942e+00
1.678465870936476811e+00
1.827534310473149404e+00
1.999816646372212237e+00
2.197242466773547509e+00
2.421177014770287350e+00
2.672519097123053466e+00
2.951279990888097338e+00
3.255823026459121028e+00
3.582076767063500977e+00
3.923214904754330767e+00
4.270254361933409015e+00
4.613556235978502507e+00
4.944577826660388808e+00
5.257055138919351833e+00
5.547275230231293541e+00
5.813674410809958282e+00
6.056189461103088867e+00
6.275658659770611436e+00
6.473382714019106920e+00
6.650843921280149118e+00
6.809543684133015695e+00
6.950917371265543210e+00
7.076295775661571419e+00
7.186893004184081057e+00
7.283808497976799856e+00
7.368036017099691470e+00
7.440475558027921821e+00
7.501946012859647794e+00
7.553197429316108824e+00
7.594922314929783091e+00
7.627765744257103186e+00
7.652334191102984740e+00
7.669203086659906354e+00
7.678923138671245319e+00
7.682025459169634196e+00
7.679025552305464686e+00
7.670426216834453470e+00
7.656719423998204377e+00
7.638387242471170069e+00
7.615901897722647362e+00
7.589725072228175939e+00
7.560306573199485847e+00
7.528082513068540038e+00
7.493473161925731318e+00
7.456880637897626229e+00
7.418686599273768500e+00
7.379250090390796935e+00
7.338905672444403727e+00
7.297961942281303571e+00
7.256700509455504822e+00
7.215375467491374373e+00
7.174213362423218499e+00
7.133413632864914256e+00
7.093149472939810352e+00
7.053569053325471572e+00
7.014797026541828018e+00
6.976936239835360709e+00
6.940069581504859642e+00
6.904261892948172274e+00
6.869561887718150572e+00
6.836004029211778743e+00
6.803610329246640553e+00
6.772392039927554563e+00
6.742351220353304697e+00
6.713482167564669645e+00
6.685772707578061969e+00
6.659205347404912878e+00
6.633758292734817097e+00
6.609406338620100740e+00
6.586121642221999473e+00
6.563874387645709518e+00
6.542633353272467645e+00
6.522366391940590091e+00
6.503040833960202605e+00
6.484623822370940260e+00
6.467082589149259597e+00
6.450384680304089180e+00
6.434498137012069741e+00
6.419391639169064412e+00
6.405034616994934815e+00
6.391397335637595489e+00
6.378450957087792084e+00
6.366167583141229436e+00
6.354520282629633421e+00
6.343483105685129075e+00
6.333031087399542791e+00
6.323140242887754781e+00
6.313787555457449407e+00
6.304950959321998560e+00
6.296609318064146699e+00
6.288742399861479981e+00
6.281330850316274805e+00
6.274356163588711510e+00
6.267800652410267404e+00
6.261647417450516784e+00
6.255880316422941512e+00
6.250483933241468115e+00
6.245443547477312229e+00
6.240745104313604408e+00
6.236375185151703526e+00
6.232320978986831683e+00
6.228570254640513504e+00
6.225111333912408007e+00
6.221933065693617593e+00
6.219024801066770358e+00
6.216376369404533087e+00
6.213978055467174855e+00
6.211820577490986928e+00
6.209895066252392404e+00
6.208193045087120332e+00
6.206706410839673005e+00
6.205427415715187855e+00
6.204348650003573162e+00
6.203463025644280648e+00
6.202763760599142806e+00
6.202244364000254251e+00
6.201898622039816900e+00
6.201720584569100581e+00
6.201704552374163626e+00
6.201845065096664555e+00
6.202136889768888217e+00
6.202575009933079642e+00
6.203154615316166520e+00
6.203871092032009038e+00
6.204720013284443780e+00
6.205697130545454243e+00
6.206798365183967547e+00
6.208019800521837439e+00
6.209357674294707863e+00
6.210808371496488789e+00
6.212368417587224023e+00
6.214034472045161017e+00
6.215803322244775053e+00
6.217671877643458522e+00
6.219637164260485740e+00
6.221696319432713729e+00
6.223846586832325833e+00
6.226085311732680871e+00
6.228409936509112121e+00
6.230817996362204347e+00
6.233307115251780495e+00
6.235875002030438985e+00
6.238519446766135346e+00
6.241238317243827716e+00
6.244029555636799955e+00
6.246891175338754820e+00
6.249821257948288356e+00
6.252817950397790092e+00
6.255879462219277265e+00
6.259004062940062063e+00
6.262190079601555048e+00
6.265435894394856930e+00
6.268739942407165699e+00
6.272100709473320990e+00
6.275516730127141507e+00
6.278986585647492014e+00
6.282508902194289924e+00
6.286082349029916472e+00
6.289705636821766532e+00
6.293377516021862128e+00
6.297096775319707795e+00
6.300862240164756045e+00
6.304672771355034122e+00
6.308527263688694653e+00
6.312424644675399321e+00
6.316363873304610799e+00
6.320343938868042244e+00
6.324363859833630030e+00
6.328422682768556129e+00
6.332519481308956699e+00
6.336653355174092894e+00
6.340823429222866459e+00
6.345028852550663068e+00
6.349268797624628036e+00
6.353542459455564284e+00
6.357849054804734834e+00
6.362187821423943568e+00
6.366558017327343499e+00
6.370958920093508837e+00
6.375389826196373733e+00
6.379850050363708114e+00
6.384338924961878270e+00
6.388855799405686930e+00
6.393400039592161299e+00
6.397971027357198359e+00
6.402568159954046045e+00
6.407190849552637957e+00
6.411838522758842807e+00
6.416510620152755529e+00
6.421206595845172949e+00
6.425925917051454661e+00
6.430668063682009716e+00
6.435432527948664827e+00
6.440218813986239965e+00
6.445026437488652782e+00
6.449854925358930124e+00
6.454703815372525355e+00
6.459572655853359713e+00
6.464461005362059254e+00
6.469368432395845581e+00
6.474294515099602521e+00
6.479238840987628478e+00
6.484201006675637480e+00
6.489180617622563041e+00
6.494177287881766070e+00
6.499190639861242680e+00
6.504220304092464211e+00
6.509265919007488854e+00
6.514327130723999382e+00
6.519403592837945460e+00
6.524494966223473469e+00
6.529600918839848056e+00
6.534721125545082110e+00
6.539855267915994474e+00
6.545003034074447612e+00
6.550164118519503198e+00
6.555338221965264722e+00
6.560525051184181500e+00
6.565724318855585828e+00
6.570935743419270558e+00
6.576159048933891249e+00
6.581393964940015273e+00
6.586640226327626912e+00
6.591897573207917027e+00
6.597165750789194760e+00
6.602444509256750749e+00
6.607733603656527066e+00
6.613032793782443797e+00
6.618341844067246349e+00
6.623660523476730511e+00
6.628988605407221790e+00
6.634325867586189140e+00
6.639672091975866053e+00
6.645027064679770668e+00
6.650390575852020980e+00
6.655762419609330571e+00
6.661142393945589824e+00
6.666530300648943808e+00
6.671925945221263810e+00
6.677329136799933451e+00
6.682739688081857921e+00
6.688157415249623483e+00
6.693582137899720230e+00
6.699013678972765007e+00
6.704451864685642803e+00
6.709896524465502665e+00
6.715347490885544168e+00
6.720804599602527851e+00
6.726267689295952756e+00
6.731736601608838022e+00
6.737211181090058787e+00
6.742691275138176898e+00
6.748176733946722017e+00
6.753667410450866271e+00
6.759163160275449833e+00
6.764663841684310341e+00
6.770169315530874421e+00
6.775679445209966012e+00
6.781194096610790645e+00
6.786713138071065465e+00
6.792236440332246161e+00
6.797763876495819702e+00
6.803295321980630916e+00
6.808830654481209166e+00
6.814369753927056905e+00
6.819912502442882385e+00
6.825458784309727633e+00
6.831008485926984619e+00
6.836561495775263175e+00
6.842117704380072496e+00
6.847677004276314427e+00
6.853239289973547699e+00
6.858804457922002662e+00
6.864372406479327005e+00
6.869943035878042004e+00
6.875516248193680013e+00
6.881091947313591639e+00
6.886670038906403946e+00
6.892250430392103056e+00
6.897833030912729591e+00
6.903417751303664751e+00
6.909004504065499042e+00
6.914593203336456995e+00
6.920183764865369902e+00
6.925776105985176123e+00
6.931370145586941867e+00
6.936965804094378463e+00
6.942563003438853464e+00
6.948161667034872480e+00
6.953761719756027304e+00
6.959363087911395240e+00
6.964965699222377182e+00
6.970569482799962913e+00
6.976174369122412955e+00
6.981780290013351653e+00
6.987387178620251049e+00
6.992994969393304672e+00
6.998603598064679687e+00
7.004213001628134094e+00
7.009823118318996293e+00
7.015433887594492823e+00
7.021045250114419822e+00
7.026657147722147556e+00
7.032269523425955349e+00
7.037882321380680040e+00
7.043495486869681521e+00
7.049108966287107592e+00
7.054722707120461678e+00
7.060336657933460103e+00
7.065950768349173572e+00
7.071564989033447546e+00
7.077179271678595285e+00
7.082793568987358235e+00
7.088407834657128426e+00
7.094022023364424001e+00
7.099636090749615214e+00
7.105249993401899111e+00
7.110863688844511366e+00
7.116477135520171693e+00
7.122090292776763754e+00
7.127703120853238872e+00
7.133315580865740912e+00
7.138927634793947874e+00
7.144539245467628419e+00
7.150150376553402687e+00
7.155760992541713605e+00
7.161371058733994488e+00
7.166980541230034696e+00
7.172589406915540700e+00
7.178197623449881881e+00
7.183805159254027295e+00
7.189411983498665393e+00
7.195018066092498721e+00
7.200623377670718028e+00
7.206227889583649571e+00
7.211831573885571167e+00
7.217434403323696124e+00
7.223036351327320581e+00
7.228637391997132511e+00
7.234237500094679696e+00
7.239836651031991366e+00
7.245434820861353487e+00
7.251031986265236817e+00
7.256628124546369740e+00
7.262223213617961193e+00
7.267817231994061267e+00
7.273410158780061252e+00
7.279001973663342895e+00
7.284592656904048447e+00
7.290182189325997264e+00
7.295770552307728529e+00
7.301357727773673645e+00
7.306943698185455638e+00
7.312528446533317350e+00
7.318111956327670420e+00
7.323694211590765057e+00
7.329275196848482388e+00
7.334854897122243145e+00
7.340433297921030054e+00
7.346010385233530116e+00
7.351586145520382587e+00
7.357160565706544197e+00
7.362733633173756509e+00
7.368305335753126961e+00
7.373875661717812058e+00
7.379444599775807134e+00
7.385012139062835601e+00
7.390578269135341216e+00
7.396142979963579833e+00
7.401706261924810626e+00
7.407268105796580571e+00
7.412828502750106630e+00
7.418387444343751191e+00
7.423944922516593437e+00
7.429500929582082414e+00
7.435055458221790481e+00
7.440608501479248460e+00
7.446160052753872272e+00
7.451710105794973060e+00
7.457258654695851696e+00
7.462805693887978542e+00
7.468351218135254044e+00
7.473895222528352811e+00
7.479437702479144079e+00
7.484978653715195662e+00
7.490518072274351624e+00
7.496055954499386331e+00
7.501592297032741996e+00
7.507127096811326616e+00
7.512660351061398956e+00
7.518192057293520136e+00
7.523722213297576289e+00
7.529250817137871366e+00
7.534777867148291897e+00
7.540303361927539250e+00
7.545827300334427612e+00
7.551349681483253029e+00
7.556870504739221950e+00
7.562389769713949050e+00
7.567907476261019895e+00
7.573423624471613103e+00
7.578938214670182916e+00
7.584451247410213703e+00
7.589962723470020656e+00
7.595472643848621530e+00
7.600981009761659024e+00
7.606487822637390650e+00
7.611993084112723906e+00
7.617496796029317174e+00
7.622998960429734794e+00
7.628499579553653653e+00
7.633998655834124847e+00
7.639496191893892174e+00
7.644992190541761268e+00
7.650486654769018458e+00
7.655979587745906478e+00
7.661470992818141923e+00
7.666960873503493978e+00
7.672449233488403131e+00
7.677936076624652273e+00
7.683421406926087549e+00
7.688905228565381833e+00
7.694387545870848832e+00
7.699868363323299825e+00
7.705347685552951020e+00
7.710825517336370005e+00
7.716301863593469257e+00
7.721776729384544069e+00
7.727250119907349557e+00
7.732722040494226512e+00
7.738192496609262783e+00
7.743661493845499066e+00
7.749129037922174668e+00
7.754595134682016777e+00
7.760059790088561726e+00
7.765523010223524203e+00
7.770984801284198440e+00
7.776445169580900263e+00
7.781904121534447327e+00
7.787361663673676659e+00
7.792817802632994173e+00
7.798272545149966817e+00
7.803725898062946698e+00
7.809177868308731618e+00
7.814628462920255814e+00
7.820077689024323320e+00
7.825525553839367987e+00
7.830972064673249911e+00
7.836417228921083833e+00
7.841861054063098635e+00
7.847303547662532353e+00
7.852744717363556504e+00
7.858184570889230613e+00
7.863623116039486050e+00
7.869060360689148936e+00
7.874496312785979946e+00
7.879930980348752279e+00
7.885364371465359845e+00
7.890796494290944985e+00
7.896227357046065265e+00
7.901656968014880711e+00
7.907085335543370341e+00
7.912512468037580682e+00
7.917938373961892040e+00
7.923363061837318533e+00
7.928786540239833869e+00
7.934208817798716673e+00
7.939634028640480068e+00
7.945058035717517342e+00
7.950480847893190095e+00
7.955902474077244158e+00
7.961322923224284587e+00
7.966742204332286192e+00
7.972160326441117384e+00
7.977577298631089775e+00
7.982993130021533545e+00
7.988407829769389679e+00
