0.000000000000000000e+00
1.215558176553801356e-03
2.329853099954700552e-03
3.358841350529044589e-03
4.315121775954167127e-03
5.208789608501469826e-03
6.048041220872810153e-03
6.839610609403287689e-03
7.589089885265284940e-03
8.301168272158057637e-03
8.979812854717994508e-03
9.628407036967601140e-03
1.024985785751934830e-02
1.084668006947556163e-02
1.142106267613135495e-02
1.197492207249717389e-02
1.250994485589587701e-02
1.302762259232803643e-02
1.352928026355526558e-02
1.401609970885048240e-02
1.448913907144266933e-02
1.494934903270764281e-02
1.539758644605657145e-02
1.583462585237019327e-02
1.626116925907497568e-02
1.667785448788594582e-02
1.708526233625318191e-02
1.748392275053523015e-02
1.787432017183376853e-02
1.825689818597958647e-02
1.863206358565089316e-02
1.900018993372110110e-02
1.936162070169017424e-02
1.971667204468019463e-02
2.006563526438576162e-02
2.040877900310411608e-02
2.074635120516310494e-02
2.107858087644221001e-02
2.140567966801498745e-02
2.172784330605087577e-02
2.204525288686454143e-02
2.235807605327033709e-02
2.266646806610439491e-02
2.297057278283559656e-02
2.327052355354342073e-02
2.356644404314656160e-02
2.385844898757760735e-02
2.414664489058404584e-02
2.443113066697244484e-02
2.471199823736563994e-02
2.498933307891032518e-02
2.526321473581982779e-02
2.553371729317122085e-02
2.580090981696570029e-02
2.606485676311443012e-02
2.632561835770896863e-02
2.658325095067648469e-02
2.683780734469520812e-02
2.708933710105076997e-02
2.733788682394899805e-02
2.758350042465484986e-02
2.782621936670315321e-02
2.806608289332035433e-02
2.830312823810132716e-02
2.853739081990802617e-02
2.876890442288504435e-02
2.899770136242962870e-02
2.922381263789830541e-02
2.944726807279018921e-02
2.966809644310564043e-02
2.988632559454373894e-02
3.010198254917273442e-02
3.031509360217787830e-02
3.052568440926883842e-02
3.073378006530402828e-02
3.093940517466775564e-02
3.114258391392055181e-02
3.134334008721961773e-02
3.154169717499233361e-02
3.173767837632701649e-02
3.193130664552912279e-02
3.212260472327488348e-02
3.231159516277748445e-02
3.249830035136713757e-02
3.268274252786684819e-02
3.286494379613313921e-02
3.304492613511322840e-02
3.322271140575416837e-02
3.339832135508558064e-02
3.357177761777729863e-02
3.374310171546279769e-02
3.391231505409930680e-02
3.407943891962117444e-02
3.424449447212873920e-02
3.440750273883697030e-02
3.456848460599548645e-02
3.472746080997635154e-02
3.488445192770928127e-02
3.503947836663290349e-02
3.519256035431617136e-02
3.534371792788792987e-02
3.549297092340486515e-02
3.564033896527085687e-02
3.578584145581231724e-02
3.592949756510166459e-02
3.607132622110786890e-02
3.621134610025000811e-02
3.634957561841023477e-02
3.648603292246233032e-02
3.662073588235670307e-02
3.675370208380135395e-02
3.688494882156456711e-02
3.701449309342241811e-02
3.714235159476597659e-02
3.726854071387997180e-02
3.739307652789225500e-02
3.751597479940027569e-02
3.763725097376502404e-02
3.775692017706577808e-02
3.787499721470188874e-02
3.799149657062961261e-02
3.810643240721223179e-02
3.821981856566658564e-02
3.833166856708181136e-02
3.844199561398653486e-02
3.855081259244119707e-02
3.865813207462753809e-02
3.876396632190792779e-02
3.886832728832834150e-02
3.897122662453544883e-02
3.907267568208050434e-02
3.917268551808095189e-02
3.927126690021309763e-02
3.936843031200543130e-02
3.946418595840728294e-02
3.955854377160528124e-02
3.965151341706119048e-02
3.974310429974536873e-02
3.983332557054120038e-02
3.992218613279674422e-02
4.000969464899983841e-02
4.009585954755556791e-02
4.018068902964344602e-02
4.026419107613588011e-02
4.034637345455660551e-02
4.042724372606243399e-02
4.050680925243121955e-02
4.058507720303849986e-02
4.066205456180860267e-02
4.073774813412622819e-02
4.081216455369385265e-02
4.088531028932540501e-02
4.095719165166156195e-02
4.102781479979844548e-02
4.109718574781973111e-02
4.116531037122284076e-02
4.123219441323233703e-02
4.129784349099185903e-02
4.136226310163015896e-02
4.142545862819502211e-02
4.148743534544818701e-02
4.154819842551971121e-02
4.160775294341800823e-02
4.166610388238911611e-02
4.172325613912675202e-02
4.177921452883048836e-02
4.183398379010649926e-02
4.188756858971642849e-02
4.193997352716838378e-02
4.199120313915272185e-02
4.204126190382106998e-02
4.209015424491147073e-02
4.213788453571831738e-02
4.218445710290907869e-02
4.222987623019003323e-02
4.227414616182079143e-02
4.231727110598160202e-02
4.235925523799544123e-02
4.240010270340421883e-02
4.243981762090709431e-02
4.247840408515668464e-02
4.251586616942337749e-02
4.255220792812375308e-02
4.258743339922155258e-02
4.262154660649986049e-02
4.265455156171160667e-02
4.268645226660883196e-02
4.271725271485515840e-02
4.274695689382368435e-02
4.277556878628563375e-02
4.280309237199109162e-02
4.282953162914648892e-02
4.285489053579061292e-02
4.287917307107447229e-02
4.290238321644701536e-02
4.292452495675003199e-02
4.294560228122601409e-02
4.296561918444186112e-02
4.298457966713176148e-02
4.300248773696169202e-02
4.302900287302691140e-02
4.306220168469931942e-02
4.310044358019649025e-02
4.314232608251389323e-02
4.318664774765768044e-02
4.323237736141782861e-02
4.327862831541029465e-02
4.332463725311486158e-02
4.336974623596212552e-02
4.341338781222914278e-02
4.345507248146640578e-02
4.349437813790091312e-02
4.353094115093769645e-02
4.356444880217580362e-02
4.359463284861275767e-02
4.362126402286881088e-02
4.364414731496069066e-02
4.366311790770671664e-02
4.367803766041999936e-02
4.368879205400011401e-02
4.369528752565532415e-02
4.369744913387618723e-02
4.369521850443369715e-02
4.368855201650667652e-02
4.367741919488876690e-02
4.366180127984309323e-02
4.364168995080586200e-02
4.361708618395132575e-02
4.358799922677381034e-02
4.355444567544353163e-02
4.351644864283965575e-02
4.347403700694796314e-02
4.342724473079062619e-02
4.337611024628040823e-02
4.332067589543386887e-02
4.326098742322015411e-02
4.319709351705691702e-02
4.312904538856709991e-02
4.305689639372367594e-02
4.298070168795042889e-02
4.290051791311055851e-02
4.281640291364396944e-02
4.272841547938011075e-02
4.263661511279659422e-02
4.254106181869987680e-02
4.244181591448281665e-02
4.233893785928222186e-02
4.223248810049184954e-02
4.212252693621909572e-02
4.200911439239041201e-02
4.189231011329841436e-02
4.177217326449733648e-02
4.164876244702231389e-02
4.152213562198747709e-02
4.139235004469776769e-02
4.125946220746090631e-02
4.112352779035788330e-02
4.098460161927874879e-02
4.084273763058421380e-02
4.069798884180109155e-02
4.055040732780446078e-02
4.040004420197940149e-02
4.024694960189378889e-02
4.009117267905137894e-02
3.993276159232550526e-02
3.977176350470212896e-02
3.960822458299828597e-02
3.944219000023929667e-02
3.927370394040741175e-02
3.910280960529943783e-02
3.892954922325264633e-02
3.875396405950626288e-02
3.857609442801113175e-02
3.839597970448549447e-02
3.821365834055523436e-02
3.802916787882137939e-02
3.784254496871053419e-02
3.765382538298478465e-02
3.746304403478672995e-02
3.727023499512061022e-02
3.707543151066916565e-02
3.687866602186096188e-02
3.667997018110868979e-02
3.647937487115093802e-02
3.627691022343348948e-02
3.607260563647018969e-02
3.586648979413897820e-02
3.565859068386556530e-02
3.544893561465656262e-02
3.523755123494343167e-02
3.502446355021326951e-02
3.480969794039712184e-02
3.459356243446620738e-02
3.437607029777955958e-02
3.415723463595732312e-02
3.393706839789700780e-02
3.371558437868360514e-02
3.349279522240200535e-02
3.326871342485171468e-02
3.304335133617408715e-02
3.281672116339384715e-02
3.258883497287889952e-02
3.235970469272553274e-02
3.212934211506679461e-02
3.189775889831514277e-02
3.166496656933581733e-02
3.143097652555892907e-02
3.119580003703159576e-02
3.095944824841101450e-02
3.072193218090557565e-02
3.048326273416179788e-02
3.024345068810196935e-02
3.000250670471471537e-02
2.976044132980160128e-02
2.951726499467621778e-02
2.927298801782640680e-02
2.902762060653385490e-02
2.878117285845638307e-02
2.853365476317382132e-02
2.828507620369968834e-02
2.803544695795689989e-02
2.778477670022372337e-02
2.753307500254731366e-02
2.728035133612838337e-02
2.702661507267656305e-02
2.677187548573822795e-02
2.651614175199812351e-02
2.625942295255390135e-02
2.600172807416889498e-02
2.574306601049780596e-02
2.548344556329151800e-02
2.522287544357793010e-02
2.496136427282413806e-02
2.469892058407419100e-02
2.443555282306864029e-02
2.417126934934454852e-02
2.390607843731684667e-02
2.363998827733926333e-02
2.337300697675059880e-02
2.310514256090057117e-02
2.283640297416100751e-02
2.256679608091882727e-02
2.229632966655614723e-02
2.202501143841084641e-02
2.175284902672558474e-02
2.147984998557950220e-02
2.120602179380748353e-02
2.093137185590432381e-02
2.065590750291512734e-02
2.037963599331282794e-02
2.010256451386460697e-02
1.982470018048099192e-02
1.954605003905607319e-02
1.926662106629484228e-02
1.898642017052942776e-02
1.870545419252112040e-02
1.842372990625218421e-02
1.814125401970834162e-02
1.785803317564793602e-02
1.757407395236132430e-02
1.728938286441961125e-02
1.700396636341316992e-02
1.671783083867950381e-02
1.643098261802133919e-02
1.614342796841494732e-02
1.585517309671091724e-02
1.556622415032027362e-02
1.527658721789793006e-02
1.498626833001104330e-02
1.469527345980203847e-02
1.440360852364275246e-02
1.411127938177791918e-02
1.381829183896066127e-02
1.352465164508176443e-02
1.323036449578740559e-02
1.293543603309155188e-02
1.263987184597858970e-02
1.234367747099884838e-02
1.204685839285524196e-02
1.174942004498547021e-02
1.145136781013178506e-02
1.115270702090676025e-02
1.085344296035239964e-02
1.055358086248858740e-02
1.025312591285754138e-02
9.952083249060272863e-03
9.650457961285052733e-03
9.348255092830548563e-03
9.045479640622300366e-03
8.742136555722090918e-03
8.438230743829322478e-03
8.133767065779284877e-03
7.828750338031653655e-03
7.523185333154991383e-03
7.217076780305031747e-03
6.910429365694970016e-03
6.603247733062200808e-03
6.295536484127506327e-03
5.987300179048915538e-03
5.678543336869790181e-03
5.369270435961581711e-03
5.059485914459038725e-03
4.749194170694970296e-03
4.438399563622574817e-03
4.127106413238657012e-03
3.815319000996630905e-03
3.503041570217746425e-03
3.190278326495210592e-03
2.877033438095644158e-03
2.563311036350768291e-03
2.249115216049979438e-03
1.934450035825818759e-03
1.619319518529671598e-03
1.303727651611907845e-03
9.876783874895878057e-04
6.711756439132798846e-04
3.542233043285492045e-04
3.682521823389350857e-05
2.810147984684263633e-04
5.992929631233323562e-04
9.180055259800923295e-04
1.237148769851259544e-03
1.556719009777829399e-03
1.876712592699725235e-03
2.197125897127172323e-03
2.517955332817400915e-03
2.839197340455790197e-03
3.160848391342341301e-03
3.482904987079038506e-03
3.805363659263427678e-03
4.128220969182194722e-03
4.451473507514513983e-03
4.775117894036284838e-03
5.099150777324368278e-03
5.423568834470593458e-03
5.748368770792211535e-03
6.073547319556560353e-03
6.399101241696847353e-03
6.725027325537702438e-03
7.051322386526059915e-03
7.377983266961152253e-03
7.705006835728056558e-03
8.032389988038346473e-03
8.360129645168967727e-03
8.688222754206442744e-03
9.016666287796404333e-03
9.345457243890464838e-03
9.674592645503743427e-03
1.000406954046795249e-02
1.033388500119158948e-02
1.066403612442190507e-02
1.099452003101131226e-02
1.132533386568379541e-02
1.165647479680487208e-02
1.198794001615688387e-02
1.231972673871073454e-02
1.265183220241095086e-02
1.298425366795186164e-02
1.331698841856177040e-02
1.365003375979156885e-02
1.398338701930157413e-02
1.431704554665458318e-02
1.465100671310715086e-02
1.498526791140708525e-02
1.531982655559449569e-02
1.565468008079751172e-02
1.598982594304043658e-02
1.632526161904479522e-02
1.666098460604104048e-02
1.699699242157581835e-02
1.733328260332367421e-02
1.766985270890586435e-02
1.800670031570117402e-02
1.834382302066739356e-02
1.868121844016013000e-02
1.901888420975872407e-02
1.935681798408683818e-02
1.969501743664281435e-02
2.003348025962470302e-02
2.037220416376328558e-02
2.071118687815420856e-02
2.105042615009189433e-02
2.138991974490433989e-02
2.172966544579413295e-02
2.206966105367591524e-02
2.240990438701917498e-02
2.275039328169015107e-02
2.309112559079906646e-02
2.343209918454558505e-02
2.377331195006782139e-02
2.411476179129135033e-02
2.445644662878265763e-02
2.479836439960081407e-02
2.514051305715536699e-02
2.548289057105890265e-02
2.582549492698937854e-02
2.616832412654801487e-02
2.651137618711896238e-02
2.685464914173429918e-02
2.719814103893813950e-02
2.754184994265074238e-02
2.788577393203617305e-02
2.822991110137174076e-02
2.857425955991832467e-02
2.891881743178892350e-02
2.926358285582431051e-02
2.960855398546513584e-02
2.995372898862846966e-02
3.029910604758256909e-02
3.064468335882875039e-02
3.099045913297615584e-02
3.133643159462451422e-02
3.168259898224601301e-02
3.202895954806628254e-02
3.237551155795159730e-02
3.272225329129252458e-02
1.771466858071102379e-01
3.912774976113215786e-01
6.104211322529451422e-01
8.354457573182223484e-01
1.067378814873189086e+00
1.307464735407231071e+00
1.557246137017288756e+00
1.818679813039337123e+00
2.094301489151663809e+00
2.387444769616404727e+00
2.702446149701716038e+00
3.044351649648074254e+00
3.415418406073089663e+00
3.796346892618013946e+00
4.104926276855675127e+00
3.891625886578021110e+00
3.780943227445185073e+00
3.661534129063453769e+00
3.522465689526780963e+00
3.360183353627717917e+00
3.172757533226382431e+00
2.958822985229642377e+00
2.717480902876876048e+00
2.448720009111831963e+00
2.154176973540808060e+00
1.837923232936427897e+00
1.506785095245597894e+00
1.169745638066519433e+00
8.364437640214257286e-01
5.154221733395392135e-01
2.129448610805759756e-01
6.727523023136594560e-02
3.236744108100308992e-01
5.561894611031616975e-01
7.656586597706844799e-01
9.533827140191801774e-01
1.120843921280222588e+00
1.269543684133089378e+00
1.400917371265617106e+00
1.516295775661645528e+00
1.616893004184155380e+00
1.703808497976874392e+00
1.778036017099766219e+00
1.840475558027996783e+00
1.891946012859722970e+00
1.933197429316184213e+00
1.964922314929858693e+00
1.987765744257179001e+00
2.002334191103060768e+00
2.009203086659982596e+00
2.008923138671321773e+00
2.002025459169710864e+00
1.989025552305541567e+00
1.970426216834530564e+00
1.946719423998281684e+00
1.918387242471247589e+00
1.885901897722725096e+00
1.849725072228253886e+00
1.810306573199564006e+00
1.768082513068618411e+00
1.723473161925809904e+00
1.676880637897705029e+00
1.628686599273847513e+00
1.579250090390876160e+00
1.528905672444483166e+00
1.477961942281383223e+00
1.426700509455584687e+00
1.375375467491454451e+00
1.324213362423298790e+00
1.273413632864994760e+00
1.223149472939891069e+00
1.173569053325552503e+00
1.124797026541909162e+00
1.076936239835442066e+00
1.030069581504941212e+00
9.842618929482540580e-01
9.395618877182325690e-01
8.960040292118609528e-01
8.536103292467229764e-01
8.123920399276371995e-01
7.723512203533875464e-01
7.334821675647527073e-01
6.957727075781452442e-01
6.592053474049963668e-01
6.237582927349007988e-01
5.894063386201846555e-01
5.561216422220836009e-01
5.238743876457938597e-01
4.926333532725521991e-01
4.623663919406748590e-01
4.330408339602875856e-01
4.046238223710254545e-01
3.770825891493450044e-01
3.503846803041748004e-01
3.244981370121555742e-01
2.993916391691504586e-01
2.750346169950210751e-01
2.513973356376819623e-01
2.284509570878787699e-01
2.061675831413163351e-01
1.845202826297205334e-01
1.634831056852164011e-01
1.430310873996303300e-01
1.231402428878425326e-01
1.037875554575373727e-01
8.495095932208673872e-02
6.660931806423509016e-02
4.874239986156858606e-02
3.133085031636362316e-02
1.435616358880054122e-02
2.199347589643352308e-03
1.835258254939375888e-02
3.411968357696881782e-02
4.951606675844200112e-02
6.455645252259767375e-02
7.925489568630528225e-02
9.362481484820595057e-02
1.076790210130775804e-01
1.214297453593955467e-01
1.348886660875008303e-01
1.480669343062910315e-01
1.609751989331380528e-01
1.736236305953751113e-01
1.860219445327331300e-01
1.981794225089208439e-01
2.101049337475151546e-01
2.218069549127870133e-01
2.332935891602341272e-01
2.445725842847190634e-01
2.556513499963335434e-01
2.665369743556258442e-01
2.772362394007634734e-01
2.877556359996518154e-01
2.981013779600889535e-01
3.082794154308050594e-01
3.182954476257418008e-01
3.281549349032406582e-01
3.378631102310167833e-01
3.474249900668251456e-01
3.568453846837380539e-01
3.661289079678953229e-01
3.752799867154603675e-01
3.843028694544496915e-01
3.932016348159361740e-01
4.019801994780660692e-01
4.106423257051954323e-01
4.191916285034142930e-01
4.276315824126788456e-01
4.359655279547416384e-01
4.441966777551273893e-01
4.523281223564437070e-01
4.603628357394162762e-01
4.683036805671880742e-01
4.761534131675757564e-01
4.839146882672205052e-01
4.915900634907890421e-01
4.991820036376966030e-01
5.066928847481202425e-01
5.141249979694615391e-01
5.214805532337649652e-01
5.287616827560723820e-01
5.359704443630999293e-01
5.431088246611448511e-01
5.501787420516111027e-01
5.571820496021091529e-01
5.641205377806217669e-01
5.709959370598367556e-01
5.778099203983435572e-01
5.845641056050414619e-01
5.912600575927324797e-01
5.978992905265769764e-01
6.044832698727562459e-01
6.110134143524055261e-01
6.174910978056074029e-01
6.239176509699806417e-01
6.302943631781303679e-01
6.366224839780345590e-01
6.429032246801886785e-01
6.491377598351402156e-01
6.553272286448619255e-01
6.614727363112011815e-01
6.675753553244963001e-01
6.736361266952846094e-01
6.796560611318529510e-01
6.856361401662649513e-01
6.915773172313386397e-01
6.974805186909378563e-01
7.033466448258014481e-01
7.091765707770276705e-01
7.149711474492308483e-01
7.207312023752656671e-01
7.264575405443292055e-01
7.321509451951584424e-01
7.378121785759494955e-01
7.434419826725493508e-01
7.490410799063837999e-01
7.546101738035186912e-01
7.601499496361840968e-01
7.656610750380137276e-01
7.711442005942048539e-01
7.765999604077302720e-01
7.820289726426929988e-01
7.874318400458450995e-01
7.928091504472529749e-01
7.981614772410479119e-01
8.034893798471349768e-01
8.087934041547173436e-01
8.140740829484354180e-01
8.193319363178801495e-01
8.245674720512248257e-01
8.297811860136494744e-01
8.349735625112364445e-01
8.401450746409588888e-01
8.452961846273634450e-01
8.504273441465288741e-01
8.555389946378291199e-01
8.606315676040425799e-01
8.657054849002854269e-01
8.707611590122592560e-01
8.757989933242500413e-01
8.808193823773242670e-01
8.858227121181210251e-01
8.908093601386442018e-01
8.957796959074224574e-01
9.007340809923976011e-01
9.056728692758868604e-01
9.105964071619405686e-01
9.155050337764123469e-01
9.203990811600375466e-01
9.252788744548032795e-01
9.301447320838907018e-01
9.349969659254373511e-01
9.398358814803815520e-01
9.446617780346198145e-01
9.494749488157028239e-01
9.542756811442982823e-01
9.590642565806133391e-01
9.638409510659924351e-01
9.686060350598681978e-01
9.733597736722563454e-01
9.781024267919660176e-01
9.828342492106880712e-01
9.875554907431318696e-01
9.922663963433553391e-01
9.969672062174383953e-01
1.001658155932635630e+00
1.006339476523151255e+00
1.011011394592659762e+00
1.015674132413692199e+00
1.020327908024015073e+00
1.024972935320110246e+00
1.029609424147859720e+00
1.034237580390549915e+00
1.038857606054290450e+00
1.043469699350936253e+00
1.048074054778616038e+00
1.052670863199946183e+00
1.057260311918021500e+00
1.061842584750255725e+00
1.066417862100158764e+00
1.070986321027113775e+00
1.075548135314235765e+00
1.080103475534375690e+00
1.084652509114333974e+00
1.089195400397350078e+00
1.093732310703924959e+00
1.098263398391039480e+00
1.102788818909818502e+00
1.107308724861700178e+00
1.111823266053154846e+00
1.116332589549010379e+00
1.120836839724426603e+00
1.125336158315565882e+00
1.129830684469001589e+00
1.134320554789909785e+00
1.138805903389084939e+00
1.143286861928809905e+00
1.147763559667628996e+00
1.152236123504055243e+00
1.156704678019243815e+00
1.161169345518665352e+00
1.165630246072817400e+00
1.170087497556991707e+00
1.174541215690146245e+00
1.178991514072889046e+00
1.183438504224610277e+00
1.187882295619800743e+00
1.192322995723558599e+00
1.196760710026325114e+00
1.201195542077869938e+00
1.205627593520545382e+00
1.210056964121830170e+00
1.214483751806191947e+00
1.218908052686280108e+00
1.223329961093467588e+00
1.227749569607768265e+00
1.232166969087141517e+00
1.236582248696206143e+00
1.240995495934371640e+00
1.245406796663413473e+00
1.249816235134500353e+00
1.254223894014693919e+00
1.258629854412927962e+00
1.263034195905491153e+00
1.267436996561015938e+00
1.271838332964996710e+00
1.276238280243841672e+00
1.280636912088473522e+00
1.285034300777491367e+00
1.289430517199905424e+00
1.293825630877455168e+00
1.298219709986516257e+00
1.302612821379616648e+00
1.307005030606562812e+00
1.311396401935187583e+00
1.315786998371732963e+00
1.320176881680870551e+00
1.324566112405373808e+00
1.328954749885446596e+00
1.333342852277718649e+00
1.337730476573910643e+00
1.342117678619185739e+00
1.346504513130184044e+00
1.350891033712757761e+00
1.355277292879403461e+00
1.359663342066404823e+00
1.364049231650691141e+00
1.368435010966416954e+00
1.372820728321269002e+00
1.377206431012505838e+00
1.381592165342735434e+00
1.385977976635439646e+00
1.390363909250248220e+00
1.394750006597964109e+00
1.399136311155351642e+00
1.403522864479691101e+00
1.407909707223098827e+00
1.412296879146623496e+00
1.416684419134121242e+00
1.421072365205914068e+00
1.425460754532233310e+00
1.429849623446458828e+00
1.434239007458147697e+00
1.438628941265866601e+00
1.443019458769826180e+00
1.447410593084319963e+00
1.451802376549978568e+00
1.456194840745832941e+00
1.460588016501194630e+00
1.464981933907361089e+00
1.469376622329141568e+00
1.473772110416209813e+00
1.478168426114288003e+00
1.482565596676162833e+00
1.486963648672538163e+00
1.491362608002726020e+00
1.495762499905178622e+00
1.500163348967866739e+00
1.504565179138504405e+00
1.508968013734620861e+00
1.513371875453487725e+00
1.517776786381896059e+00
1.522182768005795772e+00
1.526589841219795574e+00
1.530998026336513718e+00
1.535407343095807953e+00
1.539817810673858922e+00
1.544229447692127444e+00
1.548642272226182115e+00
1.553056301814399909e+00
1.557471553466537983e+00
1.561888043672184700e+00
1.566305788409089850e+00
1.570724803151372306e+00
1.575145102877611336e+00
1.579566702078824214e+00
1.583989614766323939e+00
1.588413854479471254e+00
1.592839434293309431e+00
1.597266366826096906e+00
1.601694664246726241e+00
1.606124338282040931e+00
1.610555400224045641e+00
1.614987860937016961e+00
1.619421730864511133e+00
1.623857020036272303e+00
1.628293738075041297e+00
1.632731894203271139e+00
1.637171497249744867e+00
1.641612555656100092e+00
1.646055077483257634e+00
1.650499070417768444e+00
1.654944541778060163e+00
1.659391498520601971e+00
1.663839947245977946e+00
1.668289894204876944e+00
1.672741345303998095e+00
1.677194306111871036e+00
1.681648781864595321e+00
1.686104777471496341e+00
1.690562297520704860e+00
1.695021346284653063e+00
1.699481927725496888e+00
1.703944045500461968e+00
1.708407702967106090e+00
1.712872903188521256e+00
1.717339648938448704e+00
1.721807942706327310e+00
1.726277786702270944e+00
1.730749182861975655e+00
1.735222132851554910e+00
1.739696638072307344e+00
1.744172699665418769e+00
1.748650318516593138e+00
1.753129495260624005e+00
1.757610230285896691e+00
1.762092523738825633e+00
1.766576375528232212e+00
1.771061785329662186e+00
1.775548752589631185e+00
1.780037276529824020e+00
1.784527356151222932e+00
1.789018990238185225e+00
1.793512177362453386e+00
1.798006915887119916e+00
1.802503203970526435e+00
1.807001039570108603e+00
1.811500420446189530e+00
1.816001344165718123e+00
1.820503808105950583e+00
1.825007809458081276e+00
1.829513345230823873e+00
1.834020412253935639e+00
1.838529007181699981e+00
1.843039126496347713e+00
1.847550766511438347e+00
1.852063923375188992e+00
1.856578593073753503e+00
1.861094771434459005e+00
1.865612454128991793e+00
1.870131636676540587e+00
1.874652314446889179e+00
1.879174482663469981e+00
1.883698136406370516e+00
1.888223270615295490e+00
1.892749880092489789e+00
1.897277959505612621e+00
1.901807503390576137e+00
1.906338506154339640e+00
1.910870962077663826e+00
1.915404865317821503e+00
1.919940209911276341e+00
1.924476989776313651e+00
1.929015198715639201e+00
1.933554830418937165e+00
1.938095878465389887e+00
1.942638336326160342e+00
1.947182197366842615e+00
1.951727454849869758e+00
1.956274101936889664e+00
1.960822131691104531e+00
1.965371537079580122e+00
1.969922310975512403e+00
1.974474446160467522e+00
1.979027935326585386e+00
1.983582771078751250e+00
1.988138945936736235e+00
1.992696452337302304e+00
1.997255282636277940e+00
2.001815429110603617e+00
2.006376883960347968e+00
2.010939639310684868e+00
2.015503687213853645e+00
2.020069019651081099e+00
2.024635628534473319e+00
2.029203505708887967e+00
2.033772642953767473e+00
2.038343031984951814e+00
2.042914664456461971e+00
2.047487531962251417e+00
2.052061626037939845e+00
2.056636938162513140e+00
2.061213459759997590e+00
2.065791182201114573e+00
2.070365971359350965e+00
2.074941964282313478e+00
2.079519152106640512e+00
2.084097525922586236e+00
2.088677076775545594e+00
2.093257795667543775e+00
2.097839673558712370e+00
2.102422701368739766e+00
2.107006869978295782e+00
2.111592170230439436e+00
