0.000000000000000000e+00
2.853098898260297833e-04
5.501703873474830808e-04
7.977564158667196925e-04
1.030582465965983185e-03
1.250669107214802400e-03
1.459661337701478878e-03
1.658914287555837697e-03
1.849556330283955163e-03
2.032536265602333247e-03
2.208659081403677171e-03
2.378613400768850306e-03
2.542992790286982552e-03
2.702312478084362146e-03
2.857022598823172332e-03
3.007518782329451912e-03
3.154150689960444343e-03
3.297228950564723426e-03
3.437030837502852432e-03
3.573804947264919152e-03
3.707775080260100609e-03
3.839143479496320843e-03
3.968093548997936315e-03
4.094792148017750710e-03
4.219391537298167183e-03
4.342031038318178160e-03
4.462838454526663057e-03
4.581931294199509397e-03
4.699417827163210326e-03
4.815398001754067625e-03
4.929964243687801062e-03
5.043202154741688314e-03
5.155191126104491373e-03
5.266004878774876996e-03
5.375711941369709645e-03
5.484376074048558092e-03
5.592056645899790013e-03
5.698808972003421847e-03
5.804684615454080987e-03
5.909731658844230573e-03
6.013994949057854811e-03
6.117516318674354192e-03
6.220334786821823947e-03
6.322486741928257103e-03
6.424006108486368660e-03
6.524924499667184019e-03
6.625271357375783765e-03
6.725074081136428461e-03
6.824358147017761667e-03
6.923147217655911678e-03
7.021463244301973106e-03
7.119326561707051138e-03
7.216755976558575369e-03
7.313768850097379648e-03
7.410381175468994108e-03
7.506607650299090828e-03
7.602461744925348430e-03
7.697955766668762578e-03
7.793100920484297145e-03
7.887907366292523648e-03
7.982384273260312302e-03
8.076539871269383664e-03
8.170381499786993906e-03
8.263915654327880222e-03
8.357148030679328876e-03
8.450083567041799526e-03
8.542726484223550631e-03
8.635080324012778252e-03
8.727147985839345257e-03
8.818931761829074123e-03
8.910433370340364867e-03
9.001653988070512646e-03
9.092594280805332829e-03
9.183254432885479268e-03
9.273634175451239692e-03
9.363732813528868881e-03
9.453549252010806647e-03
9.543082020583515401e-03
9.632329297648900557e-03
9.721288933285165967e-03
9.809958471288626747e-03
9.898335170335892386e-03
9.986416024302835481e-03
1.007419778177631731e-02
1.016167696479042259e-02
1.024884988681917797e-02
1.033571267005517491e-02
1.042226126200207492e-02
1.050849145140786423e-02
1.059439888356317194e-02
1.067997907499118604e-02
1.076522742754815187e-02
1.085013924196065460e-02
1.093470973081667186e-02
1.101893403103249014e-02
1.110280721581280439e-02
1.118632430612231943e-02
1.126948028168606175e-02
1.135227009153394473e-02
1.143468866410479734e-02
1.151673091692451134e-02
1.159839176587218468e-02
1.167966613404669562e-02
1.176054896024669727e-02
1.184103520707502355e-02
1.192111986867994133e-02
1.200079797814179727e-02
1.208006461451638369e-02
1.215891490954490450e-02
1.223734405403820169e-02
1.231534730394523436e-02
1.239291998611302681e-02
1.247005750374652333e-02
1.254675534157589922e-02
1.262300907073832246e-02
1.269881435338093834e-02
1.277416694699251565e-02
1.284906270846952747e-02
1.292349759792310593e-02
1.299746768223397630e-02
1.307096913835903429e-02
1.314399825639855912e-02
1.321655144242694924e-02
1.328862522109430788e-02
1.336021623800420777e-02
1.343132126187218667e-02
1.350193718647196839e-02
1.357206103237384998e-02
1.364168994848025118e-02
1.371082121336497650e-02
1.377945223642096373e-02
1.384758055882107097e-02
1.391520385429911855e-02
1.398231992975429439e-02
1.404892672568613943e-02
1.411502231646455385e-02
1.418060491043937610e-02
1.424567284989708416e-02
1.431022461086783881e-02
1.437425880278897505e-02
1.443777416803004865e-02
1.450076958128643234e-02
1.456324404884257184e-02
1.462519670771555980e-02
1.468662682467969383e-02
1.474753379518034535e-02
1.480791714214002575e-02
1.486777651466364425e-02
1.492711168664784260e-02
1.498592255529662687e-02
1.504420913955351047e-02
1.510197157844972438e-02
1.515921012937715417e-02
1.521592516628955671e-02
1.527211717783583111e-02
1.532778676543133933e-02
1.538293464127105104e-02
1.543756162628961981e-02
1.549166864807305366e-02
1.554525673872397817e-02
1.559832703268781984e-02
1.565088076454168586e-02
1.570291926675126959e-02
1.575444396739933417e-02
1.580545638788843910e-02
1.585595814062279452e-02
1.590595092667301813e-02
1.595543653342645918e-02
1.600441683222575406e-02
1.605289377600049860e-02
1.610086939689336916e-02
1.614834580388557761e-02
1.619532518042232638e-02
1.624180978204270431e-02
1.628780193401579979e-02
1.633330402898458544e-02
1.637831852462312554e-02
1.642284794130510761e-02
1.646689485978969358e-02
1.651046191892269199e-02
1.655355181336015669e-02
1.659616729130997115e-02
1.663831115230007818e-02
1.667998624496735971e-02
1.672119546487604858e-02
1.676194175236078721e-02
1.680222809040032850e-02
1.684205750252032452e-02
1.688143305072653533e-02
1.692035783347201061e-02
1.695883498365446940e-02
1.699686766664965099e-02
1.703445907837841666e-02
1.707161244340893447e-02
1.710833101309439108e-02
1.714461806374778519e-02
1.718047689485269203e-02
1.721591082731221967e-02
1.725092320173415850e-02
1.728551737675454447e-02
1.731931872152858709e-02
1.735215400290202048e-02
1.738388746683994235e-02
1.741441257379716667e-02
1.744364577503709768e-02
1.747152180691724510e-02
1.749799011541641747e-02
1.752301212317464163e-02
1.754655912532454565e-02
1.756861065521841958e-02
1.758915320184262221e-02
1.760817919093260464e-02
1.762568616428894508e-02
1.764167610853983881e-02
1.765615489708216579e-02
1.766913181824780743e-02
1.768061916969210223e-02
1.769063190418274090e-02
1.769918731583364213e-02
1.770630475870427212e-02
1.771200539181294609e-02
1.771631194619582850e-02
1.771924851080197705e-02
1.772084033486209798e-02
1.772111364498907271e-02
1.772009547570130295e-02
1.771781351238366220e-02
1.771429594590867573e-02
1.770957133829065278e-02
1.770366849884985605e-02
1.769661637041086699e-02
1.768844392511148556e-02
1.767918006940583098e-02
1.766885355786018685e-02
1.765749291533968979e-02
1.764512636718174043e-02
1.763178177695112758e-02
1.761748659136586070e-02
1.760226779198603708e-02
1.758615185325362873e-02
1.756916470647418294e-02
1.755133170934142228e-02
1.753267762060550794e-02
1.751322657949971884e-02
1.749300208955006930e-02
1.747202700640326789e-02
1.745032352932551767e-02
1.742791319603687050e-02
1.740481688056338960e-02
1.738105479380513962e-02
1.735664648653556519e-02
1.733161085456424999e-02
1.730596614581170201e-02
1.727972996906435021e-02
1.725291930418970665e-02
1.722555051361251977e-02
1.719763935486517958e-02
1.716920099404384281e-02
1.714025002001062781e-02
1.711080045920465587e-02
1.708086579092649160e-02
1.705045896298518215e-02
1.701959240759687297e-02
1.698827805744462793e-02
1.695652736181174625e-02
1.692435130271530141e-02
1.689176041097240066e-02
1.685876478214143326e-02
1.682537409228568315e-02
1.679159761351667335e-02
1.675744422927927246e-02
1.672292244934303618e-02
1.668804042447735725e-02
1.665280596078311248e-02
1.661722653366615177e-02
1.658130930143464354e-02
1.654506111851228312e-02
1.650848854825603951e-02
1.647159787537733067e-02
1.643439511795752317e-02
1.639688603906308551e-02
1.635907615795684222e-02
1.632097076091021393e-02
1.628257491162043991e-02
1.624389346123633615e-02
1.620493105800102640e-02
1.616569215651697533e-02
1.612618102664287179e-02
1.608640176203035566e-02
1.604635828830769384e-02
1.600605437092372796e-02
1.596549362265919925e-02
1.592481773388820798e-02
1.588402422947066128e-02
1.584311077448141702e-02
1.580207516750320451e-02
1.576091533426460245e-02
1.571962932159731707e-02
1.567821529169899364e-02
1.563667151668157729e-02
1.559499637338834788e-02
1.555318833846719428e-02
1.551124598368769369e-02
1.546916797148023548e-02
1.542695305069674561e-02
1.538460005257169527e-02
1.534210788687673244e-02
1.529947553826005446e-02
1.525670206275631102e-02
1.521378658446304044e-02
1.517072829237164910e-02
1.512752643734627256e-02
1.508418032924341290e-02
1.504068933416435883e-02
1.499705287183372704e-02
1.495327041309923999e-02
1.490934147754474637e-02
1.486526563121071121e-02
1.482104248442217553e-02
1.477667168970819844e-02
1.473215293982388374e-02
1.468748596585101041e-02
1.464267053539280994e-02
1.459770645084423890e-02
1.455259354773907887e-02
1.450733169317475202e-02
1.446192078430241779e-02
1.441636074688501523e-02
1.437065153392103056e-02
1.432479312432732854e-02
1.427878552167882731e-02
1.423262875300634889e-02
1.418632286764509587e-02
1.413986793613419835e-02
1.409326404916422248e-02
1.404651131657175256e-02
1.399960986637749372e-02
1.395255984386434278e-02
1.390536141069942389e-02
1.385801474409209533e-02
1.381052003598881583e-02
1.376287749230531432e-02
1.371508733218762544e-02
1.366714978731131680e-02
1.361906510120780567e-02
1.357083352861909731e-02
1.352245533488627416e-02
1.347393079535752491e-02
1.342526019482770394e-02
1.337644382700053924e-02
1.332748199397437716e-02
1.327837500575101970e-02
1.322912317976632224e-02
1.317972684044077525e-02
1.313018631875184639e-02
1.308050195182453024e-02
1.303067408253699710e-02
1.298070305915111078e-02
1.293058923495182810e-02
1.288033296790791482e-02
1.282993462034642818e-02
1.277939455864052221e-02
1.272871315291457250e-02
1.267789077675995912e-02
1.262692780696594852e-02
1.257582462326078954e-02
1.252458160806702026e-02
1.247319914626654480e-02
1.242167762497814465e-02
1.237001743334520398e-02
1.231821896233098457e-02
1.226628260452766739e-02
1.221420875397161154e-02
1.216199780596793900e-02
1.210965015692577751e-02
1.205716620419838847e-02
1.200454634593395298e-02
1.195179098093213099e-02
1.189890050850728187e-02
1.184587532836056667e-02
1.179271584045782362e-02
1.173942244491277265e-02
1.168599554187732537e-02
1.163243553143722409e-02
1.157874281351300993e-02
1.152491778776765230e-02
1.147096085351595462e-02
1.141687240964461836e-02
1.136265285452919827e-02
1.130830258596304816e-02
1.125382200108626662e-02
1.119921149631819546e-02
1.114447146729746763e-02
1.108960230882205522e-02
1.103460441479509058e-02
1.097947817817379601e-02
1.092422399092063401e-02
1.086884224395801013e-02
1.081333332712741679e-02
1.075769762914990935e-02
1.070193553758880256e-02
1.064604743881725213e-02
1.059003371798539206e-02
1.053389475899191297e-02
1.047763094445874898e-02
1.042124265570443242e-02
1.036473027272277747e-02
1.030809417416245211e-02
1.025133473730832634e-02
1.019445233806459683e-02
1.013744735093924376e-02
1.008032014903070817e-02
1.002307110401723378e-02
9.965700586144876638e-03
9.908208964219955561e-03
9.850596605599282185e-03
9.792863876185720073e-03
9.735011140422855647e-03
9.677038761289669111e-03
9.618947100298758102e-03
9.560736517494117237e-03
9.502407371449805851e-03
9.443960019270392081e-03
9.385394816592285139e-03
9.326712117584623485e-03
9.267912274951495277e-03
9.208995639937267441e-03
9.149962562327917936e-03
9.090813390458141185e-03
9.031548471214012608e-03
8.972168150041870405e-03
8.912672770951868273e-03
8.853062676527301278e-03
8.793338207930379014e-03
8.733499704911107386e-03
8.673547505814838132e-03
8.613481947592482868e-03
8.553303365807618519e-03
8.493012094648033639e-03
8.432608466933722013e-03
8.372092814128428984e-03
8.311465466349421405e-03
8.250726752378589879e-03
8.189876999672218716e-03
8.128916534373864522e-03
8.067845681323682072e-03
8.006664764072635165e-03
7.945374104890490230e-03
7.883974024781359446e-03
7.822464843493914799e-03
7.760846879533378484e-03
7.699120450173957408e-03
7.637285871471721777e-03
7.575343458275707320e-03
7.513293524241682064e-03
7.451136381843692646e-03
7.388872342387831083e-03
7.326501716023781086e-03
7.264024811757252564e-03
7.201441937463748388e-03
7.138753399899666618e-03
7.075959504716955450e-03
7.013060556473327267e-03
6.950056858647801761e-03
6.886948713650031806e-03
6.823736422834958404e-03
6.760420286515689270e-03
6.697000603974156974e-03
6.633477673474441616e-03
6.569851792276093505e-03
6.506123256645235386e-03
6.442292361866108763e-03
6.378359402255728838e-03
6.314324671173654480e-03
6.250188461035310894e-03
6.185951063323091859e-03
6.121612768598350129e-03
6.057173866513831939e-03
5.992634645824779227e-03
5.927995394400031870e-03
5.863256399234906269e-03
5.798417946461409400e-03
5.733480321359341048e-03
5.668443808368284209e-03
5.603308691097819150e-03
5.538075252339069721e-03
5.472743774075361500e-03
5.407314537492435846e-03
5.341787822990440304e-03
5.276163910192366302e-03
5.210443077956483648e-03
5.144625604383890050e-03
5.078711766831833785e-03
5.012701841922151402e-03
4.946596105549705413e-03
4.880394832894818791e-03
4.814098298431268574e-03
4.747706775936499923e-03
4.681220538499619721e-03
4.614639858532942895e-03
4.547965007778653757e-03
4.481196257320352316e-03
4.414333877589715627e-03
4.347378138376711831e-03
4.280329308837149682e-03
4.213187657501560324e-03
4.145953452284523166e-03
4.078626960492215403e-03
4.011208448829517437e-03
3.943698183409782843e-03
3.876096429761943796e-03
3.808403452838060588e-03
3.740619517021315232e-03
3.672744886133560982e-03
3.604779823442427755e-03
3.536724591669315743e-03
3.468579452995168566e-03
3.400344669069355064e-03
3.332020501015886538e-03
3.263607209439189916e-03
3.195105054432101355e-03
3.126514295582527581e-03
3.057835191978774958e-03
2.989068002216654918e-03
2.920212984406145296e-03
2.851270396176275312e-03
2.782240494683119181e-03
2.713123536614236997e-03
2.643919778194003811e-03
2.574629475191159145e-03
2.505252882922803792e-03
2.435790256260172981e-03
2.366241849635297712e-03
2.296607917045001557e-03
2.226888712056229735e-03
2.157084487810934093e-03
2.087195497032290348e-03
2.017221992027806721e-03
1.947164224695985268e-03
1.877022446528986421e-03
1.806796908618846231e-03
1.736487861661917265e-03
1.666095555961533137e-03
1.595620241433781672e-03
1.525062167612833974e-03
1.454421583652276695e-03
1.383698738330441103e-03
1.312893880055288065e-03
1.242007256867072584e-03
1.171039116441896510e-03
1.099989706097037612e-03
1.028859272792281843e-03
9.576480631343642358e-04
8.863563233818538833e-04
8.149842994464862045e-04
7.435322368971597484e-04
6.720003809630448188e-04
6.003889765366920983e-04
5.286982681771412729e-04
4.569285001125855672e-04
3.850799162439244583e-04
3.131527601465400323e-04
2.411472750738496984e-04
1.690637039590825452e-04
9.690228941883205493e-05
2.466327375483245987e-05
4.765310104293263294e-05
1.200465932953420634e-04
1.925169616301403153e-04
2.650639649806052489e-04
3.376873625828835657e-04
4.103869139751026296e-04
4.831623789947059322e-04
5.560135177749003788e-04
6.289400907455444667e-04
7.019418586287073936e-04
7.750185824404454138e-04
8.481700234845845898e-04
9.213959433544971489e-04
9.946961039313251263e-04
1.068070267379539473e-03
1.141518196149604591e-03
1.215039652972649264e-03
1.288634400863131191e-03
1.362302203112619736e-03
1.436042823293348647e-03
1.509856025255551515e-03
1.583741573123020885e-03
1.657699231298437326e-03
1.731728764455375824e-03
1.805829937543634856e-03
1.880002515783907313e-03
1.954246264668668687e-03
2.028560949961288884e-03
2.102946337693367695e-03
2.177402194168287508e-03
2.251928285956772413e-03
2.326524379896000028e-03
2.401190243094042387e-03
2.475925642921872338e-03
2.550730347018692612e-03
2.625604123289271286e-03
2.700546739904829963e-03
2.775557965299491059e-03
2.850637568172942338e-03
2.925785317489548731e-03
3.001000982476575984e-03
3.076284332626855189e-03
3.151635137697006428e-03
3.227053167705662418e-03
3.302538192936133044e-03
3.378089983932852647e-03
3.453708311507597273e-03
3.529392946732379244e-03
3.605143660943888051e-03
3.680960225741713998e-03
3.756842412990124558e-03
3.832789994816288015e-03
3.908802743611161645e-03
3.984880432029491715e-03
4.061022832990701659e-03
4.137229719679780260e-03
4.213500865545505292e-03
4.289836044301331697e-03
4.366235029928056122e-03
4.442697596670264204e-03
4.519223519040771464e-03
4.595812571817958769e-03
4.672464530048436870e-03
4.749179169045270044e-03
4.825956264391528805e-03
4.902795591936737196e-03
4.979696927800425499e-03
5.056660048373018412e-03
5.133684730314946876e-03
5.210770750557536246e-03
5.287917886303894477e-03
5.365125915029800296e-03
5.442394614483703208e-03
5.519723762688499846e-03
5.597113137942422156e-03
5.674562518817261036e-03
5.752071684161919052e-03
5.829640413101522256e-03
5.907268485039196548e-03
5.984955679657844030e-03
6.062701776918366647e-03
6.140506557062330728e-03
6.218369800613743337e-03
6.296291288376387740e-03
6.374270801438264300e-03
6.452308121171590471e-03
6.530403029231912626e-03
6.608555307563435122e-03
6.686764738394579410e-03
6.765031104242424931e-03
6.843354187913597286e-03
6.921733772503380067e-03
7.000169641399267562e-03
7.078661578279188404e-03
7.157209367115058285e-03
7.235812792173668129e-03
7.314471638014019561e-03
7.393185689494430335e-03
7.471954731768981617e-03
7.550778550290182523e-03
7.629656930809858295e-03
7.708589659382703019e-03
7.787576522362726905e-03
7.866617306408585364e-03
7.945711798481802646e-03
8.024859785850324556e-03
8.104061056086742099e-03
8.183315397074508724e-03
8.262622597002611258e-03
8.341982444373563510e-03
8.421394727998965379e-03
8.500859237003055568e-03
8.580375760822711584e-03
8.659944089213666985e-03
8.739564012244294133e-03
8.819235320300933267e-03
8.898957804089668855e-03
8.978731254636329595e-03
9.058555463287376597e-03
9.138430221711679735e-03
9.218355321903182187e-03
9.298330556179124073e-03
9.378355717183595175e-03
9.458430597888423108e-03
9.538554991593173327e-03
9.618728691929590013e-03
9.698951492858931545e-03
9.779223188676411382e-03
9.859543574010309896e-03
9.939912443823750721e-03
1.002032959341647711e-02
1.010079481842751647e-02
1.018130791483340403e-02
1.026186867895084731e-02
1.034247690743939074e-02
1.042313239730052743e-02
1.050383494588125188e-02
1.058458435087228366e-02
1.066538041031250827e-02
1.074622292258897716e-02
1.082711168643779587e-02
1.090804650094501227e-02
1.098902716554928105e-02
1.107005348004275191e-02
1.115112524457284593e-02
1.123224225964047918e-02
1.131340432610539182e-02
1.139461124518525992e-02
1.147586281845835998e-02
1.155715884786179259e-02
1.163849913569769967e-02
1.171988348462882357e-02
1.180131169768383614e-02
1.188278357825911513e-02
1.196429893011519141e-02
1.204585755738207808e-02
1.212745926456104684e-02
1.220910385652285157e-02
1.229079113851039295e-02
1.237252091614227112e-02
1.245429299540834478e-02
1.253610718267683666e-02
1.261796328469255712e-02
1.269986110857956874e-02
1.278180046183852170e-02
1.286378115235464747e-02
1.294580298839154153e-02
1.302786577860004513e-02
1.310996933201113990e-02
1.319211345804482960e-02
1.327429796650569926e-02
1.335652266758646789e-02
1.343878737186976480e-02
1.352109189032812964e-02
1.360343603432578874e-02
1.368581961561865512e-02
1.376824244635699301e-02
1.385070433908630605e-02
1.393320510674644908e-02
1.401574456267606905e-02
1.409832252061082869e-02
1.418093879468607099e-02
1.426359319943770743e-02
1.434628554980310611e-02
1.442901566112109180e-02
1.451178334913461043e-02
1.459458842999250550e-02
1.467743072024774165e-02
1.476031003686184562e-02
1.484322619720135350e-02
1.492617901904402800e-02
1.500916832057708206e-02
1.509219392039806706e-02
1.194881292484204494e-01
1.191489422269143006e-01
1.188112199741402364e-01
1.184749551491943720e-01
1.181401404569593083e-01
1.178067686476778064e-01
1.174748325165309026e-01
1.171443249032186884e-01
1.168152386915508600e-01
1.164875668090417093e-01
1.161613022265068906e-01
1.158364379576717340e-01
1.155129670587786705e-01
1.151908826282035392e-01
1.148701778060736700e-01
1.145508457738975139e-01
1.142328797541871666e-01
1.139162730101013210e-01
1.136010188450775615e-01
1.132871106024815333e-01
1.129745416652507828e-01
1.126633054555528091e-01
1.123533954344377861e-01
1.120448051015037194e-01
1.117375279945607147e-01
1.114315576893014637e-01
1.111268877989761705e-01
1.108235119740692554e-01
1.105214239019849387e-01
1.102206173067301620e-01
1.099210859486072778e-01
1.096228236239067400e-01
1.093258241646060114e-01
1.090300814380711358e-01
1.087355893467600865e-01
1.084423418279341078e-01
1.081503328533699460e-01
1.078595564290729669e-01
1.075700065949982687e-01
1.072816774247753457e-01
1.069945630254309776e-01
1.067086575371192225e-01
1.064239551328558520e-01
1.061404500182518973e-01
1.058581364312516371e-01
1.055770086418785780e-01
1.052970609519778833e-01
1.050182876949632416e-01
1.047406832355699535e-01
1.044642419696071300e-01
1.041889583237161077e-01
1.039148267551279758e-01
1.036418417514282098e-01
1.033699978303195266e-01
1.030992895393918474e-01
1.028297114558904823e-01
1.025612581864905337e-01
1.022939243670730747e-01
1.020277046625004402e-01
1.017625937664021762e-01
1.014985864009529948e-01
1.012356773166587232e-01
1.009738612921502465e-01
1.007131331339667923e-01
1.004534876763516493e-01
1.001949197810487746e-01
9.993742433709584816e-02
9.968099626062887353e-02
9.942563049467967318e-02
9.917132200898226557e-02
9.891806579977746594e-02
9.866585688962281608e-02
9.841469032720073784e-02
9.816456118713290380e-02
9.791546456979194346e-02
9.766739560112025487e-02
9.742034943244703982e-02
9.717432124030978002e-02
9.692930622627304871e-02
9.668529961675709217e-02
9.644229666286019409e-02
9.620029264018814530e-02
9.595928284868282532e-02
9.571926261245522483e-02
9.548022727961669176e-02
9.524217222211373013e-02
9.500509283556368700e-02
9.476898453909843312e-02
9.453384277519738532e-02
9.429966300953118719e-02
9.406644073080716595e-02
9.383417145061123676e-02
9.360285070325691237e-02
9.337247404562898367e-02
9.314303705703697034e-02
9.291453533906590678e-02
9.268696451542535186e-02
9.246032023180550397e-02
9.223459815573420428e-02
9.200979397642949920e-02
9.178590340466197262e-02
9.156292217261174926e-02
9.134084603372993882e-02
9.111967076260274467e-02
9.089939215481113166e-02
9.068000602680026390e-02
9.046150821574450163e-02
9.024389457941239812e-02
9.002716099603880195e-02
8.981130336419340665e-02
8.959631760265107658e-02
8.938219965026839020e-02
8.916894546585307779e-02
8.895655102804145287e-02
8.874501233517229082e-02
8.853432540516781302e-02
8.832448627540756547e-02
8.811549100261384382e-02
8.790733566272557198e-02
8.770001635078550350e-02
8.749352918082120567e-02
8.728787028572781992e-02
8.708303581715615138e-02
8.687902194539631751e-02
8.667582485926494940e-02
8.647344076599328133e-02
8.627186589111968118e-02
8.607109647837507538e-02
8.587112878957636752e-02
8.567195910451896879e-02
8.547358372086755196e-02
8.527599895405391095e-02
8.507920113716860300e-02
8.488318662085880817e-02
8.468795177322352430e-02
8.449349297971231465e-02
8.429980664302405557e-02
8.410688918300568417e-02
8.391473703655272232e-02
8.372334665751157701e-02
8.353271451658006441e-02
8.334283710121059841e-02
8.315371091551515548e-02
8.296533248016935147e-02
8.277769833231474195e-02
8.259080502547089253e-02
8.240464912943590292e-02
8.221922723019936541e-02
8.203453592984732978e-02
8.185057184647437367e-02
8.166733161409123198e-02
8.148481188253686724e-02
8.130300931738876358e-02
8.112192059987588522e-02
8.094154242679341138e-02
8.076187151041214207e-02
8.058290457839678567e-02
8.040463837371891742e-02
8.022706965457349071e-02
8.005019519429357189e-02
7.987401178127040424e-02
7.969851621886814286e-02
7.952370532534303038e-02
7.934957593376523732e-02
7.917612489193448511e-02
7.900334906230188636e-02
7.883124532189089706e-02
7.865981056222004497e-02
7.848904168922210545e-02
7.831893562316860624e-02
7.814948929859433235e-02
7.798069966421916632e-02
7.781256368287259306e-02
7.764507833142175741e-02
7.747824060069241625e-02
7.731204749539966059e-02
7.714649603406975586e-02
7.698158324897352855e-02
7.681730618604909466e-02
7.665366190483258180e-02
