1.080380175781250000e+04
1.079780175781250000e+04
1.079180183725436291e+04
1.078579893993838232e+04
1.077950097656250000e+04
1.077350097656250000e+04
1.076749371972250992e+04
1.076150079047743020e+04
1.075520214843750000e+04
1.074920214843750000e+04
1.074320244035381802e+04
1.073718180619720442e+04
1.073120117187500000e+04
1.072520117187500000e+04
1.071920592735321225e+04
1.071320285668568431e+04
1.070690039062500000e+04
1.070090039062500000e+04
1.069488851283835720e+04
1.068891162190219256e+04
1.068259667968750000e+04
1.067659667968750000e+04
1.067059902259603405e+04
1.066460104473313913e+04
1.065859667968750000e+04
1.065259667968750000e+04
1.064659797881718441e+04
1.064060566933442897e+04
1.063429882812500000e+04
1.062829882812500000e+04
1.062229139462993771e+04
1.061633656120492014e+04
1.061029589843750000e+04
1.060429589843750000e+04
1.059829424033619762e+04
1.059228699517540190e+04
1.058599707031250000e+04
1.057999707031250000e+04
1.057399329697469148e+04
1.056800683202939945e+04
1.056199414062500000e+04
1.055599414062500000e+04
1.055000405106890321e+04
1.054400303307626382e+04
1.053769433593750000e+04
1.053169433593750000e+04
1.052570195551100187e+04
1.051963113861158854e+04
1.051339843750000000e+04
1.050739843750000000e+04
1.050141560898334501e+04
1.049533123589892239e+04
1.048939453125000000e+04
1.048339453125000000e+04
1.047739434385560526e+04
1.047139889969374781e+04
1.046509863281250000e+04
1.045909863281250000e+04
1.045310410664819756e+04
1.044710915776711590e+04
1.044110058593750000e+04
1.043510058593750000e+04
1.042910990223438785e+04
1.042310606400197139e+04
1.041680664062500000e+04
1.041080664062500000e+04
1.040480325854240073e+04
1.039873573643621785e+04
1.039280566406250000e+04
1.038680566406250000e+04
1.038080890715745227e+04
1.037490738103274998e+04
1.036850878906250000e+04
1.036250878906250000e+04
1.035649945423252939e+04
1.035052995549093976e+04
1.034421191406250000e+04
1.033821191406250000e+04
1.033221954147629185e+04
1.032614547452080660e+04
1.032022070312500000e+04
1.031422070312500000e+04
1.030823039541448816e+04
1.030215852835243095e+04
1.029591992187500000e+04
1.028991992187500000e+04
1.028391689810797106e+04
1.027793021565915478e+04
1.027192480468750000e+04
1.026592480468750000e+04
1.025993496055413743e+04
1.025396396408411783e+04
1.024762304687500000e+04
1.024162304687500000e+04
1.023561632942688084e+04
1.022968825689298865e+04
1.022333300781250000e+04
1.021733300781250000e+04
1.021135831257851169e+04
1.020545231124451675e+04
1.019903808593750000e+04
1.019303808593750000e+04
1.018704248090684814e+04
1.018089309393352232e+04
1.017474121093750000e+04
1.016874121093750000e+04
1.016278740216350525e+04
1.015678865288419001e+04
1.015044335937500000e+04
1.014444335937500000e+04
1.013841886529023941e+04
1.013259262149991082e+04
1.012614257812500000e+04
1.012014257812500000e+04
1.011416632957300317e+04
1.010816277400776198e+04
1.010154589843750000e+04
1.009554589843750000e+04
1.008953872848435822e+04
1.008365097140627768e+04
1.007724218750000000e+04
1.007124218750000000e+04
1.006520532589106551e+04
1.005928927671974816e+04
1.005324902343750000e+04
1.004724902343750000e+04
1.004128956915765957e+04
1.003523859667300349e+04
1.002894335937500000e+04
1.002294335937500000e+04
1.001694393107949327e+04
1.001095943021818675e+04
1.000494531250000000e+04
9.998945312500000000e+03
9.992945628618226692e+03
9.986940901147274417e+03
9.980649414062500000e+03
9.974649414062500000e+03
9.968569641753631004e+03
9.962334306610846397e+03
9.956345703125000000e+03
9.950345703125000000e+03
9.944281910079962472e+03
9.938281219413302097e+03
9.932347656250000000e+03
9.926347656250000000e+03
9.920357858096220298e+03
9.914296761978968789e+03
9.907748046875000000e+03
9.901748046875000000e+03
9.895761819969111457e+03
9.889734573042429474e+03
9.883453125000000000e+03
9.877453125000000000e+03
9.871494013742722018e+03
9.865527015928888432e+03
9.859454101562500000e+03
9.853454101562500000e+03
9.847455432424445462e+03
9.841621115121764888e+03
9.835161132812500000e+03
9.829161132812500000e+03
9.823234523291501318e+03
9.817139288110787675e+03
9.810864257812500000e+03
9.804864257812500000e+03
9.798877487969411959e+03
9.792903647590959736e+03
9.786868164062500000e+03
9.780868164062500000e+03
9.774861436863326162e+03
9.769240681642137133e+03
9.762569335937500000e+03
9.756569335937500000e+03
9.750560557558039363e+03
9.744372184927704438e+03
9.738247070312500000e+03
9.732247070312500000e+03
9.726306185633464338e+03
9.720087504507691847e+03
9.714277343750000000e+03
9.708277343750000000e+03
9.702261507073853863e+03
9.696127559706854299e+03
9.689997070312500000e+03
9.683997070312500000e+03
9.677921447879713014e+03
9.672332359936664943e+03
9.665696289062500000e+03
9.659696289062500000e+03
9.653795736534993921e+03
9.647621130588106098e+03
9.641723632812500000e+03
9.635723632812500000e+03
9.629541978123208537e+03
9.624081028746586526e+03
9.617455078125000000e+03
9.611455078125000000e+03
9.605526948972590617e+03
9.599386560654902496e+03
9.593166992187500000e+03
9.587166992187500000e+03
9.581120603219740588e+03
9.575553321591807617e+03
9.568899414062500000e+03
9.562899414062500000e+03
9.556848270156393482e+03
9.551172092775939745e+03
9.544915039062500000e+03
9.538915039062500000e+03
9.532928092732823643e+03
9.526495935324279344e+03
9.520623046875000000e+03
9.514623046875000000e+03
9.508674961475157033e+03
9.502556158386385505e+03
9.497519531250000000e+03
9.491519531250000000e+03
9.485588677772937444e+03
9.479301054852263405e+03
9.495419921875000000e+03
9.489419921875000000e+03
9.483416823933139312e+03
9.476890527607316471e+03
9.494519531250000000e+03
9.488519531250000000e+03
9.482586152230767766e+03
9.476321037905054254e+03
9.494519531250000000e+03
9.488519531250000000e+03
9.482525326376700832e+03
9.476719315266696867e+03
9.494519531250000000e+03
9.488519531250000000e+03
9.482558570297464030e+03
9.475727031926931886e+03
9.494519531250000000e+03
9.488519531250000000e+03
9.482579332027049531e+03
9.476421549332553695e+03
9.494519531250000000e+03
9.488519531250000000e+03
9.482491808698243403e+03
9.476339875014538848e+03
9.494519531250000000e+03
9.488519531250000000e+03
9.482383152966487614e+03
9.476805768421259927e+03
