1.080380175781250000e+04
1.079780183725436291e+04
1.079179893993838232e+04
1.078579833461305134e+04
1.077950097656250000e+04
1.077349371972250992e+04
1.076750079047743020e+04
1.076144439100810814e+04
1.075520214843750000e+04
1.074920244035381802e+04
1.074318180619720442e+04
1.073720981911844865e+04
1.073120117187500000e+04
1.072520592735321225e+04
1.071920285668568431e+04
1.071319946228618392e+04
1.070690039062500000e+04
1.070088851283835720e+04
1.069491162190219256e+04
1.068890685196860068e+04
1.068259667968750000e+04
1.067659902259603405e+04
1.067060104473313913e+04
1.066458568832946730e+04
1.065859667968750000e+04
1.065259797881718441e+04
1.064660566933442897e+04
1.064054342853611524e+04
1.063429882812500000e+04
1.062829139462993771e+04
1.062233656120492014e+04
1.061637683450021177e+04
1.061029589843750000e+04
1.060429424033619762e+04
1.059828699517540190e+04
1.059209552797745346e+04
1.058599707031250000e+04
1.057999329697469148e+04
1.057400683202939945e+04
1.056796450761229789e+04
1.056199414062500000e+04
1.055600405106890321e+04
1.055000303307626382e+04
1.054409826808437720e+04
1.053769433593750000e+04
1.053170195551100187e+04
1.052563113861158854e+04
1.051959674317123245e+04
1.051339843750000000e+04
1.050741560898334501e+04
1.050133123589892239e+04
1.049517965283355989e+04
1.048939453125000000e+04
1.048339434385560526e+04
1.047739889969374781e+04
1.047139132544960194e+04
1.046509863281250000e+04
1.045910410664819756e+04
1.045310915776711590e+04
1.044707259259222155e+04
1.044110058593750000e+04
1.043510990223438785e+04
1.042910606400197139e+04
1.042315018953116305e+04
1.041680664062500000e+04
1.041080325854240073e+04
1.040473573643621785e+04
1.039876451478562376e+04
1.039280566406250000e+04
1.038680890715745227e+04
1.038090738103274998e+04
1.037474271208644677e+04
1.036850878906250000e+04
1.036249945423252939e+04
1.035652995549093976e+04
1.035051954569931513e+04
1.034421191406250000e+04
1.033821954147629185e+04
1.033214547452080660e+04
1.032631796227612904e+04
1.032022070312500000e+04
1.031423039541448816e+04
1.030815852835243095e+04
1.030203537686570417e+04
1.029591992187500000e+04
1.028991689810797106e+04
1.028393021565915478e+04
1.027747070125490245e+04
1.027192480468750000e+04
1.026593496055413743e+04
1.025996396408411783e+04
1.025407609081380178e+04
1.024762304687500000e+04
1.024161632942688084e+04
1.023568825689298865e+04
1.023003198073448948e+04
1.022333300781250000e+04
1.021735831257851169e+04
1.021145231124451675e+04
1.020510002428712505e+04
1.019903808593750000e+04
1.019304248090684814e+04
1.018689309393352232e+04
1.018103916050001135e+04
1.017474121093750000e+04
1.016878740216350525e+04
1.016278865288419001e+04
1.015687241446858025e+04
1.015044335937500000e+04
1.014441886529023941e+04
1.013859262149991082e+04
1.013281753763236884e+04
1.012614257812500000e+04
1.012016632957300317e+04
1.011416277400776198e+04
1.010767220365628782e+04
1.010154589843750000e+04
1.009553872848435822e+04
1.008965097140627768e+04
1.008415348412885942e+04
1.007724218750000000e+04
1.007120532589106551e+04
1.006528927671974816e+04
1.005927081988664031e+04
1.005324902343750000e+04
1.004728956915765957e+04
1.004123859667300349e+04
1.003546286919956401e+04
1.002894335937500000e+04
1.002294393107949327e+04
1.001695943021818675e+04
1.001085409223516035e+04
1.000494531250000000e+04
9.998945628618226692e+03
9.992940901147274417e+03
9.986148491429468777e+03
9.980649414062500000e+03
9.974569641753631004e+03
9.968334306610846397e+03
9.962166479609973976e+03
9.956345703125000000e+03
9.950281910079962472e+03
9.944281219413302097e+03
9.938515208626913591e+03
9.932347656250000000e+03
9.926357858096220298e+03
9.920296761978968789e+03
9.914247941364272265e+03
9.907748046875000000e+03
9.901761819969111457e+03
9.895734573042429474e+03
9.889518589525654534e+03
9.883453125000000000e+03
9.877494013742722018e+03
9.871527015928888432e+03
9.865766025052815166e+03
9.859454101562500000e+03
9.853455432424445462e+03
9.847621115121764888e+03
9.839713725196834275e+03
9.835161132812500000e+03
9.829234523291501318e+03
9.823139288110787675e+03
9.816107375014566060e+03
9.810864257812500000e+03
9.804877487969411959e+03
9.798903647590959736e+03
9.791104092512632633e+03
9.786868164062500000e+03
9.780861436863326162e+03
9.775240681642137133e+03
9.767892691818264211e+03
9.762569335937500000e+03
9.756560557558039363e+03
9.750372184927704438e+03
9.744138805879965730e+03
9.738247070312500000e+03
9.732306185633464338e+03
9.726087504507691847e+03
9.719304933130684731e+03
9.714277343750000000e+03
9.708261507073853863e+03
9.702127559706854299e+03
9.695932339940223756e+03
9.689997070312500000e+03
9.683921447879713014e+03
9.678332359936664943e+03
9.671428471087618163e+03
9.665696289062500000e+03
9.659795736534993921e+03
9.653621130588106098e+03
9.648221710394709589e+03
9.641723632812500000e+03
9.635541978123208537e+03
9.630081028746586526e+03
9.623689506068760238e+03
9.617455078125000000e+03
9.611526948972590617e+03
9.605386560654902496e+03
9.599570294801975251e+03
9.593166992187500000e+03
9.587120603219740588e+03
9.581553321591807617e+03
9.574032100538099257e+03
9.568899414062500000e+03
9.562848270156393482e+03
9.557172092775939745e+03
9.550201789062286480e+03
9.544915039062500000e+03
9.538928092732823643e+03
9.532495935324279344e+03
9.525000743956648876e+03
9.520623046875000000e+03
9.514674961475157033e+03
9.508556158386385505e+03
9.501981256047702118e+03
9.497519531250000000e+03
9.491588677772937444e+03
9.485301054852263405e+03
9.471786510594325591e+03
9.495419921875000000e+03
9.489416823933139312e+03
9.482890527607316471e+03
9.476723941123389523e+03
9.494519531250000000e+03
9.488586152230767766e+03
9.482321037905054254e+03
9.476104934145456355e+03
9.494519531250000000e+03
9.488525326376700832e+03
9.482719315266696867e+03
9.471275222216658221e+03
9.494519531250000000e+03
9.488558570297464030e+03
9.481727031926931886e+03
9.471447454363116776e+03
9.494519531250000000e+03
9.488579332027049531e+03
9.482421549332553695e+03
9.474519477009696857e+03
9.494519531250000000e+03
9.488491808698243403e+03
9.482339875014538848e+03
9.475670516915228291e+03
9.494519531250000000e+03
9.488383152966487614e+03
9.482805768421259927e+03
9.475596707698685350e+03
