3.999995849609375000e+03
3.999995849609375000e+03
3.999995842264622752e+03
3.999996466064865217e+03
3.999995361328125000e+03
3.999995361328125000e+03
3.999995625198864673e+03
3.999995438200650369e+03
3.999994384765625000e+03
3.999994384765625000e+03
3.999994371990704167e+03
3.999999147764424379e+03
3.999996582031250000e+03
3.999996582031250000e+03
3.999996394227687233e+03
3.999996226171876970e+03
3.999997070312500000e+03
3.999997070312500000e+03
3.999997586270643751e+03
3.999994359385601911e+03
4.000009765625000000e+03
4.000009765625000000e+03
4.000009676431368462e+03
4.000008629016748273e+03
4.000009765625000000e+03
4.000009765625000000e+03
4.000009689744128991e+03
4.000007579417032957e+03
4.000005371093750000e+03
4.000005371093750000e+03
4.000005725142178562e+03
3.999996601162055413e+03
4.000013183593750000e+03
4.000013183593750000e+03
4.000013251246974505e+03
4.000015190507997431e+03
4.000010253906250000e+03
4.000010253906250000e+03
4.000010444483515585e+03
4.000007990472762685e+03
4.000018798828125000e+03
4.000018798828125000e+03
4.000018362834928212e+03
4.000016549387199120e+03
4.000019042968750000e+03
4.000019042968750000e+03
4.000018717178589213e+03
4.000033811281293310e+03
4.000005859375000000e+03
4.000005859375000000e+03
4.000005040243340318e+03
4.000021700822248931e+03
4.000019287109375000e+03
4.000019287109375000e+03
4.000019260655015842e+03
4.000018044848268346e+03
4.000005615234375000e+03
4.000005615234375000e+03
4.000005299012789692e+03
4.000003298229518805e+03
3.999999511718750000e+03
3.999999511718750000e+03
3.999999107263015958e+03
3.999998064749462628e+03
3.999979003906250000e+03
3.999979003906250000e+03
3.999979183310217195e+03
3.999995324196387173e+03
3.999981445312500000e+03
3.999981445312500000e+03
3.999981263160641902e+03
3.999957983478813276e+03
3.999970214843750000e+03
3.999970214843750000e+03
3.999970540537190118e+03
3.999965605770746151e+03
3.999958984375000000e+03
3.999958984375000000e+03
3.999958597898455537e+03
3.999974979389940017e+03
3.999928466796875000e+03
3.999928466796875000e+03
3.999928040709917241e+03
3.999942390527080988e+03
3.999931640625000000e+03
3.999931640625000000e+03
3.999931674562289572e+03
3.999929741844991440e+03
3.999916259765625000e+03
3.999916259765625000e+03
3.999915884262386953e+03
3.999906845118329784e+03
3.999922119140625000e+03
3.999922119140625000e+03
3.999922477968327257e+03
3.999906908726596612e+03
3.999887695312500000e+03
3.999887695312500000e+03
3.999886420206689309e+03
3.999860489002665418e+03
3.999870605468750000e+03
3.999870605468750000e+03
3.999870298750022357e+03
3.999905232668845201e+03
3.999862060546875000e+03
3.999862060546875000e+03
3.999859631156657542e+03
3.999851777290680275e+03
3.999854248046875000e+03
3.999854248046875000e+03
3.999855553915967903e+03
3.999821748277996448e+03
3.999855957031250000e+03
3.999855957031250000e+03
3.999854695957313652e+03
3.999850204571725953e+03
3.999843994140625000e+03
3.999843994140625000e+03
3.999844367432933723e+03
3.999819997583259465e+03
3.999857177734375000e+03
3.999857177734375000e+03
3.999859245483428822e+03
3.999848114618386262e+03
3.999835205078125000e+03
3.999835205078125000e+03
3.999833054961720336e+03
3.999837638387120023e+03
3.999853027343750000e+03
3.999853027343750000e+03
3.999853140338354024e+03
3.999846708905479773e+03
3.999847900390625000e+03
3.999847900390625000e+03
3.999847915593514699e+03
3.999846729235250677e+03
3.999833251953125000e+03
3.999833251953125000e+03
3.999837307137612697e+03
3.999896699038567476e+03
3.999845703125000000e+03
3.999845703125000000e+03
3.999848781868046899e+03
3.999861224695795954e+03
3.999838623046875000e+03
3.999838623046875000e+03
3.999837988731687346e+03
3.999848106515540167e+03
3.999838623046875000e+03
3.999838623046875000e+03
3.999838274503701541e+03
3.999836013399695275e+03
3.999819335937500000e+03
3.999819335937500000e+03
3.999817176856191509e+03
3.999804817125151658e+03
3.999815917968750000e+03
3.999815917968750000e+03
3.999815692374594164e+03
3.999783961661254580e+03
3.999793701171875000e+03
3.999793701171875000e+03
3.999790136116510894e+03
3.999798573712045709e+03
3.999782470703125000e+03
3.999782470703125000e+03
3.999781802366776901e+03
3.999774795674276447e+03
3.999768066406250000e+03
3.999768066406250000e+03
3.999768462999957592e+03
3.999694696265377388e+03
3.999764648437500000e+03
3.999764648437500000e+03
3.999765308261228711e+03
3.999805366533189044e+03
3.999840576171875000e+03
3.999840576171875000e+03
3.999837135857321300e+03
3.999875992199603388e+03
3.999736083984375000e+03
3.999736083984375000e+03
3.999737288060868195e+03
3.999766707439919628e+03
3.999668701171875000e+03
3.999668701171875000e+03
3.999673050652557777e+03
3.999604954119830836e+03
3.999671630859375000e+03
3.999671630859375000e+03
3.999665993251124291e+03
3.999683738064714362e+03
3.999577148437500000e+03
3.999577148437500000e+03
3.999586812018815181e+03
3.999506190920722929e+03
3.999470947265625000e+03
3.999470947265625000e+03
3.999466987394465832e+03
3.999486101516896269e+03
3.999433105468750000e+03
3.999433105468750000e+03
3.999436204519964576e+03
3.999357312578561505e+03
3.999322265625000000e+03
3.999322265625000000e+03
3.999324425802716178e+03
3.999274953549391739e+03
3.999264160156250000e+03
3.999264160156250000e+03
3.999263376518788391e+03
3.999338554246096919e+03
3.999238281250000000e+03
3.999238281250000000e+03
3.999235591921773448e+03
3.999241640015578923e+03
3.999248779296875000e+03
3.999248779296875000e+03
3.999245117029561698e+03
3.999275857429151984e+03
3.999247558593750000e+03
3.999247558593750000e+03
3.999248129852746843e+03
3.999332821598986357e+03
3.999248046875000000e+03
3.999248046875000000e+03
3.999244486186842096e+03
3.999293128500625244e+03
3.999248046875000000e+03
3.999248046875000000e+03
3.999247660153997913e+03
3.999215715026450653e+03
3.999248046875000000e+03
3.999248046875000000e+03
3.999246216168869523e+03
3.999349169267575689e+03
3.999248046875000000e+03
3.999248046875000000e+03
3.999244546144449487e+03
3.999269191716382011e+03
3.999248046875000000e+03
3.999248046875000000e+03
3.999249396320902633e+03
3.999272644788543403e+03
3.999248046875000000e+03
3.999248046875000000e+03
3.999255002364669963e+03
3.999182018260388304e+03
