5.000000000000000000e+02
5.008000000000000114e+02
5.016000000000000227e+02
5.024000000000000341e+02
5.032000000000000455e+02
5.040000000000000568e+02
5.048000000000000682e+02
5.056000000000000796e+02
5.064000000000000909e+02
5.072000000000001023e+02
5.080000000000001137e+02
5.088000000000001251e+02
5.096000000000001364e+02
5.104000000000001478e+02
5.112000000000001592e+02
5.120000000000001137e+02
5.128000000000000682e+02
5.240710347797939903e+02
5.353369502577173762e+02
5.465928048306243454e+02
5.578336613084152305e+02
5.690545890796506683e+02
5.802506662742811159e+02
5.914169819225418223e+02
6.025486381090667010e+02
6.033374349381010688e+02
6.041262317671354367e+02
6.049150285961698046e+02
6.057038254252041725e+02
6.064926222542385403e+02
6.072814190832729082e+02
6.080702159123072761e+02
6.088590127413416440e+02
6.096478095703760118e+02
6.104366063994103797e+02
6.112254032284447476e+02
6.120142000574791155e+02
6.128029968865134833e+02
6.135917937155478512e+02
6.143805905445822191e+02
6.151693873736165870e+02
6.159581842026509548e+02
6.167469810316853227e+02
6.175357778607196906e+02
6.183245746897540585e+02
6.191133715187884263e+02
6.199021683478227942e+02
6.206909651768571621e+02
6.214797620058915300e+02
6.351414063876399041e+02
6.487327775724385219e+02
6.622445607128630627e+02
6.756674955071623572e+02
6.889923825458070041e+02
7.022100896163053676e+02
7.153115579619664004e+02
7.282878084903193212e+02
7.411299479269350741e+02
7.418658051212710234e+02
7.426016623156069727e+02
7.433375195099429220e+02
7.440733767042788713e+02
7.448092338986148206e+02
7.455450910929507700e+02
7.462809482872867193e+02
7.470168054816226686e+02
7.477526626759586179e+02
7.484885198702945672e+02
7.492243770646305165e+02
7.499602342589664659e+02
7.506960914533024152e+02
7.514319486476383645e+02
7.521678058419743138e+02
7.529036630363102631e+02
7.536395202306462124e+02
7.543753774249821618e+02
7.551112346193181111e+02
7.558470918136540604e+02
7.565829490079900097e+02
7.573188062023259590e+02
7.580546633966619083e+02
7.683724072332267951e+02
7.785928447690207577e+02
7.887114929821025271e+02
7.987239134986945146e+02
8.086257145399999899e+02
8.184125528485827772e+02
8.280801355934640924e+02
8.376242222530993331e+02
8.382974308717915619e+02
8.389706394904837907e+02
8.396438481091760195e+02
8.403170567278682483e+02
8.409902653465604772e+02
8.416634739652527060e+02
8.423366825839449348e+02
8.430098912026371636e+02
8.325875268506561042e+02
8.219982613702399021e+02
8.112493521154073051e+02
8.003481658520513520e+02
7.893021737091263503e+02
7.781189460583087794e+02
7.668061473256424279e+02
7.553715307387232087e+02
7.438229330130239987e+02
7.445784341067605965e+02
7.453339352004971943e+02
7.460894362942337921e+02
7.468449373879703899e+02
7.476004384817069877e+02
7.483559395754435855e+02
7.491114406691801832e+02
7.621638947104369208e+02
7.750875629837659062e+02
7.878735882519913503e+02
8.005132076115830841e+02
8.129977584983129191e+02
8.253186846241441117e+02
8.374675418412840600e+02
8.494360039293818545e+02
8.612158683019036971e+02
8.618890769205959259e+02
8.625622855392881547e+02
8.632354941579803835e+02
8.639087027766726123e+02
8.645819113953648412e+02
8.652551200140570700e+02
8.659283286327492988e+02
8.775115219586223247e+02
8.888901056952928457e+02
9.000562815294065331e+02
9.110023967213835476e+02
9.217209493502248279e+02
9.322045934549530557e+02
9.424461440691688949e+02
9.524385821452676737e+02
9.621750593649439907e+02
9.627287738910843018e+02
9.632824884172243856e+02
9.638362029433646967e+02
9.643899174695047805e+02
9.649436319956450916e+02
9.654973465217851754e+02
9.660510610479254865e+02
9.737609913467620117e+02
9.812970320937781707e+02
9.886558777322496780e+02
9.958343004290876479e+02
1.002829151490673212e+03
1.009637362743977747e+03
1.016255947882365945e+03
1.022682003775488283e+03
1.023131670459838233e+03
1.023581337144188183e+03
1.024031003828538132e+03
1.024480670512888082e+03
1.024930337197238032e+03
1.025380003881587982e+03
1.025829670565937931e+03
1.026279337250287881e+03
1.026729003934637831e+03
1.027178670618987780e+03
1.027628337303337730e+03
1.028078003987687680e+03
1.028527670672037630e+03
1.028977337356387579e+03
1.029427004040737529e+03
1.029876670725087479e+03
1.030326337409437429e+03
1.030776004093787378e+03
1.031225670778137328e+03
1.031675337462487278e+03
1.032125004146837227e+03
1.032574670831187177e+03
1.033024337515537127e+03
1.033474004199887077e+03
1.039704712167088928e+03
1.045737339213776522e+03
1.051569239230200310e+03
1.057197854152124364e+03
1.062620715082879087e+03
1.067835443376300418e+03
1.072839751680083737e+03
1.077631444939090215e+03
1.077964469549794103e+03
1.078297494160497763e+03
1.078630518771201423e+03
1.078963543381905311e+03
1.079296567992609198e+03
1.079629592603312858e+03
1.079962617214016518e+03
1.080295641824720406e+03
1.080628666435424293e+03
1.080961691046127953e+03
1.081294715656831613e+03
1.081627740267535501e+03
1.081960764878239388e+03
1.082293789488943048e+03
1.082626814099646708e+03
1.082959838710350596e+03
1.083292863321054483e+03
1.083625887931758143e+03
1.083958912542461803e+03
1.084291937153165691e+03
1.084624961763869578e+03
1.084957986374573238e+03
1.085291010985276898e+03
1.085624035595980786e+03
1.090201012015063498e+03
1.094561263980983085e+03
1.098702878943012593e+03
1.102624040251847418e+03
1.106323027956445685e+03
1.109798219558457731e+03
1.113048090723905261e+03
1.116071215951807289e+03
1.116278271159741280e+03
1.116485326367675270e+03
1.116692381575609261e+03
1.116899436783543251e+03
1.117106491991477242e+03
1.117313547199411232e+03
1.117520602407345223e+03
1.117727657615279213e+03
1.115134780452606719e+03
1.112347334751341350e+03
1.109366543177362018e+03
1.106193713204441792e+03
1.102830236540747364e+03
1.099277588518389393e+03
1.095537327446293148e+03
1.091611093926673220e+03
1.091944118537376880e+03
1.092277143148080540e+03
1.092610167758784428e+03
1.092943192369488315e+03
1.093276216980191975e+03
1.093609241590895635e+03
1.093942266201599523e+03
1.094275290812303410e+03
1.089022975698150049e+03
1.083481614433739423e+03
1.077655004791496367e+03
1.071547140038846010e+03
1.065162206201428262e+03
1.058504579194204325e+03
1.051578821822422924e+03
1.044389680654501490e+03
1.036942082768965065e+03
1.037435711453208796e+03
1.037929340137452300e+03
1.038422968821696031e+03
1.038916597505939535e+03
1.039410226190183266e+03
1.039903854874426770e+03
1.040397483558670501e+03
1.032696533167378220e+03
1.024747508117350662e+03
1.016555856273598010e+03
1.008127191785424202e+03
9.994672912387695760e+02
9.905820896972275023e+02
9.814776766344476755e+02
9.721602917607149266e+02
9.626363207465634559e+02
9.632632755031564784e+02
9.638902302597495009e+02
9.645171850163425233e+02
9.651441397729355458e+02
9.657710945295285683e+02
9.663980492861215907e+02
9.670250040427146132e+02
9.777896619249670493e+02
9.883208677552742074e+02
9.986114039708039627e+02
1.008654217951665373e+03
1.018442426854422706e+03
1.027969322329252464e+03
1.037228375117512087e+03
1.046213239526567349e+03
1.054917757778813439e+03
1.055411386463057170e+03
1.055905015147300674e+03
1.056398643831544405e+03
1.056892272515787909e+03
1.057385901200031640e+03
1.057879529884275144e+03
1.058373158568518875e+03
1.066791365021614183e+03
1.074917490257033705e+03
1.082745965034139772e+03
1.090271424107062558e+03
1.097488709901771927e+03
1.104392876050820178e+03
1.110979190783336207e+03
1.117243140167944830e+03
1.123180431206390267e+03
1.123513455817093927e+03
1.123846480427797815e+03
1.124179505038501702e+03
1.124512529649205362e+03
1.124845554259909022e+03
1.125178578870612910e+03
1.125511603481316797e+03
1.125844628092020457e+03
1.126177652702724117e+03
1.126510677313428005e+03
1.126843701924131892e+03
1.127176726534835552e+03
1.127509751145539212e+03
1.127842775756243100e+03
1.128175800366946987e+03
1.128508824977650647e+03
1.128841849588354307e+03
1.129174874199058195e+03
1.129507898809762082e+03
1.129840923420465742e+03
1.130173948031169402e+03
1.130506972641873290e+03
1.130839997252577177e+03
1.136446560821929324e+03
1.141718554463358487e+03
1.146652365015563419e+03
1.151244611091052775e+03
1.155492145393578994e+03
1.159392056875138223e+03
1.162941672731057452e+03
1.166138560231800511e+03
1.168980528390241034e+03
1.169134545933379059e+03
1.169288563476517083e+03
1.169442581019655108e+03
1.169596598562793133e+03
1.169750616105931158e+03
1.169904633649069183e+03
1.170058651192207208e+03
1.168105531024104948e+03
1.165954460584670642e+03
1.163606383404545113e+03
1.161062329428041494e+03
1.158323414561377831e+03
1.155390840183203409e+03
1.152265892617634563e+03
1.148949942570030316e+03
1.149232722419865695e+03
1.149515502269701301e+03
1.149798282119536907e+03
1.150081061969372286e+03
1.150363841819207664e+03
1.150646621669043270e+03
1.150929401518878876e+03
1.151212181368714255e+03
1.155941444069598219e+03
1.160327225683409324e+03
1.164366520414336719e+03
1.168056559931385664e+03
1.171394815265651232e+03
1.174378998543550324e+03
1.177007064554813269e+03
1.179277212154170684e+03
1.181187885495767659e+03
1.181288152050701228e+03
1.181388418605634797e+03
1.181488685160568366e+03
1.181588951715501935e+03
1.181689218270435504e+03
1.181789484825369072e+03
1.181889751380302641e+03
1.180200353218611554e+03
1.178192882005966567e+03
1.175868713562937501e+03
1.173229440758569353e+03
1.170276872418708308e+03
1.167013032086322710e+03
1.163440156634668938e+03
1.159560694734248273e+03
1.155377305174612047e+03
1.155660085024447426e+03
1.155942864874282805e+03
1.156225644724118411e+03
1.156508424573954017e+03
1.156791204423789395e+03
1.157073984273624774e+03
1.157356764123460380e+03
1.153851266079185734e+03
1.150157757665626377e+03
1.146277858977734240e+03
1.142213271867400181e+03
1.137965779196966196e+03
1.133537244057201860e+03
1.128929608950092188e+03
1.124144894936791388e+03
1.124548517015815833e+03
1.124952139094840277e+03
1.125355761173864948e+03
1.125759383252889620e+03
1.126163005331914064e+03
1.126566627410938509e+03
1.126970249489963180e+03
1.127373871568987852e+03
1.127777493648012296e+03
1.128181115727036740e+03
1.128584737806061412e+03
1.128988359885086084e+03
1.129391981964110528e+03
1.129795604043134972e+03
1.130199226122159644e+03
1.130602848201184315e+03
1.131006470280208760e+03
1.131410092359233204e+03
1.131813714438257875e+03
1.132217336517282547e+03
1.132620958596306991e+03
1.133024580675331435e+03
1.133428202754356107e+03
1.133831824833380779e+03
1.140672792315686820e+03
1.147194988066866472e+03
1.153393942099493870e+03
1.159265405959883537e+03
1.164805355639767640e+03
1.170009994334151088e+03
1.174875755043451363e+03
1.179399303018143200e+03
1.183577538044228504e+03
1.183808763454556356e+03
1.184039988864884435e+03
1.184271214275212287e+03
1.184502439685540367e+03
1.184733665095868218e+03
1.184964890506196298e+03
1.185196115916524150e+03
1.189026174440264185e+03
1.192505431530715896e+03
1.195631502678730158e+03
1.198402245431173469e+03
1.200815760859259171e+03
1.202870394859978660e+03
1.204564739289740828e+03
1.205897632929443262e+03
1.206868162280313754e+03
1.206914213468250637e+03
1.206960264656187064e+03
1.207006315844123947e+03
1.207052367032060374e+03
1.207098418219997257e+03
1.207144469407933684e+03
1.207190520595870566e+03
1.207236571783806994e+03
1.207282622971743876e+03
1.207328674159680304e+03
1.207374725347617186e+03
1.207420776535553614e+03
1.207466827723490496e+03
1.207512878911426924e+03
1.207558930099363806e+03
1.207604981287300234e+03
1.207651032475237116e+03
1.207697083663173544e+03
1.207743134851110426e+03
1.207789186039046854e+03
1.207835237226983736e+03
1.207881288414920164e+03
1.207927339602857046e+03
1.207973390790793474e+03
1.208019441978730356e+03
1.208065493166666784e+03
1.208111544354603666e+03
1.208157595542540093e+03
1.208203646730476976e+03
1.208249697918413403e+03
1.208295749106350286e+03
1.208341800294286713e+03
1.208387851482223596e+03
1.208433902670160023e+03
1.208479953858096906e+03
1.208526005046033333e+03
1.208572056233970216e+03
1.208618107421906643e+03
1.208664158609843525e+03
1.208014684829925045e+03
1.207163259115361825e+03
1.206110254929632902e+03
1.204856134155201971e+03
1.203401446890920397e+03
1.201746831210735763e+03
1.199893012883811252e+03
1.197840805056179306e+03
1.198019405119787280e+03
1.198198005183395253e+03
1.198376605247003226e+03
1.198555205310611200e+03
1.198733805374219173e+03
1.198912405437827147e+03
1.199091005501435120e+03
1.199269605565043094e+03
1.202182721215483525e+03
1.204739339803118355e+03
1.206937709149176044e+03
1.208776322601034053e+03
1.210253920064802969e+03
1.211369488868932422e+03
1.212122264458245809e+03
1.212511730917926798e+03
1.212537621327104034e+03
1.212529243864610862e+03
1.212520866402117463e+03
1.212512488939624291e+03
1.212504111477130891e+03
1.212495734014637719e+03
1.212487356552144320e+03
1.212478979089651148e+03
1.212457277037214908e+03
1.212113876885744730e+03
1.211449013984563862e+03
1.210463143997520092e+03
1.209156942590694143e+03
1.207531304969334315e+03
1.205587345264325677e+03
1.203326395768621524e+03
1.200750006024155027e+03
1.200928606087763001e+03
1.201107206151370974e+03
1.201285806214978948e+03
1.201464406278586921e+03
1.201643006342194894e+03
1.201821606405802868e+03
1.202000206469410841e+03
1.204393244167144985e+03
1.206555080690585328e+03
1.208484767786731027e+03
1.210181459030997303e+03
1.211644410198487094e+03
1.212872979590431896e+03
1.213866628315661501e+03
1.214624920526980532e+03
1.214670971714917414e+03
1.214717022902853842e+03
1.214763074090790724e+03
1.214809125278727151e+03
1.214855176466664034e+03
1.214901227654600461e+03
1.214947278842537344e+03
1.214993330030473771e+03
1.214343856250555518e+03
1.213492430535992298e+03
1.212439426350263375e+03
1.211185305575832444e+03
1.209730618311551098e+03
1.208076002631366237e+03
1.206222184304441726e+03
1.204169976476810007e+03
1.204348576540417980e+03
1.204527176604025954e+03
1.204705776667633927e+03
1.204884376731241900e+03
1.205062976794849874e+03
1.205241576858457847e+03
1.205420176922065821e+03
1.205598776985673794e+03
1.208511892636113998e+03
1.211068511223748828e+03
1.213266880569806517e+03
1.215105494021664526e+03
1.216583091485433442e+03
1.217698660289563122e+03
1.218451435878876282e+03
1.218840902338557498e+03
1.218866792747734507e+03
1.218858415285241335e+03
1.218850037822747936e+03
1.218841660360254764e+03
1.218833282897761364e+03
1.218824905435268192e+03
1.218816527972774793e+03
1.218808150510281621e+03
1.218563716897637732e+03
1.218083334809246708e+03
1.217367214956580938e+03
1.216415671453493360e+03
1.215229121678436286e+03
1.213808086091386031e+03
1.212153188005551328e+03
1.210265153313967858e+03
1.210123485483395143e+03
1.209981817652822656e+03
1.209840149822249941e+03
1.209698481991677454e+03
1.209556814161104739e+03
1.209415146330532252e+03
1.209273478499959538e+03
1.209131810669387050e+03
1.210753029920373137e+03
1.212174207900587589e+03
1.213394721234363260e+03
1.214414034564183567e+03
1.215231700785509020e+03
1.215847361242890429e+03
1.216260745887288522e+03
1.216471673394525624e+03
1.216463295932032224e+03
1.216454918469539052e+03
1.216446541007045653e+03
1.216438163544552481e+03
1.216429786082059081e+03
1.216421408619565909e+03
1.216413031157072510e+03
1.216404653694579338e+03
1.216396276232085938e+03
1.216387898769592766e+03
1.216379521307099367e+03
1.216371143844606195e+03
1.216362766382112795e+03
1.216354388919619623e+03
1.216346011457126224e+03
1.216337633994633052e+03
1.216329256532139652e+03
1.216320879069646480e+03
1.216312501607153081e+03
1.216304124144659909e+03
1.216295746682166509e+03
1.216287369219673337e+03
1.216278991757179938e+03
1.216270614294686766e+03
1.215932910909365546e+03
1.215231845174590717e+03
1.214167897565824660e+03
1.212741797259653140e+03
1.210954521634045705e+03
1.208807295598507608e+03
1.206301590754589142e+03
1.203439124387323318e+03
1.200221858288283784e+03
1.200026966239626063e+03
1.199832074190968342e+03
1.199637182142310394e+03
1.199442290093652446e+03
1.199247398044994725e+03
1.199052505996337004e+03
1.198857613947679056e+03
1.198662721899021108e+03
1.198467829850363387e+03
1.198272937801705666e+03
1.198078045753047718e+03
1.197883153704389770e+03
1.197688261655732049e+03
1.197493369607074328e+03
1.197298477558416380e+03
1.197103585509758432e+03
1.196908693461100711e+03
1.196713801412442990e+03
1.196518909363785042e+03
1.196324017315127094e+03
1.196129125266469373e+03
1.195934233217811652e+03
1.195739341169153704e+03
1.198587200587513507e+03
1.201121134710989509e+03
1.203339406907610055e+03
1.205240496884332060e+03
1.206823101728974279e+03
1.208086136803168756e+03
1.209028736485717900e+03
1.209650254765846967e+03
1.209950265685948352e+03
1.209941888223455180e+03
1.209933510760961781e+03
1.209925133298468609e+03
1.209916755835975209e+03
1.209908378373482037e+03
1.209900000910988638e+03
1.209891623448495466e+03
1.209900001298790585e+03
1.209705825817341520e+03
1.209309182175936712e+03
1.208710244355596387e+03
1.207909275070257763e+03
1.206906625651541617e+03
1.205702735894645002e+03
1.204298133865434011e+03
1.204423281406381420e+03
1.204548428947328830e+03
1.204673576488276240e+03
1.204798724029223649e+03
1.204923871570171059e+03
1.205049019111118469e+03
1.205174166652065878e+03
1.205299314193013288e+03
1.206937636189476279e+03
1.208342048060881552e+03
1.209511933785731799e+03
1.210446780213454304e+03
1.211146177289486332e+03
1.211609818235138164e+03
1.211837499682155794e+03
1.211829121761926217e+03
1.211820744299433045e+03
1.211812366836939646e+03
1.211803989374446473e+03
1.211795611911953074e+03
1.211787234449459902e+03
1.211778856986966503e+03
1.211770479524473330e+03
1.211762102061979931e+03
1.211424398676658939e+03
1.210723332941884109e+03
1.209659385333117825e+03
1.208233285026946533e+03
1.206446009401338870e+03
1.204298783365800773e+03
1.201793078521882308e+03
1.198930612154616711e+03
1.195713346055577176e+03
1.195518454006919455e+03
1.195323561958261507e+03
1.195128669909603559e+03
1.194933777860945838e+03
1.194738885812288117e+03
1.194543993763630169e+03
1.194349101714972221e+03
1.197196961133332024e+03
1.199730895256808253e+03
1.201949167453428799e+03
1.203850257430150577e+03
1.205432862274792797e+03
1.206695897348987501e+03
1.207638497031536644e+03
1.208260015311665484e+03
1.208560026231767097e+03
1.208551648769273697e+03
1.208543271306780525e+03
1.208534893844287126e+03
1.208526516381793954e+03
1.208518138919300554e+03
1.208509761456807382e+03
1.208501383994313983e+03
1.208256950381670322e+03
1.207776568293279297e+03
1.207060448440613527e+03
1.206108904937525722e+03
1.204922355162468648e+03
1.203501319575418393e+03
1.201846421489583690e+03
1.199958386798000220e+03
1.199816718967427732e+03
1.199675051136855018e+03
1.199533383306282531e+03
1.199391715475709816e+03
1.199250047645137329e+03
