2.005331737028868133e-01
4.418875090991274401e-01
6.435469119344671141e-01
8.077290227928450861e-01
9.498793436449337602e-01
1.079128953794415091e+00
1.199690001023040242e+00
1.313326405926443563e+00
1.420741962964892968e+00
1.522218217759175429e+00
1.617883617561420406e+00
1.707821212023897806e+00
1.792109606523341947e+00
1.870837278194724895e+00
1.944106549071768830e+00
2.012033666262276643e+00
2.074747497773617333e+00
2.132387806674706177e+00
2.185103467980153091e+00
2.233050762958384894e+00
2.276391797671129424e+00
2.315293058839245077e+00
2.349924107089903735e+00
2.380456402531481608e+00
-1.619543597468518392e+00
-5.619543597468518392e+00
-9.619543597468517504e+00
-1.361954359746851750e+01
-1.761954359746851750e+01
-2.161954359746851750e+01
-2.561954359746851750e+01
-2.961954359746851750e+01
-3.361954359746852106e+01
-3.761954359746852106e+01
-4.161954359746852106e+01
-4.561954359746852106e+01
-4.263830076370089728e+01
-3.863830076370089728e+01
-3.463830076370089728e+01
-3.063830076370089728e+01
-2.663830076370089728e+01
-2.263830076370089728e+01
-1.863830076370089728e+01
-1.463830076370089728e+01
-1.063830076370089728e+01
-6.638300763700897278e+00
-2.638300763700897278e+00
1.361699236299102722e+00
5.361699236299102722e+00
9.361699236299102722e+00
1.336169923629910272e+01
1.736169923629910272e+01
2.136169923629910272e+01
2.536169923629910272e+01
2.936169923629910272e+01
3.336169923629910272e+01
3.736169923629910272e+01
4.136169923629910272e+01
4.536169923629910272e+01
4.936169923629910272e+01
5.336169923629910272e+01
5.736169923629910272e+01
6.136169923629910272e+01
6.536169923629910272e+01
6.936169923629910272e+01
7.336169923629910272e+01
7.736169923629910272e+01
8.136169923629910272e+01
8.536169923629910272e+01
8.936169923629910272e+01
9.336169923629910272e+01
9.736169923629910272e+01
1.013616992362991027e+02
1.053616992362991027e+02
1.093616992362991027e+02
1.133616992362991027e+02
1.173616992362991027e+02
1.213616992362991027e+02
1.253616992362991027e+02
1.293616992362991027e+02
1.333616992362991027e+02
1.373616992362991027e+02
1.413616992362991027e+02
1.453616992362991027e+02
1.493616992362991027e+02
1.533616992362991027e+02
1.573616992362991027e+02
1.613616992362991027e+02
1.653616992362991027e+02
1.693616992362991027e+02
1.733616992362991027e+02
1.773616992362991027e+02
1.813616992362991027e+02
1.853616992362991027e+02
1.893616992362991027e+02
1.933616992362991027e+02
1.973616992362991027e+02
2.013616992362991027e+02
2.053616992362991027e+02
2.093616992362991027e+02
2.133616992362991027e+02
2.173616992362991027e+02
2.213616992362991027e+02
2.253616992362991027e+02
2.293616992362991027e+02
2.333616992362991027e+02
2.373616992362991027e+02
2.413616992362991027e+02
2.453616992362991027e+02
2.493616992362991027e+02
2.533616992362991027e+02
2.573616992362991027e+02
2.613616992362991027e+02
2.653616992362991027e+02
2.693616992362991027e+02
2.733616992362991027e+02
2.773616992362991027e+02
2.813616992362991027e+02
2.853616992362991027e+02
2.893616992362991027e+02
2.933616992362991027e+02
2.973616992362991027e+02
3.013616992362991027e+02
3.053616992362991027e+02
3.093616992362991027e+02
3.133616992362991027e+02
3.173616992362991027e+02
3.213616992362991027e+02
3.253616992362991027e+02
3.293616992362991027e+02
3.333616992362991027e+02
3.373616992362991027e+02
3.413616992362991027e+02
3.453616992362991027e+02
3.493616992362991027e+02
3.533616992362991027e+02
3.573616992362991027e+02
3.613616992362991027e+02
3.653616992362991027e+02
3.693616992362991027e+02
3.733616992362991027e+02
3.773616992362991027e+02
3.813616992362991027e+02
3.853616992362991027e+02
3.893616992362991027e+02
3.933616992362991027e+02
3.969972525990585837e+02
3.975311622490407899e+02
3.969513558397972020e+02
3.959721879524703922e+02
3.948501537063121418e+02
3.936772213781471237e+02
3.924863034818143319e+02
3.910507079170155293e+02
3.897621667600877799e+02
3.885268259562867001e+02
3.873113038938419095e+02
3.861037780368810104e+02
3.848999942599999713e+02
3.834682188339784830e+02
3.821795687256005749e+02
3.809429939084135412e+02
3.797261242227036746e+02
3.785173814028679544e+02
3.773125395343439550e+02
3.761099745697853791e+02
3.746752216290532260e+02
3.733859567941593696e+02
3.747585118353829330e+02
3.768385685371056866e+02
3.789497902274342209e+02
3.808711961024548600e+02
3.825428826805061249e+02
3.839607329521323891e+02
3.851388523964506589e+02
3.860962798241258724e+02
3.868523900250008865e+02
3.874253978479149509e+02
3.878319581029136884e+02
3.880871419442405568e+02
3.847628002625281169e+02
3.807628002625281169e+02
3.767628002625281169e+02
3.727628002625281169e+02
3.687628002625281169e+02
3.647628002625281169e+02
3.607628002625281169e+02
3.567628002625281169e+02
3.527628002625281169e+02
3.491979511164931296e+02
3.460115848921329302e+02
3.430550942902261227e+02
3.437692399309926827e+02
3.455603659702110235e+02
3.475180099666392834e+02
3.493368371001807873e+02
3.509272587857749954e+02
3.522750563828630561e+02
3.533910421595300022e+02
3.542931954423349339e+02
3.550004711147100238e+02
3.555307751457152108e+02
3.559004051846579841e+02
3.561239851997218011e+02
3.553598713941565848e+02
3.542432316908663665e+02
3.530025963393002826e+02
3.517200939115193137e+02
3.504250851171235581e+02
3.491279156642455632e+02
3.478320936497179900e+02
3.465386786606684382e+02
3.452478610039975138e+02
3.439595288222479326e+02
3.426734713152067116e+02
3.411837157448786684e+02
3.398195304987768282e+02
3.385017202106146215e+02
3.372020558364745852e+02
3.359103867205619167e+02
3.346229593061442529e+02
3.331344626004277529e+02
3.317704514266968090e+02
3.304524593672262540e+02
3.291525121462889274e+02
3.278605475404785921e+02
3.265728419817632471e+02
3.250857930717086219e+02
3.237220513703927054e+02
3.224039366252292780e+02
3.211037500962230524e+02
3.198115255230600269e+02
3.185235721246922367e+02
3.170378089260774459e+02
3.156743051018320330e+02
3.143560794981811455e+02
3.130556784033692566e+02
3.117632209004795527e+02
3.104750453718302197e+02
3.089904232353794100e+02
3.076271293183623925e+02
3.063088037216434145e+02
3.050082104829874652e+02
3.037155445315665929e+02
3.024271701711186324e+02
3.009435606083295056e+02
2.995804520113778153e+02
2.982620364160488293e+02
2.969612713170278653e+02
2.956684190310872395e+02
2.943798668953171500e+02
2.928971558013163303e+02
2.938396839117361310e+02
2.954286985493403108e+02
2.970488776043160328e+02
2.984996805208049864e+02
2.997272205540118080e+02
3.007282822943162728e+02
3.015160866104379238e+02
3.021081995036919352e+02
3.025223699243983901e+02
3.027751940452885719e+02
3.028817752915383608e+02
3.028557242600948598e+02
2.997240194316522661e+02
2.957240194316522661e+02
2.917240194316522661e+02
2.877240194316522661e+02
2.837240194316522661e+02
2.797837994238840338e+02
2.761421324937700774e+02
2.727181070167605981e+02
2.694750954582160603e+02
2.663927398627503749e+02
2.634568745021833251e+02
2.606559227840332937e+02
2.610662334316222086e+02
2.624117463608800449e+02
2.638950371588768462e+02
2.652500811959768043e+02
2.663999860072286765e+02
2.673336791056792663e+02
2.680617562531807607e+02
2.686008598299993650e+02
2.689682969245840241e+02
2.691803045770209906e+02
2.692515925486749779e+02
2.691953145400350991e+02
2.682882432117443727e+02
2.670778781512917135e+02
2.657612194175820264e+02
2.644090711220721346e+02
2.630467113742283800e+02
2.616829979705139522e+02
2.603208869841932938e+02
2.587932506738915208e+02
2.573645820787972411e+02
2.559736312756287191e+02
2.545984458264971693e+02
2.532310466231275825e+02
2.518684058942793058e+02
2.503352848160415078e+02
2.489056603059075030e+02
2.475152658185013195e+02
2.461410898010711037e+02
2.447747832838596764e+02
2.434131914432906285e+02
2.418757581949534483e+02
2.404454627929347907e+02
2.390556054997541651e+02
2.376823217493079881e+02
2.363169652926412994e+02
2.347872965280741937e+02
2.333580751212957125e+02
2.319670810190089867e+02
2.305920188647896225e+02
2.292247888620569825e+02
2.278623211585570516e+02
2.263284701890454187e+02
2.248987328798352792e+02
2.235084303641056920e+02
2.221344065304142816e+02
2.207682620231811086e+02
2.194068247730862993e+02
2.178687474375080342e+02
2.164383504113017409e+02
2.150485714646401050e+02
2.136754189574496365e+02
2.123102023604801616e+02
2.107799463169294825e+02
2.093506361335203678e+02
2.079597186882618018e+02
2.065847818452474485e+02
2.052176850965362291e+02
2.038553446473003135e+02
2.023209763695707863e+02
2.028727045898073129e+02
2.039745434206458015e+02
2.050964667578437570e+02
2.060669489176893308e+02
2.068410114990603859e+02
2.074172066625107504e+02
2.078080356293784519e+02
2.080295297549035354e+02
2.080976895114046954e+02
2.080273642846715632e+02
2.078319887367764522e+02
2.075236089487061406e+02
2.065053883052385686e+02
2.049845896314404570e+02
2.033521708500049385e+02
2.017462863943979130e+02
2.002397185168624389e+02
1.987723801225001239e+02
1.973224459218652669e+02
1.958819012507254911e+02
1.944476557796353404e+02
1.930183667551303301e+02
1.914538305429247202e+02
1.899687207970203531e+02
1.885150801928505189e+02
1.870756002762858827e+02
1.856439040330699584e+02
1.840816438711137266e+02
1.825966664487208675e+02
1.811424573610439950e+02
1.797022128078527601e+02
1.782697314728562787e+02
1.768425758207531260e+02
1.752701630469687473e+02
1.737840911294902924e+02
1.723317775842445769e+02
1.708942917762622926e+02
1.694646906323572182e+02
1.678953512760802766e+02
1.664095412090359503e+02
1.649565669288357412e+02
1.635181590122966782e+02
1.620876046761251246e+02
1.605214919421980539e+02
1.590360667031453943e+02
1.575825367687878327e+02
1.561432994854137064e+02
1.547118747283179516e+02
1.531486822665737577e+02
1.516635972429237711e+02
1.502095535727994786e+02
1.487695539634545980e+02
1.473373295601598443e+02
1.459104196213264402e+02
1.443371873449888483e+02
1.428510141273087868e+02
1.413988368941127760e+02
1.399615564893055080e+02
1.385321710570353559e+02
1.369620864916037988e+02
1.354761859820060295e+02
1.340233379534542735e+02
1.325851193588109993e+02
1.311547638157131246e+02
1.295879771097307298e+02
1.281024721832620799e+02
1.266490592518185991e+02
1.252099962255282719e+02
1.237787543216826549e+02
1.222149524182268578e+02
1.207297970731078465e+02
1.192758615245187599e+02
1.194771677887598145e+02
1.201005530360746718e+02
1.207228574203660401e+02
1.212091686378254565e+02
1.215259915102664507e+02
1.216744375154610935e+02
1.216664626908690678e+02
1.215165362210552189e+02
1.212388258302002839e+02
1.208463420084260633e+02
1.203507657930602051e+02
1.197625047623949399e+02
1.183687332579759328e+02
1.167553150714611832e+02
1.151302269410315233e+02
1.135843141285726574e+02
1.120708480410562231e+02
1.105726913907955264e+02
1.090834828742736704e+02
1.076007052326718991e+02
1.060027018670390646e+02
1.044709718346271359e+02
1.029666084976246054e+02
1.014754603283933108e+02
9.988898203578877144e+01
9.835784335607222317e+01
9.685048452388339513e+01
9.535532621546586540e+01
9.386797297356132219e+01
9.228026275898507436e+01
9.074931743973561993e+01
8.924260447444201816e+01
8.774820695949432547e+01
8.626161235820222828e+01
8.467185881391598912e+01
8.314075287669777481e+01
8.163450086022861285e+01
8.014074357891625766e+01
7.865481393778436825e+01
7.706320677693678078e+01
7.553194990665805619e+01
7.402610914847876700e+01
7.253292533231676487e+01
7.104759159842748772e+01
6.945430765452179855e+01
6.792291113103057398e+01
6.641743822549098297e+01
6.492476866825047921e+01
6.343996943586770954e+01
6.184516881264970323e+01
6.031364343404699468e+01
5.880849986455491063e+01
5.731629180508200960e+01
5.583197233277232385e+01
5.423579993272160493e+01
5.270415594157955752e+01
5.119930747690521855e+01
4.970751384134836570e+01
4.822362527225900664e+01
4.662621221788234749e+01
4.638420875004887733e+01
4.648558489800480231e+01
4.658426952014949762e+01
4.657113852109432628e+01
4.642019335674784486e+01
4.613356429728147390e+01
4.572199056902736913e+01
4.519801596750212269e+01
4.457372404044676983e+01
4.386007889082252831e+01
4.306682125747097700e+01
4.220254618851782880e+01
4.071031515557016434e+01
3.906176278841638094e+01
3.742283920470583070e+01
3.584233739007378716e+01
3.428775151599512583e+01
3.274686256999019207e+01
3.121498618442746675e+01
2.960908979655885886e+01
2.804262357188050103e+01
2.649495080204791009e+01
2.495830576165965553e+01
2.342960888382477691e+01
2.181779788296035605e+01
2.025111981671221884e+01
1.870510880191708480e+01
1.717065848649306048e+01
1.556699088196275227e+01
1.400046256479953044e+01
1.245198301658521345e+01
1.091432606913140901e+01
9.384600265701596555e+00
7.775252015545028428e+00
6.208694142266457661e+00
4.662032026706851795e+00
3.126709996405798719e+00
1.525337230322499460e+00
-4.109039556267868321e-02
-1.590192291077965114e+00
-3.128679212553206579e+00
-4.659262266856378787e+00
-6.266561960729028158e+00
-7.833024479759737702e+00
-9.380234397467546614e+00
-1.091628828454535594e+01
-1.251575473661123006e+01
-1.408210332927767183e+01
-1.563172832987708638e+01
-1.717091131059193643e+01
-1.870221318781864284e+01
-2.030781085606492908e+01
-2.187419789167975992e+01
-2.342186792461345846e+01
-2.495853523729675771e+01
-2.648726134027772261e+01
-2.809899235114937355e+01
-2.966566602914376105e+01
-3.121169757063640304e+01
-3.274617555618466014e+01
-3.312331169101921091e+01
-3.324099040890011025e+01
-3.339963317733088388e+01
-3.368828067987744390e+01
-3.412276444580778900e+01
-3.469495911421690693e+01
-3.539014055276950188e+01
-3.619292892671735018e+01
-3.708917094424494110e+01
-3.806639925860391571e+01
-3.911381222468644836e+01
-4.022210849076553529e+01
-4.184582585585873460e+01
-4.358555729918281685e+01
-4.529952556300563771e+01
-4.694135086372509136e+01
-4.850105843320444166e+01
-4.998373727332877081e+01
-5.141808481547234067e+01
-5.289793898117116555e+01
-5.439528137984457601e+01
-5.589762574307057719e+01
-5.740020716156091396e+01
-5.890141044250059110e+01
-6.040085445789188157e+01
-6.189862698500660088e+01
-6.339498342058674751e+01
-6.489022905680172926e+01
-6.638467352104869690e+01
-6.787861350763418500e+01
-6.937232659286871694e+01
-7.086606939858970122e+01
-7.236007747007509749e+01
-7.385456583614444526e+01
-7.534972984382862649e+01
-7.684574610344570544e+01
-7.834277347509903677e+01
-7.984095406521329608e+01
-8.134041421697739338e+01
-8.284126548511913768e+01
-8.434360558857302692e+01
-8.584751933635577359e+01
-8.735307952312395230e+01
-8.886034779176053178e+01
-9.036937546104515206e+01
-9.188020431705834312e+01
-9.339286736747760642e+01
-9.490738955835597324e+01
-9.642378845334209814e+01
-9.794207487561138237e+01
-9.946225351303773721e+01
-1.009843234873498972e+02
-1.025082788881913700e+02
-1.040341092731423771e+02
-1.055618001348712767e+02
-1.070913333366649027e+02
-1.086226875176462698e+02
-1.101558384690266053e+02
-1.116907594827602850e+02
-1.132274216739784976e+02
-1.141060954086964330e+02
-1.148650771895487850e+02
-1.156852335947243517e+02
-1.166168451827482500e+02
-1.176645422444150171e+02
-1.188182712132547891e+02
-1.200643367393769552e+02
-1.213891816332525195e+02
-1.227805509329550802e+02
-1.242277329287605880e+02
-1.257214897209057796e+02
-1.272538963318049952e+02
-1.288607713787853584e+02
-1.305412118688018381e+02
-1.322821780319616494e+02
-1.340684572430529045e+02
-1.358877813399641354e+02
-1.377302510819722272e+02
-1.395877407823132046e+02
-1.414535093801366088e+02
-1.433218860220055717e+02
-1.451879711221418745e+02
-1.470482514068897046e+02
-1.489004962573063722e+02
-1.505884313048733247e+02
-1.522132193893863814e+02
-1.538138466031882388e+02
-1.554053972154748919e+02
-1.569936771918911234e+02
-1.585809031809852740e+02
-1.601679120433490198e+02
-1.617550136794404239e+02
-1.633423180209669852e+02
-1.649298596447643774e+02
-1.665176450055893440e+02
-1.681056702512468632e+02
-1.692220420712779116e+02
-1.702754664468728834e+02
-1.713963057721632595e+02
-1.726161994043374079e+02
-1.739333573463175071e+02
-1.753359556695835408e+02
-1.768103157004848924e+02
-1.783435994974104517e+02
-1.799245541660668550e+02
-1.815435818281399349e+02
-1.831925935311951434e+02
-1.848648088796173852e+02
-1.865124507479379474e+02
-1.881506528252317025e+02
-1.897829688361791227e+02
-1.914068345040246300e+02
-1.930172441551391103e+02
-1.946173485649610768e+02
-1.962117460410582908e+02
-1.978035319980217821e+02
-1.993943412589867705e+02
-2.009849398333763588e+02
-2.025756595703044241e+02
-2.041666338721700527e+02
-2.057579102674983176e+02
-2.073495005569296552e+02
-2.089414021924999361e+02
-2.105336071201402319e+02
-2.121261053542252739e+02
-2.137188863946486777e+02
-2.153119397770129240e+02
-2.169052552796358100e+02
-2.184988229963468598e+02
-2.200926333573776219e+02
-2.216866771304241581e+02
-2.232809454142795857e+02
-2.249950966542417348e+02
-2.267888855905748073e+02
-2.286377195718789608e+02
-2.305246695824822893e+02
-2.324371331356637711e+02
-2.343653207067027040e+02
-2.363014690898339154e+02
-2.382393575232106571e+02
-2.401739575054933766e+02
-2.421011409542642241e+02
-2.440174003198306991e+02
-2.459195306680092870e+02
-2.471464447164793228e+02
-2.481981205484633790e+02
-2.492566352445368238e+02
-2.503786370194915776e+02
-2.515758466869879157e+02
-2.528446898360548403e+02
-2.541770490544074335e+02
-2.555640657279445520e+02
-2.569973989258996312e+02
-2.584695598431247276e+02
-2.599739107131164246e+02
-2.615045356194393662e+02
-2.631814142392722715e+02
-2.649462398892685542e+02
-2.667696590715021898e+02
-2.686336158192373205e+02
-2.705253553757445957e+02
-2.724351155976996779e+02
-2.743551298911751815e+02
-2.762791055067000912e+02
-2.782018784637928093e+02
-2.801191304562456708e+02
-2.820271100658342789e+02
-2.839223090900892430e+02
-2.861176078428031815e+02
-2.884253656210028680e+02
-2.907707127404922289e+02
-2.931210334326666498e+02
-2.954602553509487279e+02
-2.977793287783476899e+02
-3.000725785738850391e+02
-3.023362022215324600e+02
-3.045675601467544311e+02
-3.067647560039710584e+02
-3.089263030307736813e+02
-3.110507606665710796e+02
-3.117600211583853707e+02
-3.121049366030106853e+02
-3.124520769878928945e+02
-3.129162689714310090e+02
-3.135229144787721793e+02
-3.142671645772389866e+02
-3.151351548657091257e+02
-3.161114408453500459e+02
-3.171814552115278047e+02
-3.183321918894835107e+02
-3.195522754537728360e+02
-3.208318317398386057e+02
-3.227062112088036656e+02
-3.247950197214170771e+02
-3.269587089674439540e+02
-3.291479173059523760e+02
-3.313411035293754026e+02
-3.335271137773390819e+02
-3.356991801186676980e+02
-3.378526493840834632e+02
-3.399840362654580872e+02
-3.420908961912060136e+02
-3.441717641656435376e+02
-3.462258706855066066e+02
-3.487423660372245422e+02
-3.514060561169888501e+02
-3.540984368061660916e+02
-3.567731369691186387e+02
-3.594108332616552275e+02
-3.620028025603951392e+02
-3.645448085728473302e+02
-3.670347263431978035e+02
-3.694715183996748351e+02
-3.718546844639132019e+02
-3.741838367990526422e+02
-3.764589160533355994e+02
-3.771463390719430322e+02
-3.773909626758559170e+02
-3.775961035827682508e+02
-3.778934675289842176e+02
-3.783177390023324165e+02
-3.788700313547942073e+02
