1.000009998000066616e+03
1.000109998000066639e+03
1.000209998000066662e+03
1.000309998000066685e+03
1.000409998000066707e+03
1.000509998000066730e+03
1.000609998000066753e+03
1.000709998000066776e+03
1.000809998000066798e+03
1.000909998000066821e+03
1.001009998000066844e+03
1.001109998000066867e+03
1.001209998000066889e+03
1.001309998000066912e+03
1.001409998000066935e+03
1.001509998000066958e+03
1.001609998000066980e+03
1.001709998000067003e+03
1.001809998000067026e+03
1.001909998000067048e+03
1.002009998000067071e+03
1.002109998000067094e+03
1.002209998000067117e+03
1.002309998000067139e+03
1.002409998000067162e+03
1.002509998000067185e+03
1.002609998000067208e+03
1.002709998000067230e+03
1.002809998000067253e+03
1.002909998000067276e+03
1.003009998000067299e+03
1.003109998000067321e+03
1.003209998000067344e+03
1.003309998000067367e+03
1.003409998000067390e+03
1.003509998000067412e+03
1.003609998000067435e+03
1.003709998000067458e+03
1.003809998000067480e+03
1.003909998000067503e+03
1.004009998000067526e+03
1.004109998000067549e+03
1.004209998000067571e+03
1.004309998000067594e+03
1.004409998000067617e+03
1.004509998000067640e+03
1.004609998000067662e+03
1.004709998000067685e+03
1.004809998000067708e+03
1.004909998000067731e+03
1.005009998000067753e+03
1.005109998000067776e+03
1.005209998000067799e+03
1.005309998000067822e+03
1.005409998000067844e+03
1.005509998000067867e+03
1.005609998000067890e+03
1.005709998000067912e+03
1.005809998000067935e+03
1.005909998000067958e+03
1.006009998000067981e+03
1.006109998000068003e+03
1.006209998000068026e+03
1.006309998000068049e+03
1.006409998000068072e+03
1.006509998000068094e+03
1.006609998000068117e+03
1.006709998000068140e+03
1.006809998000068163e+03
1.006909998000068185e+03
1.007009998000068208e+03
1.007109998000068231e+03
1.007209998000068254e+03
1.007309998000068276e+03
1.007409998000068299e+03
1.007509998000068322e+03
1.007609998000068344e+03
1.007709998000068367e+03
1.007809998000068390e+03
1.007909998000068413e+03
1.008009998000068435e+03
1.008109998000068458e+03
1.008209998000068481e+03
1.008309998000068504e+03
1.008409998000068526e+03
1.008509998000068549e+03
1.008609998000068572e+03
1.008709998000068595e+03
1.008809998000068617e+03
1.008909998000068640e+03
1.009009998000068663e+03
1.009109998000068686e+03
1.009209998000068708e+03
1.009309998000068731e+03
1.009409998000068754e+03
1.009509998000068776e+03
1.009609998000068799e+03
1.009709998000068822e+03
1.009809998000068845e+03
1.009909998000068867e+03
1.010009998000068890e+03
1.010109998000068913e+03
1.010209998000068936e+03
1.010309998000068958e+03
1.010409998000068981e+03
1.010509998000069004e+03
1.010609998000069027e+03
1.010709998000069049e+03
1.010809998000069072e+03
1.010909998000069095e+03
1.011009998000069118e+03
1.011109998000069140e+03
1.011209998000069163e+03
1.011309998000069186e+03
1.011409998000069209e+03
1.011509998000069231e+03
1.011609998000069254e+03
1.011709998000069277e+03
1.011809998000069299e+03
1.011909998000069322e+03
1.012009998000069345e+03
1.012109998000069368e+03
1.012209998000069390e+03
1.012309998000069413e+03
1.012409998000069436e+03
1.012509998000069459e+03
1.012609998000069481e+03
1.012709998000069504e+03
1.012809998000069527e+03
1.012909998000069550e+03
1.013009998000069572e+03
1.013109998000069595e+03
1.013209998000069618e+03
1.013309998000069641e+03
1.013409998000069663e+03
1.013509998000069686e+03
1.013609998000069709e+03
1.013709998000069731e+03
1.013809998000069754e+03
1.013909998000069777e+03
1.014009998000069800e+03
1.014109998000069822e+03
1.014209998000069845e+03
1.014309998000069868e+03
1.014409998000069891e+03
1.014509998000069913e+03
1.014609998000069936e+03
1.014709998000069959e+03
1.014809998000069982e+03
1.014909998000070004e+03
1.015009998000070027e+03
1.015109998000070050e+03
1.015209998000070073e+03
1.015309998000070095e+03
1.015409998000070118e+03
1.015509998000070141e+03
1.015609998000070163e+03
1.015709998000070186e+03
1.015809998000070209e+03
1.015909998000070232e+03
1.016009998000070254e+03
1.016109998000070277e+03
1.016209998000070300e+03
1.016309998000070323e+03
1.016409998000070345e+03
1.016509998000070368e+03
1.016609998000070391e+03
1.016709998000070414e+03
1.016809998000070436e+03
1.016909998000070459e+03
1.017009998000070482e+03
1.017109998000070505e+03
1.017209998000070527e+03
1.017309998000070550e+03
1.017409998000070573e+03
1.017509998000070595e+03
1.017609998000070618e+03
1.017709998000070641e+03
1.017809998000070664e+03
1.017909998000070686e+03
1.018009998000070709e+03
1.018109998000070732e+03
1.018209998000070755e+03
1.018309998000070777e+03
1.018409998000070800e+03
1.018509998000070823e+03
1.018609998000070846e+03
1.018709998000070868e+03
1.018809998000070891e+03
1.018909998000070914e+03
1.019009998000070937e+03
1.019109998000070959e+03
1.019209998000070982e+03
1.019309998000071005e+03
1.019409998000071027e+03
1.019509998000071050e+03
1.019609998000071073e+03
1.019709998000071096e+03
1.019809998000071118e+03
1.019909998000071141e+03
1.020009643222154637e+03
1.020109431367049524e+03
1.020209278587734957e+03
1.020309168452562858e+03
1.020409089093083708e+03
1.020509031938352450e+03
1.020608990799843809e+03
1.020708961210032840e+03
1.020808939944419421e+03
1.020908924676176412e+03
1.021008913726656260e+03
1.021108905885169406e+03
1.021208900278817737e+03
1.021308896278488987e+03
1.021408893430975922e+03
1.021508891409965145e+03
1.021608889980655363e+03
1.021708888974219235e+03
1.021808888269373824e+03
1.021908887779081738e+03
1.022008887440960734e+03
1.022108887210366220e+03
1.022208887055404830e+03
1.022308886953342039e+03
1.022408886888013740e+03
1.022508886847964391e+03
1.022608886825106651e+03
1.022708886813757999e+03
1.022808886809949854e+03
1.022908886810930994e+03
1.023008886814812627e+03
1.023108886820313728e+03
1.023208886826580510e+03
1.023308886833056590e+03
1.023408886839391698e+03
1.023508886845376651e+03
1.023608886850897420e+03
1.023708886855903074e+03
1.023808886860384177e+03
1.023908886864356646e+03
1.024008564489855189e+03
1.024108257148260009e+03
1.024207949806664828e+03
1.024307642465069648e+03
1.024407335123474468e+03
1.024507027781879287e+03
1.024606720440284107e+03
1.024706413098688927e+03
1.024806105757093746e+03
1.024905798415498566e+03
1.025005491073903386e+03
1.025105183732308205e+03
1.025204876390713025e+03
1.025304569049117845e+03
1.025404261707522664e+03
1.025503954365927484e+03
1.025603647024332304e+03
1.025703339682737123e+03
1.025803032341141943e+03
1.025902724999546763e+03
1.026001419093386858e+03
1.026100382468952830e+03
1.026199482360093725e+03
1.026298690777182401e+03
1.026397986007694726e+03
1.026497351100347942e+03
1.026596772734905016e+03
1.026696240376338437e+03
1.026795745639093866e+03
1.026895281806995399e+03
1.026994843468800354e+03
1.027094426240001212e+03
1.027194026549196451e+03
1.027293641473027719e+03
1.027393268607822392e+03
1.027492905969124649e+03
1.027592551912540102e+03
1.027692205070968384e+03
1.027791864304509545e+03
1.027891528660243239e+03
1.027991545990403438e+03
1.028091537128963637e+03
1.028191508716781755e+03
1.028291456683369233e+03
1.028391379513401489e+03
1.028491277323530312e+03
1.028591151227521777e+03
1.028691002904926108e+03
1.028790834312690322e+03
1.028890647496554038e+03
1.028990444471560068e+03
1.029090227149976272e+03
1.029189997301323501e+03
1.029289756533783248e+03
1.029389506289500105e+03
1.029489247848613786e+03
1.029588982338482765e+03
1.029688710745708477e+03
1.029788433929380972e+03
1.029888152634521248e+03
1.029987867505085433e+03
1.030087579096158152e+03
1.030187287885139995e+03
1.030286994281852458e+03
1.030386698637554673e+03
1.030486401252921496e+03
1.030586102385045933e+03
1.030685802253555948e+03
1.030785501045927731e+03
1.030885198922089785e+03
1.030984896018395602e+03
1.031084592451044273e+03
1.031184288319021562e+03
1.031283983706621939e+03
1.031383678685607720e+03
1.031483373317059204e+03
1.031583067652952877e+03
1.031682761737511782e+03
1.031782455608356031e+03
1.031882149297484830e+03
1.031981842832113671e+03
1.032081536378404280e+03
1.032181229924694890e+03
1.032280923470985499e+03
1.032380617017276109e+03
1.032480310563566718e+03
1.032580004109857327e+03
1.032679697656147937e+03
1.032779391202438546e+03
1.032879084748729156e+03
1.032978778295019765e+03
1.033078471841310375e+03
1.033178165387600984e+03
1.033277858933891594e+03
1.033377552480182203e+03
1.033477246026472812e+03
1.033576939572763422e+03
1.033676633119054031e+03
1.033776326665344641e+03
1.033876020211635250e+03
1.033974716166385178e+03
1.034073681168888243e+03
1.034172782576477175e+03
1.034271992415982595e+03
1.034371288988906599e+03
1.034470655355913550e+03
1.034570078206938433e+03
1.034669547015611670e+03
1.034769053403745602e+03
1.034868590661430517e+03
1.034968153382755190e+03
1.035067737187745479e+03
1.035167338508854982e+03
1.035266954426003849e+03
1.035366582538306602e+03
1.035466220863677336e+03
1.035565867759736875e+03
1.035665521861097204e+03
1.035765182029315156e+03
1.035864847312707752e+03
1.035964864585771693e+03
1.036064855898151791e+03
1.036164827767015367e+03
1.036264776105770807e+03
1.036364699385405402e+03
1.036464597710938506e+03
1.036564472186252715e+03
1.036664324482499296e+03
1.036764156549488916e+03
1.036863970426896458e+03
1.036963768124612443e+03
1.037063551550525290e+03
1.037163322470435787e+03
1.037263082489363114e+03
1.037362833046764081e+03
1.037462575420495796e+03
1.037562310735975188e+03
1.037662039978154098e+03
1.037761764004721044e+03
1.037861483559505359e+03
1.037961199285450448e+03
1.038060911736780554e+03
1.038160621390164124e+03
1.038260328654801015e+03
1.038360033881422169e+03
1.038459737370253151e+03
1.038559439378005436e+03
1.038659140123981615e+03
1.038758839795382755e+03
1.038858538551902711e+03
1.038958236529695569e+03
1.039057933844791251e+03
1.039157630596031595e+03
1.039257326867588063e+03
1.039357022731119741e+03
1.039456718247617800e+03
1.039556413468984147e+03
1.039656108439377704e+03
1.039755803196364013e+03
1.039855497771896580e+03
1.039955192193151788e+03
1.040054886626046027e+03
1.040154581058940266e+03
1.040254275491834505e+03
1.040353969924728744e+03
1.040453664357622984e+03
1.040553358790517223e+03
1.040653053223411462e+03
1.040752747656305701e+03
1.040852442089199940e+03
1.040952136522094179e+03
1.041051830954988418e+03
1.041151525387882657e+03
1.041251219820776896e+03
1.041350914253671135e+03
1.041450608686565374e+03
1.041550303119459613e+03
1.041649997552353852e+03
1.041749691985248091e+03
1.041849386418142331e+03
1.041948084232532665e+03
1.042047050860699756e+03
1.042146153783461841e+03
1.042245365044107984e+03
1.042344662958166509e+03
1.042444030598248901e+03
1.042543454664463297e+03
1.042642924639096918e+03
1.042742432151329012e+03
1.042841970497517423e+03
1.042941534277081018e+03
1.043041119114579487e+03
1.043140721446322004e+03
1.043240338355506992e+03
1.043339967444036120e+03
1.043439606732193624e+03
1.043539254579615090e+03
1.043638909622625761e+03
1.043738570724238116e+03
1.043838236934007909e+03
1.043938254148688657e+03
1.044038245633602173e+03
1.044138217782225638e+03
1.044238166491863240e+03
1.044338090219814603e+03
1.044437989059467327e+03
1.044537864104819619e+03
1.044637717018623789e+03
1.044737549743554155e+03
1.044837364313221542e+03
1.044937162732363504e+03
1.045036946904489923e+03
1.045136718591680165e+03
1.045236479395791548e+03
1.045336230753594009e+03
1.045435973940660233e+03
1.045535710080466743e+03
1.045635440156316236e+03
1.045735165024494790e+03
1.045834885427640302e+03
1.045934602007683452e+03
1.046034315317987648e+03
1.046134025834490558e+03
1.046233733965769488e+03
1.046333440062027194e+03
1.046433144423039948e+03
1.046532847305137011e+03
1.046632548927297194e+03
1.046732249476445304e+03
1.046831949112040547e+03
1.046931647970037830e+03
1.047031346166297908e+03
1.047131043799518693e+03
1.047230740953749091e+03
1.047330437700543825e+03
1.047430134100806299e+03
1.047529830206362703e+03
1.047629526061308297e+03
1.047729221703154735e+03
1.047828917163808683e+03
1.047928612470407643e+03
1.048028307788622897e+03
1.048128003106838150e+03
1.048227698425053404e+03
1.048327393743268658e+03
1.048427089061483912e+03
1.048526784379699166e+03
1.048626479697914419e+03
1.048726175016129673e+03
1.048825870334344927e+03
1.048925565652560181e+03
1.049025260970775435e+03
1.049124956288990688e+03
1.049224651607205942e+03
1.049324346925421196e+03
1.049424042243636450e+03
1.049523737561851704e+03
1.049623432880066957e+03
1.049723128198282211e+03
1.049822823516497465e+03
1.049921523189258323e+03
1.050020491441816375e+03
1.050119595878476730e+03
1.050218808558987348e+03
1.050318107812902781e+03
1.050417476724783000e+03
1.050516902004907479e+03
1.050616373144221598e+03
1.050715881779272195e+03
1.050815421212683304e+03
1.050914986049205481e+03
1.051014571917931335e+03
1.051114175259025615e+03
1.051213793158965245e+03
1.051313423222439269e+03
1.051413063472101840e+03
1.051512712269603753e+03
1.051612368252982606e+03
1.051712030286707432e+03
1.051811697421572262e+03
1.051911714576583336e+03
1.052011706232744245e+03
1.052111678659841573e+03
1.052211627739075539e+03
1.052311551914058327e+03
1.052411451266545555e+03
1.052511326880651040e+03
1.052611180410728593e+03
1.052711013792315498e+03
1.052810829052959207e+03
1.052910628192243166e+03
1.053010413109299407e+03
1.053110185562486095e+03
1.053209947150498238e+03
1.053309699307418896e+03
1.053409443306537014e+03
1.053509180269388025e+03
1.053608911177625259e+03
1.053708636886132581e+03
1.053808358136356446e+03
1.053908075569215271e+03
1.054007789737211397e+03
1.054107501115551031e+03
1.054207210112189614e+03
1.054306917076801255e+03
1.054406622308712940e+03
1.054506326063872621e+03
1.054606028560934192e+03
1.054705729986546430e+03
1.054805430499934801e+03
1.054905130236854575e+03
1.055004829312996662e+03
1.055104527826915046e+03
1.055204225862536759e+03
1.055303923491312389e+03
1.055403620774056890e+03
1.055503317762521192e+03
1.055603014500736435e+03
1.055702711026160387e+03
1.055802407370653555e+03
1.055902103561313879e+03
1.056001799763567988e+03
1.056101495965822096e+03
1.056201192168076204e+03
1.056300888370330313e+03
1.056400584572584421e+03
1.056500280774838529e+03
1.056599976977092638e+03
1.056699673179346746e+03
1.056799369381600854e+03
1.056899065583854963e+03
1.056998761786109071e+03
1.057098457988363180e+03
1.057198154190617288e+03
1.057297850392871396e+03
1.057397546595125505e+03
1.057497242797379613e+03
1.057596938999633721e+03
1.057696635201887830e+03
1.057796331404141938e+03
1.057895032934003666e+03
1.057994002809679387e+03
1.058093108758963581e+03
1.058192322858062198e+03
1.058291623450557609e+03
1.058390993632957134e+03
1.058490420125712717e+03
1.058589892428428584e+03
1.058689402185016888e+03
1.058788942704370811e+03
1.058888508596570091e+03
1.058988095495242305e+03
1.059087699844407325e+03
1.059187318733819893e+03
1.059286949770957335e+03
1.059386590980843266e+03
1.059486240727143468e+03
1.059585897649608569e+03
1.059685560614164160e+03
1.059785228672841640e+03
1.059885245766896787e+03
1.059985237593018383e+03
1.060085210297303774e+03
1.060185159744848534e+03
1.060285084365577177e+03
1.060384984229614020e+03
1.060484860411188265e+03
1.060584714556254539e+03
1.060684548593214004e+03
1.060784364543549373e+03
1.060884164401692033e+03
1.060983950062394570e+03
1.061083723280294180e+03
1.061183485650924013e+03
1.061283238605679571e+03
1.061382983415566514e+03
1.061482721200178958e+03
1.061582452939520863e+03
1.061682179487074109e+03
1.061781901583093713e+03
1.061881619867485369e+03
1.061981334891890810e+03
1.062081047130784100e+03
1.062180756991499493e+03
1.062280464823182456e+03
1.062380170924710683e+03
1.062479875551650366e+03
1.062579578922330711e+03
1.062679281223124917e+03
1.062778982613023572e+03
1.062878683227582997e+03
1.062978383182324706e+03
1.063078082575658755e+03
1.063177781491389396e+03
1.063277480000863306e+03
1.063377178164807219e+03
1.063476876034896577e+03
1.063576573655099537e+03
1.063676271062818159e+03
1.063775968289867933e+03
1.063875665363307235e+03
1.063975362448317583e+03
1.064075059533327931e+03
1.064174756618338279e+03
1.064274453703348627e+03
1.064374150788358975e+03
1.064473847873369323e+03
1.064573544958379671e+03
1.064673242043390019e+03
1.064772939128400367e+03
1.064872636213410715e+03
1.064972333298421063e+03
1.065072030383431411e+03
1.065171727468441759e+03
1.065271424553452107e+03
1.065371121638462455e+03
1.065470818723472803e+03
1.065570515808483151e+03
1.065670212893493499e+03
1.065769909978503847e+03
1.065868613364197017e+03
1.065967584861717341e+03
1.066066692322350264e+03
1.066165907838760859e+03
1.066265209768558407e+03
1.066364581220198943e+03
1.066464008924307336e+03
1.066563482389144610e+03
1.066662993265991418e+03
1.066762534870007130e+03
1.066862101816603399e+03
1.066961689743940724e+03
1.067061295099895005e+03
1.067160914977499488e+03
1.067260546987018415e+03
1.067360189155846228e+03
1.067459839849663013e+03
1.067559497709932884e+03
1.067659161604037081e+03
1.067758830585245505e+03
1.067858847617057791e+03
1.067958839611854501e+03
1.068058812592041477e+03
1.068158762406611231e+03
1.068258687471800613e+03
1.068358587846101500e+03
1.068458464593859617e+03
1.068558319352630406e+03
1.068658154043677996e+03
1.068757970682421501e+03
1.068857771258138882e+03
1.068957557661203737e+03
1.069057331642533200e+03
1.069157094794497198e+03
1.069256848545804814e+03
1.069356594165177285e+03
1.069456332770268318e+03
1.069556065339431825e+03
1.069655792724748153e+03
1.069755515665280882e+03
1.069855234799922755e+03
1.069954950679454669e+03
1.070054663777619453e+03
1.070154374501129041e+03
1.070254083198600711e+03
1.070353790168463092e+03
1.070453495665900164e+03
1.070553199908916895e+03
1.070652903083610454e+03
1.070752605348737006e+03
1.070852306839653465e+03
1.070952007671712181e+03
1.071051707943179053e+03
1.071151407737736236e+03
1.071251107126626266e+03
1.071350806170486976e+03
1.071450504920919457e+03
1.071550203421827064e+03
1.071649901710558652e+03
1.071749599818882416e+03
1.071849297773817852e+03
1.071948995740301825e+03
1.072048693706785798e+03
1.072148391673269771e+03
1.072248089639753744e+03
1.072347787606237716e+03
1.072447485572721689e+03
1.072547183539205662e+03
1.072646881505689635e+03
1.072746579472173607e+03
1.072846277438657580e+03
1.072945975405141553e+03
1.073045673371625526e+03
1.073145371338109499e+03
1.073245069304593471e+03
1.073344767271077444e+03
1.073444465237561417e+03
1.073544163204045390e+03
1.073643861170529362e+03
1.073743559137013335e+03
1.073842264377268066e+03
1.073941237495360156e+03
1.074040346466067149e+03
1.074139563398513246e+03
1.074238866664336001e+03
1.074338239383939481e+03
1.074437668298120798e+03
1.074537142923800275e+03
1.074636654919625016e+03
1.074736197607022177e+03
1.074835765606734412e+03
1.074935354561456052e+03
1.075034960922918344e+03
1.075134581787433035e+03
1.075234214768052425e+03
1.075333857894539960e+03
1.075433509534591394e+03
1.075533168331383649e+03
1.075632833153754518e+03
1.075732503056211499e+03
1.075832520024494443e+03
1.075932512186679560e+03
1.076032485441482777e+03
1.076132435621791501e+03
1.076232361130156505e+03
1.076332262013436775e+03
1.076432139326094102e+03
1.076531994697284745e+03
1.076631830041136709e+03
1.076731647367004143e+03
1.076831448659012267e+03
1.076931235803156369e+03
1.077031010546631705e+03
1.077130774478647027e+03
1.077230529025223404e+03
1.077330275452798332e+03
1.077430014877084886e+03
1.077529748274787380e+03
1.077629476496584175e+03
1.077729200280346959e+03
1.077828920263956206e+03
1.077928636997331978e+03
1.078028350953485187e+03
1.078128062538506583e+03
1.078227772100484344e+03
1.078327479937398039e+03
1.078427186304049883e+03
1.078526891418120158e+03
1.078626595465430682e+03
1.078726298604502517e+03
1.078826000970493624e+03
1.078925702678586958e+03
1.079025403826904494e+03
1.079125104499005374e+03
1.079224804766029138e+03
1.079324504688524257e+03
1.079424204318017246e+03
1.079523903698347340e+03
1.079623602866808824e+03
1.079723301855124191e+03
1.079823000690274057e+03
1.079922699536949494e+03
1.080022398383624932e+03
1.080122097230300369e+03
1.080221796076975806e+03
1.080321494923651244e+03
1.080421193770326681e+03
1.080520892617002119e+03
1.080620591463677556e+03
1.080720290310352993e+03
1.080819989157028431e+03
1.080919688003703868e+03
1.081019386850379306e+03
1.081119085697054743e+03
1.081218784543730180e+03
1.081318483390405618e+03
1.081418182237081055e+03
1.081517881083756492e+03
1.081617579930431930e+03
1.081717278777107367e+03
1.081815985870654004e+03
1.081914960608044794e+03
1.082014071087550747e+03
1.082113289434756325e+03
1.082212594035326674e+03
1.082311968021614575e+03
1.082411398144590294e+03
1.082510873929832314e+03
1.082610387043355104e+03
1.082709930812853372e+03
1.082809499864400777e+03
1.082909089845225481e+03
1.083008697210914534e+03
1.083108319061058182e+03
1.083207953011495874e+03
1.083307597094361654e+03
1.083407249679365805e+03
1.083506909411398738e+03
1.083606575160754119e+03
1.083706245983177496e+03
1.083806262886644845e+03
1.083906255214932344e+03
1.084006228743065321e+03
1.084106179287827672e+03
1.084206105238082273e+03
1.084306006629057038e+03
1.084405884505328459e+03
1.084505740487654521e+03
1.084605576483026198e+03
1.084705394494733582e+03
1.084805196501749151e+03
1.084904984385688522e+03
1.085004759890026662e+03
1.085104524600809782e+03
1.085204279941371624e+03
1.085304027175866167e+03
1.085403767418065172e+03
1.085503501643023583e+03
1.085603230700017775e+03
1.085702955325727999e+03
1.085802676157021779e+03
1.085902393742958566e+03
1.086002108555817813e+03
1.086101821001067947e+03
1.086201531426269185e+03
1.086301240128951576e+03
1.086400947363535806e+03
1.086500653347377465e+03
1.086600358266022113e+03
1.086700062277756842e+03
1.086799765517540209e+03
1.086899468100385548e+03
1.086999170124270904e+03
1.087098871672633550e+03
1.087198572816508204e+03
1.087298273616355345e+03
1.087397974123626000e+03
1.087497674382095965e+03
1.087597374429005413e+03
1.087697074296030223e+03
1.087796774010111221e+03
1.087896473735695508e+03
1.087996173461279795e+03
1.088095873186864083e+03
1.088195572912448370e+03
1.088295272638032657e+03
1.088394972363616944e+03
1.088494672089201231e+03
1.088594371814785518e+03
1.088694071540369805e+03
1.088793771265954092e+03
1.088893470991538379e+03
1.088993170717122666e+03
1.089092870442706953e+03
1.089192570168291240e+03
1.089292269893875527e+03
1.089391969619459815e+03
1.089491669345044102e+03
1.089591369070628389e+03
1.089691068796212676e+03
1.089789777741781791e+03
1.089888754097197761e+03
1.089987866084228017e+03
1.090087085844916373e+03
1.090186391778957159e+03
1.090285767030650959e+03
1.090385198361142329e+03
1.090484675304667235e+03
1.090584189534608186e+03
1.090683734384927220e+03
1.090783304487029000e+03
1.090882895492675743e+03
1.090982503861310306e+03
1.091082126695801207e+03
1.091181761614775724e+03
1.091281406652737815e+03
1.091381060181413204e+03
1.091480720847404655e+03
1.091580387522462615e+03
1.091680059263570683e+03
1.091780076100935503e+03
1.091880068594039130e+03
1.091980042394216071e+03
1.092079993302146477e+03
1.092179919693005786e+03
1.092279821590389474e+03
1.092379700028990328e+03
1.092479556621167376e+03
1.092579393266774559e+03
1.092679211963037915e+03
1.092779014683776722e+03
1.092878803306227837e+03
1.092978579570145257e+03
1.093078345058412879e+03
1.093178101191677115e+03
1.093277849231807750e+03
1.093377590290636363e+03
1.093477325341567621e+03
1.093577055232476596e+03
1.093676780698851417e+03
1.093776502376547114e+03
1.093876220813762075e+03
1.093975936482044744e+03
1.094075649786241229e+03
1.094175361073383556e+03
1.094275070640552258e+03
1.094374778741786258e+03
1.094474485594116459e+03
1.094574191382812842e+03
1.094673896265928079e+03
1.094773600378221090e+03
1.094873303834535818e+03
1.094973006732706608e+03
1.095072709156048177e+03
1.095172411175491106e+03
1.095272112851407655e+03
1.095371814235173815e+03
1.095471515370501265e+03
1.095571216294575834e+03
1.095670917039027245e+03
1.095770617630757215e+03
1.095870318233967737e+03
1.095970018837178259e+03
1.096069719440388781e+03
1.096169420043599303e+03
1.096269120646809824e+03
1.096368821250020346e+03
1.096468521853230868e+03
1.096568222456441390e+03
1.096667923059651912e+03
1.096767623662862434e+03
1.096867324266072956e+03
1.096967024869283478e+03
1.097066725472493999e+03
1.097166426075704521e+03
1.097266126678915043e+03
1.097365827282125565e+03
1.097465527885336087e+03
1.097565228488546609e+03
1.097664929091757131e+03
1.097763639888078842e+03
1.097862617860246928e+03
1.097961731353526375e+03
1.098060952526421715e+03
1.098160259792655324e+03
1.098259636308477411e+03
1.098359068845204774e+03
1.098458546945733133e+03
1.098558062290811677e+03
1.098657608220670681e+03
1.098757179372045812e+03
1.098856771401233800e+03
1.098956380771532395e+03
1.099056004589089071e+03
1.099155640475318933e+03
1.099255286467095630e+03
1.099354940938160098e+03
1.099454602536828133e+03
1.099554270136306286e+03
1.099653942794816658e+03
