2.005331737028868133e-01
4.418875090991274401e-01
6.435469119344741085e-01
8.077290227928555222e-01
9.498793436449419758e-01
1.079128953794417090e+00
1.199690001023036245e+00
1.313326405926442231e+00
1.420741962964894967e+00
1.522218217759177206e+00
1.617883617561422183e+00
1.707821212023899804e+00
1.792109606523345944e+00
1.870837278194729558e+00
1.944106549071774159e+00
2.012033666262282416e+00
2.074747497773621774e+00
2.132387806674710617e+00
2.185103467980157088e+00
2.233050762958387558e+00
2.276391797671131201e+00
2.315293058839246410e+00
2.349924107089905068e+00
2.380456402531482496e+00
2.407062255589725641e+00
2.429913895279579794e+00
2.449182646869736857e+00
2.465038210937881225e+00
2.477648035993669673e+00
2.487176777107506620e+00
2.493785833296093823e+00
2.497632956762059653e+00
2.498871927451895569e+00
2.497652286774557862e+00
2.494119124705138191e+00
2.488412914878343152e+00
2.480669392650725058e+00
2.471019471475274454e+00
2.459589193284517084e+00
2.446499708916721083e+00
2.431867284942874186e+00
2.415803333558780963e+00
2.398414462496448518e+00
2.379802542181648217e+00
2.360064787620148596e+00
2.339293852733875578e+00
2.317577935090498809e+00
2.295000889176212144e+00
2.271642346552317004e+00
2.247577841412334188e+00
2.222878940218439681e+00
2.197613374244776097e+00
2.171845173991405531e+00
2.145634804557086550e+00
2.119039301172392253e+00
2.092112404197748798e+00
2.064904692984371959e+00
2.037463718080619213e+00
2.009834131342495223e+00
1.982057813575708094e+00
1.954173999398264749e+00
1.926219399067743643e+00
1.898228317066617210e+00
1.870232767282801190e+00
1.842262584661477964e+00
1.814345533238581609e+00
1.786507410496591897e+00
1.758772148009805747e+00
1.731161908369414748e+00
1.703697178398818179e+00
1.676396858686964642e+00
1.649278349482389938e+00
1.622357633003291610e+00
1.595649352229633333e+00
1.569166886252172155e+00
1.542922422260599724e+00
1.516927024258875933e+00
1.491190698600472153e+00
1.465722456439776611e+00
1.440530373198465774e+00
1.415621645147355334e+00
1.391002643205188738e+00
1.366678964056130541e+00
1.342655478687473813e+00
1.318936378448314350e+00
1.295525218728803996e+00
1.272424960358056190e+00
1.249638008817000490e+00
1.227166251360406024e+00
1.205011092140051199e+00
1.183173485418603788e+00
1.161653966961224249e+00
1.140452683689281432e+00
1.119569421677847565e+00
1.099003632575900946e+00
1.078754458525382542e+00
1.058820755652466916e+00
1.039201116201635466e+00
1.019893889380390384e+00
1.000897200979719903e+00
9.822089718327522423e-01
9.638269351714108257e-01
9.457486529383070106e-01
9.279715311086029761e-01
9.104928340741359483e-01
8.933096981397277148e-01
8.764191441792952286e-01
8.598180894971676480e-01
8.435033589378566621e-01
8.274716952854616059e-01
8.117197689918896897e-01
7.962441872711591984e-01
7.810415025951984447e-01
7.661082206247941118e-01
7.514408076076377618e-01
7.370356972737972523e-01
7.228892972573822684e-01
7.089979950716839285e-01
6.953581636636555485e-01
6.819661665722347443e-01
6.688183627137191944e-01
6.559111108161719272e-01
6.432407735236593815e-01
6.308037211900030528e-01
6.185963353806611664e-01
6.066150121003458517e-01
5.948561647630173921e-01
5.833162269199778649e-01
5.719916547609247282e-01
5.608789294019905780e-01
5.499745589740260288e-01
5.392750805236221634e-01
5.287770617386783334e-01
5.184771025096492902e-01
5.083718363369733595e-01
4.984579315945785738e-01
4.887320926588074599e-01
4.791910609115542785e-01
4.698316156259034759e-01
4.606505747420782115e-01
4.516447955410508586e-01
4.428111752227399389e-01
4.341466513953072814e-01
4.256482024816878318e-01
4.173128480491212766e-01
4.091376490671096433e-01
4.011197080989015729e-01
3.932561694312999845e-01
3.855442191472982505e-01
3.779810851457783838e-01
3.705640371122483900e-01
3.632903864443509101e-01
3.561574861356477384e-01
3.491627306209689752e-01
3.423035555864126778e-01
3.355774377468838110e-01
3.289818945938884909e-01
3.225144841161238785e-01
3.161728044952395456e-01
3.099544937790053023e-01
3.038572295339683205e-01
2.978787284795524348e-01
2.920167461054261060e-01
2.862690762738431816e-01
2.806335508085522901e-01
2.751080390717661195e-01
2.696904475305765270e-01
2.643787193141129976e-01
2.591708337626568159e-01
2.540648059698329964e-01
2.490586863189282463e-01
2.441505600143157595e-01
2.393385466088904512e-01
2.346207995283557945e-01
2.299955055931496295e-01
2.254608845387306715e-01
2.210151885348976830e-01
2.166567017047699439e-01
2.123837396439951231e-01
2.081946489407206224e-01
2.040878066968218885e-01
2.000616200508314180e-01
1.961145257029879851e-01
1.922449894427868955e-01
1.884515056793786003e-01
1.847325969751354435e-01
1.810868135826796954e-01
1.775127329856332759e-01
1.740089594433349429e-01
1.705741235397378042e-01
1.672068817366892945e-01
1.639059159317626524e-01
1.606699330208040677e-01
1.574976644653308389e-01
1.543878658649089908e-01
1.513393165346144098e-01
1.483508190876745292e-01
1.454211990233750806e-01
1.425493043202945564e-01
1.397340050349280272e-01
1.369741929057502472e-01
1.342687809627491902e-01
1.316167031424630984e-01
1.290169139085405592e-01
1.264683878778314896e-01
1.239701194520189675e-01
1.215211224547889657e-01
1.191204297745257767e-01
1.167670930125219164e-01
1.144601821366879879e-01
1.121987851407286185e-01
1.099820077087656500e-01
1.078089728853695028e-01
1.056788207509668231e-01
1.035907081025827375e-01
1.015438081398752496e-01
9.953731015641636981e-02
9.757041923617218449e-02
9.564235595513287391e-02
9.375235608803822451e-02
9.189967032014527415e-02
9.008356396398177479e-02
8.830331668103022502e-02
8.655822220828275626e-02
8.484758808960546350e-02
8.317073541185403263e-02
8.152699854567993509e-02
7.991572489096226972e-02
7.833627462680371745e-02
7.678802046602969944e-02
7.527034741412494401e-02
7.378265253254427669e-02
7.232434470633393453e-02
7.089484441600128750e-02
6.949358351356718644e-02
6.812000500273522607e-02
6.677356282312217617e-02
6.545372163847686109e-02
6.415995662883015871e-02
6.289175328651057384e-02
6.164860721596641946e-02
6.043002393732990057e-02
5.923551869366030370e-02
5.806461626180989266e-02
5.691685076684862427e-02
5.579176549998688533e-02
5.468891273994015700e-02
5.360785357767516857e-02
5.254815774447843535e-02
5.150940344329303644e-02
5.049117718326036341e-02
4.949307361741950989e-02
4.851469538350047794e-02
4.755565294776228913e-02
4.661556445181932323e-02
4.569405556240250382e-02
4.479075932400208154e-02
4.390531601434494863e-02
4.303737300264642851e-02
4.218658461059635045e-02
4.135261197602073391e-02
4.053512291917527044e-02
3.973379181162227380e-02
3.894829944763993773e-02
3.817833291812319091e-02
3.742358548692171355e-02
3.668375646957981046e-02
3.595855111442336494e-02
3.524768048596024772e-02
3.455086135054104973e-02
3.386781606424540264e-02
3.319827246294727169e-02
3.254196375452236834e-02
3.189862841315269093e-02
3.126801007569195157e-02
3.064985744005247620e-02
3.004392416557418594e-02
2.944996877533706189e-02
2.886775456038278426e-02
2.829704948580873125e-02
2.773762609869603532e-02
2.718926143783846269e-02
2.665173694523844880e-02
2.612483837933646247e-02
2.560835572993615250e-02
2.510208313479917949e-02
2.460581879787342510e-02
2.411936490912316641e-02
2.364252756593357083e-02
2.317511669605465743e-02
2.271694598205867971e-02
2.226783278728010698e-02
2.182759808320925213e-02
2.139606637831258096e-02
2.097306564824853725e-02
2.055842726745958637e-02
2.015198594210346195e-02
1.975357964430645916e-02
1.936304954770883685e-02
1.898023996427560672e-02
1.860499828235349234e-02
1.823717490594476548e-02
1.787662319517633117e-02
1.752319940794101055e-02
1.717676264268728353e-02
1.683717478233438813e-02
1.650430043929470084e-02
1.617800690157584001e-02
1.585816407994710894e-02
1.554464445614434781e-02
1.523732303209765840e-02
1.493607728015739801e-02
1.464078709430270513e-02
1.435133474231136026e-02
1.406760481887362087e-02
1.378948419962825432e-02
1.351686199610598049e-02
1.324962951156234345e-02
1.298768019768086791e-02
1.273090961212905957e-02
1.247921537695329160e-02
1.223249713779481565e-02
1.199065652390930020e-02
1.175359710897364192e-02
1.152122437267004591e-02
1.129344566302540112e-02
1.107017015949452593e-02
1.085130883677190225e-02
1.063677442931860832e-02
1.042648139658762518e-02
1.022034588893872345e-02
1.001828571422201664e-02
9.820220305024152802e-03
9.626070686562201648e-03
9.435759445207893281e-03
9.249210697636626316e-03
9.066350060583013362e-03
8.887104621196411855e-03
8.711402907979176255e-03
8.539174862301495902e-03
8.370351810477807963e-03
8.204866436393058737e-03
8.042652754671742593e-03
7.883646084375858093e-03
7.727783023224671539e-03
7.575001422319548733e-03
7.425240361371408110e-03
7.278440124417128246e-03
7.134542176014349590e-03
6.993489137907324751e-03
6.855224766154783753e-03
6.719693928708079730e-03
6.586842583433248632e-03
6.456617756566909380e-03
6.328967521598115840e-03
6.203840978567656990e-03
6.081188233776075279e-03
5.960960379892286422e-03
5.843109476456346575e-03
5.727588530766954296e-03
5.614351479146735373e-03
5.503353168576445228e-03
5.394549338694184029e-03
5.287896604149695812e-03
5.183352437306650538e-03
5.080875151287494139e-03
4.980423883353261513e-03
4.881958578611341609e-03
4.785439974046558527e-03
4.690829582866075376e-03
4.598089679154721693e-03
4.507183282834549727e-03
4.418074144919273763e-03
4.330726733062393793e-03
4.245106217390016805e-03
