9.000001999866669848e+02
9.000001999866669848e+02
9.000001999866669848e+02
9.000001999866669848e+02
9.000001999866669848e+02
9.000001999866669848e+02
9.000001999866669848e+02
9.000001999866669848e+02
9.000001999866669848e+02
9.000001999866669848e+02
9.000001999866669848e+02
9.000001999866669848e+02
9.000001999866669848e+02
9.000001999866669848e+02
9.000001999866669848e+02
9.000001999866669848e+02
9.000001999866669848e+02
9.000001999866669848e+02
9.000001999866669848e+02
9.000001999866669848e+02
9.000001999866669848e+02
9.000001999866669848e+02
9.000001999866669848e+02
9.000001999866669848e+02
9.000001999866669848e+02
9.000001999866669848e+02
9.000001999866669848e+02
9.000001999866669848e+02
9.000001999866669848e+02
9.000001999866669848e+02
9.000001999866669848e+02
9.000001999866669848e+02
9.000001999866669848e+02
9.000001999866669848e+02
9.000001999866669848e+02
9.000001999866669848e+02
9.000001999866669848e+02
9.000001999866669848e+02
9.000001999866669848e+02
9.000001999866669848e+02
9.000001999866669848e+02
9.000001999866669848e+02
9.000001999866669848e+02
9.000001999866669848e+02
9.000001999866669848e+02
9.000001999866669848e+02
9.000001999866669848e+02
9.000001999866669848e+02
9.000001999866669848e+02
9.000001999866669848e+02
9.000001999866669848e+02
9.000001999866669848e+02
9.000001999866669848e+02
9.000001999866669848e+02
9.000001999866669848e+02
9.000001999866669848e+02
9.000001999866669848e+02
9.000001999866669848e+02
9.000001999866669848e+02
9.000001999866669848e+02
9.000001999866669848e+02
9.000001999866669848e+02
9.000001999866669848e+02
9.000001999866669848e+02
9.000001999866669848e+02
9.000001999866669848e+02
9.000001999866669848e+02
9.000001999866669848e+02
9.000001999866669848e+02
9.000001999866669848e+02
9.000001999866669848e+02
9.000001999866669848e+02
9.000001999866669848e+02
9.000001999866669848e+02
9.000001999866669848e+02
9.000001999866669848e+02
9.000001999866669848e+02
9.000001999866669848e+02
9.000001999866669848e+02
9.000001999866669848e+02
9.000001999866669848e+02
9.000001999866669848e+02
9.000001999866669848e+02
9.000001999866669848e+02
9.000001999866669848e+02
9.000001999866669848e+02
9.000001999866669848e+02
9.000001999866669848e+02
9.000001999866669848e+02
9.000001999866669848e+02
9.000001999866669848e+02
9.000001999866669848e+02
9.000001999866669848e+02
9.000001999866669848e+02
9.000001999866669848e+02
9.000001999866669848e+02
9.000001999866669848e+02
9.000001999866669848e+02
9.000001999866669848e+02
9.000001999866669848e+02
9.000001999866669848e+02
9.000001999866669848e+02
9.000001999866669848e+02
9.000001999866669848e+02
9.000001999866669848e+02
9.000001999866669848e+02
9.000001999866669848e+02
9.000001999866669848e+02
9.000001999866669848e+02
9.000001999866669848e+02
9.000001999866669848e+02
9.000001999866669848e+02
9.000001999866669848e+02
9.000001999866669848e+02
9.000001999866669848e+02
9.000001999866669848e+02
9.000001999866669848e+02
9.000001999866669848e+02
9.000001999866669848e+02
9.000001999866669848e+02
9.000001999866669848e+02
9.000001999866669848e+02
9.000001999866669848e+02
9.000001999866669848e+02
9.000001999866669848e+02
9.000001999866669848e+02
9.000001999866669848e+02
9.000001999866669848e+02
9.000001999866669848e+02
9.000001999866669848e+02
9.000001999866669848e+02
9.000001999866669848e+02
9.000001999866669848e+02
9.000001999866669848e+02
9.000001999866669848e+02
9.000001999866669848e+02
9.000001999866669848e+02
9.000001999866669848e+02
9.000001999866669848e+02
9.000001999866669848e+02
9.000001999866669848e+02
9.000001999866669848e+02
9.000001999866669848e+02
9.000001999866669848e+02
9.000001999866669848e+02
9.000001999866669848e+02
9.000001999866669848e+02
9.000001999866669848e+02
9.000001999866669848e+02
9.000001999866669848e+02
9.000001999866669848e+02
9.000001999866669848e+02
9.000001999866669848e+02
9.000001999866669848e+02
9.000001999866669848e+02
9.000001999866669848e+02
9.000001999866669848e+02
9.000001999866669848e+02
9.000001999866669848e+02
9.000001999866669848e+02
9.000001999866669848e+02
9.000001999866669848e+02
9.000001999866669848e+02
9.000001999866669848e+02
9.000001999866669848e+02
9.000001999866669848e+02
9.000001999866669848e+02
9.000001999866669848e+02
9.000001999866669848e+02
9.000001999866669848e+02
9.000001999866669848e+02
9.000001999866669848e+02
9.000001999866669848e+02
9.000001999866669848e+02
9.000001999866669848e+02
9.000001999866669848e+02
9.000001999866669848e+02
9.000001999866669848e+02
9.000001999866669848e+02
9.000001999866669848e+02
9.000001999866669848e+02
9.000001999866669848e+02
9.000001999866669848e+02
9.000001999866669848e+02
9.000001999866669848e+02
9.000001999866669848e+02
9.000001999866669848e+02
9.000001999866669848e+02
9.000001999866669848e+02
9.000001999866669848e+02
9.000001999866669848e+02
9.000001999866669848e+02
9.000001999866669848e+02
9.000001999866669848e+02
9.000001999866669848e+02
9.000001999866669848e+02
9.000001999866669848e+02
9.000001999866669848e+02
9.000001999866669848e+02
9.000001999866669848e+02
9.000088297140315490e+02
9.000153833371492738e+02
9.000209549908078088e+02
9.000256915536899669e+02
9.000297180341058265e+02
9.000331407880941015e+02
9.000360502789476413e+02
9.000385234376273047e+02
9.000406256782048331e+02
9.000424126165660255e+02
9.000439315347309730e+02
9.000452226276208876e+02
9.000463200640959940e+02
9.000472528896254971e+02
9.000480457940387851e+02
9.000487197644084745e+02
9.000492926401821023e+02
9.000497795851538285e+02
9.000501934887081461e+02
9.000505453069179111e+02
9.000508443525027360e+02
9.000510985413084200e+02
9.000513146018242878e+02
9.000514982532782824e+02
9.000516543570211070e+02
9.000517870452049465e+02
9.000518998301613465e+02
9.000519956973733997e+02
9.000520771845023091e+02
9.000521464485607339e+02
9.000522053230092752e+02
9.000522553662895007e+02
9.000522979030769193e+02
9.000523340593456396e+02
9.000523647921736483e+02
9.000523909150768986e+02
9.000524131195444397e+02
9.000524319933417701e+02
9.000524480360692223e+02
9.000524616723874942e+02
9.000438422648113601e+02
9.000360081177494749e+02
9.000281739706875896e+02
9.000203398236257044e+02
9.000125056765638192e+02
9.000046715295019339e+02
8.999968373824400487e+02
8.999890032353781635e+02
8.999811690883162782e+02
8.999733349412543930e+02
8.999655007941925078e+02
8.999576666471306226e+02
8.999498325000687373e+02
8.999419983530068521e+02
8.999341642059449669e+02
8.999263300588830816e+02
8.999184959118211964e+02
8.999106617647593112e+02
8.999028276176974259e+02
8.998949934706355407e+02
8.998785802251031782e+02
8.998642299031238281e+02
8.998508537549628272e+02
8.998383066750077433e+02
8.998264649948656597e+02
8.998152233764805032e+02
8.998044921343778242e+02
8.997941949355013094e+02
8.997842668282800105e+02
8.997746525569071991e+02
8.997653051215460209e+02
8.997561845498696584e+02
8.997472568497483962e+02
8.997384931169201536e+02
8.997298687750678710e+02
8.997213629288974062e+02
8.997129578135721886e+02
8.997046383262597828e+02
8.996963916276175723e+02
8.996882068028253343e+02
8.996887045503859781e+02
8.996871663107319819e+02
8.996846826590867749e+02
8.996813955865039816e+02
8.996774257763332798e+02
8.996728757871759399e+02
8.996678327681244127e+02
8.996623707714032889e+02
8.996565527200635870e+02
8.996504320810483932e+02
8.996440542871358730e+02
8.996374579451427280e+02
8.996306758623655924e+02
8.996237359185506648e+02
8.996166618066225737e+02
8.996094736619367040e+02
8.996021885968485776e+02
8.995948211548671907e+02
8.995873836965070041e+02
8.995798867271279278e+02
8.995723391754968361e+02
8.995647486304892482e+02
8.995571215422288560e+02
8.995494633930145483e+02
8.995417788425778554e+02
8.995340718515285516e+02
8.995263457862675978e+02
8.995186035081505906e+02
8.995108474492679989e+02
8.995030796768519394e+02
8.994953019480171861e+02
8.994875157562881896e+02
8.994797223711432252e+02
8.994719228716271573e+02
8.994641181749185534e+02
8.994563090606131937e+02
8.994484961913627785e+02
8.994406801304177179e+02
8.994328613565386377e+02
8.994250402766703019e+02
8.994172172367142366e+02
8.994093943965661992e+02
8.994015715564181619e+02
8.993937487162701245e+02
8.993859258761220872e+02
8.993781030359740498e+02
8.993702801958260125e+02
8.993624573556779751e+02
8.993546345155299377e+02
8.993468116753819004e+02
8.993389888352338630e+02
8.993311659950858257e+02
8.993233431549377883e+02
8.993155203147897510e+02
8.993076974746417136e+02
8.992998746344936762e+02
8.992920517943456389e+02
8.992842289541976015e+02
8.992764061140495642e+02
8.992685832739015268e+02
8.992521812220836637e+02
8.992378421243466846e+02
8.992244772159049262e+02
8.992119413879727290e+02
8.992001109696949470e+02
8.991888806210939720e+02
8.991781606551849109e+02
8.991678747377172840e+02
8.991579579161693800e+02
8.991483549339731098e+02
8.991390187906781648e+02
8.991299095134606887e+02
8.991209931097863546e+02
8.991122406750613436e+02
8.991036276326963161e+02
8.990951330871723712e+02
8.990867392734663781e+02
8.990784310885908326e+02
8.990701956930740835e+02
8.990620221719877918e+02
8.990625312632319037e+02
8.990610043643040399e+02
8.990585320511736427e+02
8.990552563144317446e+02
8.990512978372554471e+02
8.990467591782585259e+02
8.990417274866592834e+02
8.990362768148720534e+02
8.990304700861698848e+02
8.990243607677269893e+02
8.990179942925502701e+02
8.990114092676726614e+02
8.990046385005915681e+02
8.989977098712353154e+02
8.989906470726918997e+02
8.989834702404618838e+02
8.989761964870283464e+02
8.989688403560122651e+02
8.989614142080253032e+02
8.989539285485119535e+02
8.989463923063121911e+02
8.989388130703640627e+02
8.989311972908456028e+02
8.989235504501021978e+02
8.989158772079049413e+02
8.989081815248978273e+02
8.989004667675110340e+02
8.988927357971249421e+02
8.988849910458513932e+02
8.988772345809404669e+02
8.988694681595225120e+02
8.988616932751350532e+02
8.988539111972677347e+02
8.988461230049746291e+02
8.988383296154428308e+02
8.988305318082747135e+02
8.988227302461281170e+02
8.988149254922585669e+02
8.988071180254306682e+02
8.987993082525928230e+02
8.987914965196497405e+02
8.987836849865160502e+02
8.987758734533823599e+02
8.987680619202486696e+02
8.987602503871149793e+02
8.987524388539812890e+02
8.987446273208475986e+02
8.987368157877139083e+02
8.987290042545802180e+02
8.987211927214465277e+02
8.987133811883128374e+02
8.987055696551791470e+02
8.986977581220454567e+02
8.986899465889117664e+02
8.986821350557780761e+02
8.986743235226443858e+02
8.986665119895106955e+02
8.986587004563770051e+02
8.986508889232433148e+02
8.986430773901096245e+02
8.986266865322173771e+02
8.986123586589073966e+02
8.985990049903570025e+02
8.985864804146087863e+02
8.985746612583475326e+02
8.985634421796750075e+02
8.985527334900975802e+02
8.985424588541709454e+02
8.985325533184239930e+02
8.985229616255276142e+02
8.985136367744190693e+02
8.985045387917778044e+02
8.984956336846648810e+02
8.984868925481558790e+02
8.984782908053890651e+02
8.984698075606207794e+02
8.984614250486418996e+02
8.984531281663101936e+02
8.984449040740247483e+02
8.984367418567497907e+02
8.984372622916708906e+02
8.984357467334885996e+02
8.984332857589047308e+02
8.984300213580457921e+02
8.984260742139147169e+02
8.984215468851365358e+02
8.984165265210541520e+02
8.984110871742711879e+02
8.984052917682810175e+02
8.983991937704892052e+02
8.983928386141300280e+02
8.983862649064527659e+02
8.983795054551547992e+02
8.983725881403463518e+02
8.983655366552785608e+02
8.983583711355965988e+02
8.983511086939113284e+02
8.983437638739550266e+02
8.983363490364370136e+02
8.983288746868857970e+02
8.983213497542141113e+02
8.983137818274229858e+02
8.983061773567444561e+02
8.982985418245701794e+02
8.982908798907110395e+02
8.982831955158451365e+02
8.982754920664316387e+02
8.982677724038759379e+02
8.982600389603109079e+02
8.982522938030049318e+02
8.982445386891035923e+02
8.982367751121576021e+02
8.982290043416679737e+02
8.982212274566981023e+02
8.982134453744432676e+02
8.982056588745130057e+02
8.981978686195706132e+02
8.981900751728768455e+02
8.981822790132005139e+02
8.981744805474936584e+02
8.981666801216641716e+02
8.981588798956453275e+02
8.981510796696264833e+02
8.981432794436076392e+02
8.981354792175887951e+02
8.981276789915699510e+02
8.981198787655511069e+02
8.981120785395322628e+02
8.981042783135134187e+02
8.980964780874945745e+02
8.980886778614757304e+02
8.980808776354568863e+02
8.980730774094380422e+02
8.980652771834191981e+02
8.980574769574003540e+02
8.980496767313815099e+02
8.980418765053626657e+02
8.980340762793438216e+02
8.980262760533249775e+02
8.980184758273061334e+02
8.980020961635501635e+02
8.979877795148513542e+02
8.979744370863642189e+02
8.979619237629610780e+02
8.979501158688684654e+02
8.979389080602687727e+02
8.979282106471605402e+02
8.979179472929073427e+02
8.979080530430886711e+02
8.978984726396157612e+02
8.978891590808134424e+02
8.978800723928652587e+02
8.978711785824284561e+02
8.978624487442477857e+02
8.978538583011896890e+02
8.978453863572863156e+02
8.978370151471423242e+02
8.978287295674610959e+02
8.978205167785129106e+02
8.978123658651541064e+02
8.978128976437454867e+02
8.978113934263285500e+02
8.978089437903229282e+02
8.978056907253890131e+02
8.978017549143539782e+02
8.977972389158527449e+02
8.977922298793517939e+02
8.977868018576430131e+02
8.977810177744394196e+02
8.977749310973770207e+02
8.977685872599172399e+02
8.977620248695249074e+02
8.977552767340971513e+02
8.977483707339254124e+02
8.977413305624238546e+02
8.977341763553822602e+02
8.977269252255387073e+02
8.977195917167367725e+02
8.977121881897829780e+02
8.977047251502899599e+02
8.976972115272430983e+02
8.976896549097062916e+02
8.976820617479654629e+02
8.976744375244585399e+02
8.976667868990361967e+02
8.976591138324104122e+02
8.976514216910694586e+02
8.976437133364435113e+02
8.976359912006864761e+02
8.976282573510849261e+02
8.976205135448001329e+02
8.976127612753955418e+02
8.976050018123835343e+02
8.975972362348370552e+02
8.975894654599593423e+02
8.975816902673669802e+02
8.975739113197290635e+02
8.975661291803113500e+02
8.975583443278869709e+02
8.975505571694114906e+02
8.975427680507959849e+02
8.975349791319923725e+02
8.975271902131887600e+02
8.975194012943851476e+02
8.975116123755815352e+02
8.975038234567779227e+02
8.974960345379743103e+02
8.974882456191706979e+02
8.974804567003670854e+02
8.974726677815634730e+02
8.974648788627598606e+02
8.974570899439562481e+02
8.974493010251526357e+02
8.974415121063490233e+02
8.974337231875454108e+02
8.974259342687417984e+02
8.974181453499381860e+02
8.974103564311345735e+02
8.974025675123309611e+02
8.973947785935273487e+02
8.973784101241184317e+02
8.973641047002149662e+02
8.973507735119625295e+02
8.973382714410655581e+02
8.973264748092934724e+02
8.973152782709108806e+02
8.973045921344095177e+02
8.972943400619616341e+02
8.972844570981985726e+02
8.972748879842723682e+02
8.972655857178961014e+02
8.972565103247579827e+02
8.972476278111116699e+02
8.972389092713716536e+02
8.972303301281328913e+02
8.972218694852032286e+02
8.972135095770017870e+02
8.972052353000777885e+02
8.971970338145723645e+02
8.971888942052345328e+02
8.971894373274893724e+02
8.971879444508570032e+02
8.971855061534611195e+02
8.971822644244940648e+02
8.971783399466057745e+02
8.971738352784395829e+02
8.971688375695846389e+02
8.971634208730196178e+02
8.971576481126770659e+02
8.971515727564224107e+02
8.971452402379436535e+02
8.971386891649206063e+02
8.971319523454496903e+02
8.971250576600035629e+02
8.971180288021587330e+02
8.971108859078493651e+02
8.971036460899407530e+02
8.970963238923876588e+02
8.970889316760932388e+02
8.970814799467543708e+02
8.970739776334291946e+02
8.970664323252439090e+02
8.970588504725384382e+02
8.970512375577969806e+02
8.970435982409097733e+02
8.970359364826227875e+02
8.970282556494531718e+02
8.970205586028559992e+02
8.970128477750063212e+02
8.970051252332087870e+02
8.969973927346399023e+02
8.969896517728765275e+02
8.969819036174417306e+02
8.969741493474183471e+02
8.969663898800178004e+02
8.969586259948632687e+02
8.969508583546298723e+02
8.969430875225882573e+02
8.969353139775158752e+02
8.969275381263720419e+02
8.969197603150705618e+02
8.969119827035823391e+02
8.969042050920941165e+02
8.968964274806058938e+02
8.968886498691176712e+02
8.968808722576294485e+02
8.968730946461412259e+02
8.968653170346530032e+02
8.968575394231647806e+02
8.968497618116765580e+02
8.968419842001883353e+02
8.968342065887001127e+02
8.968264289772118900e+02
8.968186513657236674e+02
8.968108737542354447e+02
8.968030961427472221e+02
8.967953185312589994e+02
8.967875409197707768e+02
8.967797633082825541e+02
8.967719856967943315e+02
8.967556284219430154e+02
8.967413342230190665e+02
8.967280142751726544e+02
8.967155234569427193e+02
8.967037380876428188e+02
8.966925528196213691e+02
8.966818779598643232e+02
8.966716371693536303e+02
8.966617654917732807e+02
8.966522076675167909e+02
8.966429166936862885e+02
8.966338525954749912e+02
8.966249813787334233e+02
8.966162741375461565e+02
8.966077062942370048e+02
8.965992569523899647e+02
8.965909083462388480e+02
8.965826453721782627e+02
8.965744551902213288e+02
8.965663268850091754e+02
8.965668813509206529e+02
8.965653998150918369e+02
8.965629728563370691e+02
8.965597424633784840e+02
8.965558293186873016e+02
8.965513359809142457e+02
8.965463495997694281e+02
8.965409442284179704e+02
8.965351827910106977e+02
8.965291187556418890e+02
8.965227975562254414e+02
8.965162578006559215e+02
8.965095322972285885e+02
8.965026489265967484e+02
8.964956313824992549e+02
8.964884998010140862e+02
8.964812712951335243e+02
8.964739604089232898e+02
8.964665795033835138e+02
8.964591390842946339e+02
8.964516480807874359e+02
8.964441140820508735e+02
8.964365435384783041e+02
8.964289419326001962e+02
8.964213139243463502e+02
8.964136634744967296e+02
8.964059939495974731e+02
8.963983082111280964e+02
8.963906086912850242e+02
8.963828974573908681e+02
8.963751762666374816e+02
8.963674466126147991e+02
8.963597097648571435e+02
8.963519668024567864e+02
8.963442186426332228e+02
8.963364660650164524e+02
8.963287097322875070e+02
8.963209502077219213e+02
8.963131879701015805e+02
8.963054234263892113e+02
8.962976569225020285e+02
8.962898906184293537e+02
8.962821243143566790e+02
8.962743580102840042e+02
8.962665917062113294e+02
8.962588254021386547e+02
8.962510590980659799e+02
8.962432927939933052e+02
8.962355264899206304e+02
8.962277601858479557e+02
8.962199938817752809e+02
8.962122275777026061e+02
8.962044612736299314e+02
8.961966949695572566e+02
8.961889286654845819e+02
8.961811623614119071e+02
8.961733960573392324e+02
8.961656297532665576e+02
8.961578634491938828e+02
8.961500971451212081e+02
8.961337510650379272e+02
8.961194680912770991e+02
8.961061593840083788e+02
8.960936798186060059e+02
8.960819057119300624e+02
8.960707317144134549e+02
8.960600681315381735e+02
8.960498386230963206e+02
8.960399782318257849e+02
8.960304316973619052e+02
8.960211520161967655e+02
8.960120992130288187e+02
8.960032392933060237e+02
8.959945433507834878e+02
8.959859868075143368e+02
8.959775487668587175e+02
8.959692114628651325e+02
8.959609597917743713e+02
8.959527809134710878e+02
8.959446639124892044e+02
8.959452297220499304e+02
8.959437595270439942e+02
8.959413439069614924e+02
8.959381248500531001e+02
8.959342230386092751e+02
8.959297410312871079e+02
8.959247659779166497e+02
8.959193719318483318e+02
8.959136218174503483e+02
8.959075691030454891e+02
8.959012592227727509e+02
8.958947307847410002e+02
8.958880165974435386e+02
8.958811445417146615e+02
8.958741383114546579e+02
8.958670180428854337e+02
8.958598008491258042e+02
8.958525012743526759e+02
8.958451316796623587e+02
8.958377025709191912e+02
8.958302228773263778e+02
8.958227001881352862e+02
8.958151409537930476e+02
8.958075506568760602e+02
8.957999339573539146e+02
8.957922948160399983e+02
8.957846365995094402e+02
8.957769621692667670e+02
8.957692739575293217e+02
8.957615740316377924e+02
8.957538641487991526e+02
8.957461458026165246e+02
8.957384202626356000e+02
8.957306886079577453e+02
8.957229517558106409e+02
8.957152104858313351e+02
8.957074654607065440e+02
8.956997172437170320e+02
8.956919663136485497e+02
8.956842130774676889e+02
8.956764578810945068e+02
8.956687028845371970e+02
8.956609478879798871e+02
8.956531928914225773e+02
8.956454378948652675e+02
8.956376828983079577e+02
8.956299279017506478e+02
8.956221729051933380e+02
8.956144179086360282e+02
8.956066629120787184e+02
8.955989079155214085e+02
8.955911529189640987e+02
8.955833979224067889e+02
8.955756429258494791e+02
8.955678879292921692e+02
8.955601329327348594e+02
8.955523779361775496e+02
8.955446229396202398e+02
8.955368679430629300e+02
8.955291129465056201e+02
8.955127780614006952e+02
8.954985063129869332e+02
8.954852088464670032e+02
8.954727405340527184e+02
8.954609776901519353e+02
8.954498149632842114e+02
8.954391626574276870e+02
8.954289444311864372e+02
8.954190953263524761e+02
8.954095600818041021e+02
8.954002916934234690e+02
8.953912501854152879e+02
8.953824015628252937e+02
8.953737169190795839e+02
8.953651716759602550e+02
8.953567449366044002e+02
8.953484189348756672e+02
8.953401785668609136e+02
8.953320109923164409e+02
8.953239052956693058e+02
8.953244824488721179e+02
8.953230235947078199e+02
8.953206193133287343e+02
8.953174115925118031e+02
8.953135211143656988e+02
8.953090504375520595e+02
8.953040867120198527e+02
8.952987039913041372e+02
8.952929651999895668e+02
8.952869238066264188e+02
8.952806252455785625e+02
8.952741081251684818e+02
8.952674052540875209e+02
8.952605445133498279e+02
8.952535495970173542e+02
8.952464406414557061e+02
8.952392347599100049e+02
8.952319464966676605e+02
8.952245882129216170e+02
8.952171704146198863e+02
8.952097020310377502e+02
8.952021906514889906e+02
8.951946427264741715e+02
8.951870637386160752e+02
8.951794583479235143e+02
8.951718305152435278e+02
8.951641836071804619e+02
8.951565204852631723e+02
8.951488435817303753e+02
8.951411549639402665e+02
8.951334563891157359e+02
8.951257493508725247e+02
8.951180351187674660e+02
8.951103147719117032e+02
8.951025892275407614e+02
8.950948592652983962e+02
8.950871255478774629e+02
8.950793886385635005e+02
8.950716490161465799e+02
8.950639070875969310e+02
8.950561631988374529e+02
8.950484195098952114e+02
8.950406758209529698e+02
8.950329321320107283e+02
8.950251884430684868e+02
8.950174447541262452e+02
8.950097010651840037e+02
8.950019573762417622e+02
8.949942136872995206e+02
8.949864699983572791e+02
8.949787263094150376e+02
8.949709826204727960e+02
8.949632389315305545e+02
8.949554952425883130e+02
8.949477515536460714e+02
8.949400078647038299e+02
8.949322641757615884e+02
8.949245204868193468e+02
8.949167767978771053e+02
8.949090331089348638e+02
8.948927094190183880e+02
8.948784488961350689e+02
8.948651626705349145e+02
8.948527056112691298e+02
8.948409540302950518e+02
8.948298025742194568e+02
8.948191615455187957e+02
8.948089546016094573e+02
8.947991167833387181e+02
8.947895928288285177e+02
8.947803357333518761e+02
8.947713055206198760e+02
8.947624681952764831e+02
8.947537948504190126e+02
8.947452609075594410e+02
8.947368454696120352e+02
8.947285307702551336e+02
8.947203017054223437e+02
8.947121454347419558e+02
8.947040510425337061e+02
8.947046395393711009e+02
8.947031920260673132e+02
8.947007990834225666e+02
8.946976026987384785e+02
8.946937235539401172e+02
8.946892642076924176e+02
8.946843118100625816e+02
8.946789404147685900e+02
8.946732129466112156e+02
8.946671828743675405e+02
8.946608956326257385e+02
8.946543898299211151e+02
8.946476982751428295e+02
8.946408488494846551e+02
8.946338652471697515e+02
8.946267676047070836e+02
8.946195730354678517e+02
8.946122960838501967e+02
8.946049491111431280e+02
8.945975426233779899e+02
8.945900855499025965e+02
8.945825854800926891e+02
8.945750488645026053e+02
8.945674811858007160e+02
8.945598871040353970e+02
8.945522705800875656e+02
8.945446349805902173e+02
8.945369831670969916e+02
8.945293175718674092e+02
8.945216402622778560e+02
8.945139529955663420e+02
8.945062572653617963e+02
8.944985543412318520e+02
8.944908453022974300e+02
8.944831310658018992e+02
8.944754124113960643e+02
8.944676900017785783e+02
8.944599644002396417e+02
8.944522360855739862e+02
8.944445054647549114e+02
8.944367728837089544e+02
8.944290405024814845e+02
8.944213081212540146e+02
8.944135757400265447e+02
8.944058433587990748e+02
8.943981109775716050e+02
8.943903785963441351e+02
8.943826462151166652e+02
8.943749138338891953e+02
8.943671814526617254e+02
8.943594490714342555e+02
8.943517166902067856e+02
8.943439843089793158e+02
8.943362519277518459e+02
8.943285195465243760e+02
8.943207871652969061e+02
8.943130547840694362e+02
8.943053224028419663e+02
8.942975900216144964e+02
8.942898576403870265e+02
8.942735451458689795e+02
8.942592958486998214e+02
8.942460208641903137e+02
8.942335750582332139e+02
8.942218347403368170e+02
8.942106945551969375e+02
8.942000648037890187e+02
8.941898691423429000e+02
8.941800426107620297e+02
8.941705299464125574e+02
8.941612841439587100e+02
8.941522652266189652e+02
8.941434391986358605e+02
8.941347771527782697e+02
8.941262545102883905e+02
8.941178503738574364e+02
8.941095469769794590e+02
8.941013292154344754e+02
8.940931842487229915e+02
8.940851011610576506e+02
