1.600000000000000000e+03
1.600000000000000000e+03
1.600000000000000000e+03
1.600000000000000000e+03
1.600000000000000000e+03
1.600000000000000000e+03
1.600000000000000000e+03
1.600000000000000000e+03
1.600000000000000000e+03
1.600000000000000000e+03
1.600000000000000000e+03
1.600000000000000000e+03
1.600000000000000000e+03
1.600000000000000000e+03
1.600000000000000000e+03
1.600000000000000000e+03
1.600000000000000000e+03
1.600000000000000000e+03
1.600000000000000000e+03
1.600000000000000000e+03
1.600000000000000000e+03
1.600000000000000000e+03
1.600000000000000000e+03
1.600000000000000000e+03
1.600000000000000000e+03
1.600000000000000000e+03
1.600000000000000000e+03
1.600000000000000000e+03
1.600000000000000000e+03
1.600000000000000000e+03
1.600000000000000000e+03
1.600000000000000000e+03
1.600000000000000000e+03
1.600000000000000000e+03
1.600000000000000000e+03
1.600000000000000000e+03
1.600000000000000000e+03
1.600000000000000000e+03
1.600000000000000000e+03
1.600000000000000000e+03
1.600000000000000000e+03
1.600000000000000000e+03
1.600000000000000000e+03
1.600000000000000000e+03
1.600000000000000000e+03
1.600000000000000000e+03
1.600000000000000000e+03
1.600000000000000000e+03
1.600000000000000000e+03
1.600000000000000000e+03
1.600000000000000000e+03
1.600000000000000000e+03
1.600000000000000000e+03
1.600000000000000000e+03
1.600000000000000000e+03
1.600000000000000000e+03
1.600000000000000000e+03
1.600000000000000000e+03
1.600000000000000000e+03
1.600000000000000000e+03
1.600000000000000000e+03
1.600000000000000000e+03
1.600000000000000000e+03
1.600000000000000000e+03
1.600000000000000000e+03
1.600000000000000000e+03
1.600000000000000000e+03
1.600000000000000000e+03
1.600000000000000000e+03
1.600000000000000000e+03
1.600000000000000000e+03
1.600000000000000000e+03
1.600000000000000000e+03
1.600000000000000000e+03
1.600000000000000000e+03
1.600000000000000000e+03
1.600000000000000000e+03
1.600000000000000000e+03
1.600000000000000000e+03
1.600000000000000000e+03
1.520515237922237247e+03
1.520915237932331820e+03
1.521315237942426393e+03
1.521715237952521193e+03
1.522115237962615993e+03
1.522515237972710565e+03
1.522915237982805138e+03
1.523315237992899938e+03
1.523715238002994738e+03
1.524115238013089311e+03
1.524515238023183883e+03
1.524915238033278683e+03
1.525315238043373483e+03
1.525715238053468056e+03
1.526115238063562629e+03
1.526515238073657429e+03
1.526915238083752229e+03
1.527315238093846801e+03
1.527715238103941374e+03
1.528115238114036174e+03
1.528515238124130974e+03
1.528915238134225547e+03
1.529315238144320119e+03
1.529715238154414919e+03
1.530115238164509719e+03
1.530515238174604292e+03
1.530915238184698865e+03
1.531315238194793665e+03
1.531715238204888465e+03
1.532115238214983037e+03
1.532515238225077610e+03
1.532915238235172410e+03
1.533315238245267210e+03
1.533715238255361783e+03
1.534115238265456355e+03
1.534515238275551155e+03
1.534915238285645955e+03
1.535315238295740528e+03
1.535715238305835101e+03
1.536115238315929901e+03
1.536515238326024701e+03
1.536915238336119273e+03
1.537315238346213846e+03
1.537715238356308646e+03
1.538115238366403446e+03
1.538515238376498019e+03
1.538915238386592591e+03
1.539315238396687391e+03
1.539715238406782191e+03
1.540115238416876764e+03
1.540515238426971337e+03
1.540915238437066137e+03
1.541315238447160937e+03
1.541715238457255509e+03
1.542115238467350082e+03
1.542515238477444882e+03
1.542915238487539682e+03
1.543315238497634255e+03
1.543715238507728827e+03
1.544115238517823627e+03
1.544515238527918427e+03
1.544915238538013227e+03
1.545315238548108027e+03
1.545715238558202827e+03
1.546115238568297627e+03
1.546515238578392427e+03
1.546915238588487227e+03
1.547315238598582027e+03
1.547715238608676827e+03
1.548115238618771627e+03
1.548515238628866427e+03
1.548915238638961227e+03
1.549315238649056027e+03
1.549715238659150828e+03
1.550115238669245628e+03
1.550515238679340428e+03
1.550915238689435228e+03
1.551315238699530028e+03
1.551715238709624828e+03
1.552115238719719628e+03
1.434816014941984122e+03
1.435410530814845515e+03
1.436005046687706908e+03
1.436599562560568302e+03
1.437194078433429695e+03
1.437788594306291088e+03
1.438383110179152482e+03
1.438977626052013875e+03
1.439572141924875268e+03
1.440166657797736661e+03
1.440761173670598055e+03
1.441355689543459448e+03
1.441950205416320841e+03
1.442544721289182235e+03
1.443139237162043628e+03
1.443733753034905021e+03
1.444328268907766414e+03
1.444922784780627808e+03
1.445517300653489201e+03
1.446111816526350594e+03
1.446706332399211988e+03
1.447300848272073381e+03
1.447895364144934774e+03
1.448489880017796168e+03
1.449084395890657561e+03
1.449678911763518954e+03
1.450273427636380347e+03
1.450867943509241741e+03
1.451462459382103134e+03
1.452056975254964527e+03
1.452651491127825921e+03
1.453246007000687314e+03
1.453840522873548707e+03
1.454435038746410100e+03
1.455029554619271494e+03
1.455624070492132887e+03
1.456218586364994280e+03
1.456813102237855674e+03
1.457407618110717067e+03
1.458002133983578460e+03
1.458596649856439853e+03
1.459191165729301247e+03
1.459785681602162640e+03
1.460380197475024033e+03
1.460974713347885427e+03
1.461569229220746820e+03
1.462163745093608213e+03
1.462758260966469607e+03
1.463352776839331000e+03
1.463947292712192393e+03
1.464541808585053786e+03
1.465136324457915180e+03
1.465730840330776573e+03
1.466325356203637966e+03
1.466919872076499360e+03
1.467514387949360753e+03
1.468108903822222146e+03
1.468703419695083539e+03
1.469297935567944933e+03
1.469892451440806326e+03
1.470486967313667719e+03
1.471081483186529113e+03
1.471675999059390506e+03
1.472270514932251899e+03
1.472865030805113292e+03
1.473459546677974686e+03
1.474054062550836079e+03
1.474648578423697472e+03
1.475243094296558866e+03
1.475837610169420259e+03
1.476432126042281652e+03
1.477026641915143045e+03
1.477621157788004439e+03
1.478215673660865832e+03
1.478810189533727225e+03
1.479404705406588619e+03
1.479999221279450012e+03
1.480593737152311405e+03
1.481188253025172799e+03
1.481782768898034192e+03
1.482377284770895585e+03
1.482971800643756978e+03
1.483566316516618372e+03
1.484160832389479765e+03
1.484755348262341158e+03
1.485349864135202552e+03
1.485944380008063945e+03
1.486538895880925338e+03
1.487133411753786731e+03
1.487727927626648125e+03
1.488322443499509518e+03
1.488916959372370911e+03
1.489511475245232305e+03
1.490105991118093698e+03
1.490700506990955091e+03
1.491295022863816484e+03
1.491889538736677878e+03
1.492484054609539271e+03
1.493078570482400664e+03
1.493673086355262058e+03
1.494267602228123451e+03
1.494862118100984844e+03
1.495456633973846237e+03
1.496051149846707631e+03
1.496645665719569024e+03
1.497240181592430417e+03
1.497834697465291811e+03
1.498429213338153204e+03
1.499023729211014597e+03
1.499618245083875991e+03
1.500212760956737384e+03
1.500807276829598777e+03
1.501401792702460170e+03
1.501996308575321564e+03
1.502590824448182957e+03
1.503185340321044350e+03
1.503779856193905744e+03
1.504374372066767137e+03
1.504968887939628530e+03
1.505563403812489923e+03
1.506157919685351317e+03
1.506752435558212710e+03
1.507346951431074103e+03
1.507941467303935497e+03
1.508535983176796890e+03
1.509130499049658283e+03
1.509725014922519676e+03
1.510319530795381070e+03
1.510914046668242463e+03
1.511508562541103856e+03
1.512103078413965250e+03
1.512697594286826643e+03
1.513292110159688036e+03
1.513886626032549430e+03
1.514481141905410823e+03
1.515075657778272216e+03
1.515670173651133609e+03
1.516264689523995003e+03
1.516859205396856396e+03
1.517453721269717789e+03
1.518048237142579183e+03
1.518642753015440576e+03
1.519237268888301969e+03
1.519831784761163362e+03
1.520426300634024756e+03
1.521020816506886149e+03
1.521615332379747542e+03
1.522209848252608936e+03
1.522804364125470329e+03
1.523398879998331722e+03
1.523993395871193115e+03
1.524587911744054509e+03
1.525182427616915902e+03
1.525776943489777295e+03
1.526371459362638689e+03
1.526965975235500082e+03
1.527560491108361475e+03
1.528155006981222868e+03
1.528749522854084262e+03
1.529344038726945655e+03
1.529938554599807048e+03
1.530533070472668442e+03
1.531127586345529835e+03
1.531722102218391228e+03
1.532316618091252622e+03
1.532911133964114015e+03
1.533505649836975408e+03
1.534100165709836801e+03
1.534694681582698195e+03
1.535289197455559588e+03
1.535883713328420981e+03
1.536478229201282375e+03
1.537072745074143768e+03
1.537667260947005161e+03
1.538261776819866554e+03
1.538856292692727948e+03
1.539450808565589341e+03
1.540045324438450734e+03
1.540639840311312128e+03
1.541234356184173521e+03
1.541828872057034914e+03
1.542423387929896307e+03
1.543017903802757701e+03
1.543612419675619094e+03
1.544206935548480487e+03
1.544801451421341881e+03
1.545395967294203274e+03
1.545990483167064667e+03
1.546584999039926061e+03
1.547179514912787454e+03
1.547774030785648847e+03
1.548368546658510240e+03
1.548963062531371634e+03
1.549557578404233027e+03
1.550152094277094420e+03
1.550746610149955814e+03
1.551341126022817207e+03
1.551935641895678600e+03
1.552530157768539993e+03
1.553124673641401387e+03
1.553719189514262780e+03
1.554313705387124173e+03
1.554908221259985567e+03
1.555502737132846960e+03
1.556097253005708353e+03
1.556691768878569746e+03
1.557286284751431140e+03
1.557880800624292533e+03
1.558475316497153926e+03
1.559069832370015320e+03
1.559664348242876713e+03
1.560258864115738106e+03
1.560853379988599499e+03
1.561447895861460893e+03
1.562042411734322286e+03
1.562636927607183679e+03
1.563231443480045073e+03
1.563825959352906466e+03
1.564420475225767859e+03
1.565014991098629253e+03
1.565609506971490646e+03
1.566204022844352039e+03
1.566798538717213432e+03
1.567393054590074826e+03
1.567987570462936219e+03
1.568582086335797612e+03
1.569176602208659006e+03
1.569771118081520399e+03
1.570365633954381792e+03
1.570960149827243185e+03
1.571554665700104579e+03
1.572149181572965972e+03
1.572743697445827365e+03
1.573338213318688759e+03
1.573932729191550152e+03
1.574527245064411545e+03
1.575121760937272938e+03
1.575716276810134332e+03
1.576310792682995725e+03
1.576905308555857118e+03
1.577499824428718512e+03
1.578094340301579905e+03
1.578688856174441298e+03
1.579283372047302691e+03
1.579877887920164085e+03
1.580472403793025478e+03
1.581066919665886871e+03
1.581661435538748265e+03
1.582255951411609658e+03
1.582850467284471051e+03
1.583444983157332445e+03
1.584039499030193838e+03
1.584634014903055231e+03
1.585228530775916624e+03
1.585823046648778018e+03
1.586417562521639411e+03
1.587012078394500804e+03
1.587606594267362198e+03
1.588201110140223591e+03
1.588795626013084984e+03
1.589390141885946377e+03
1.589984657758807771e+03
1.590579173631669164e+03
1.591173689504530557e+03
1.591768205377391951e+03
1.592362721250253344e+03
1.592957237123114737e+03
1.593551752995976130e+03
1.594146268868837524e+03
1.594740784741698917e+03
1.595335300614560310e+03
1.595929816487421704e+03
1.596524332360283097e+03
1.597118848233144490e+03
1.597713364106005884e+03
1.598307879978867277e+03
1.598902395851728670e+03
1.599496911724590063e+03
1.600091427597451457e+03
1.600685943470312850e+03
1.601280459343174243e+03
1.601874975216035637e+03
1.602469491088897030e+03
1.603064006961758423e+03
1.603658522834619816e+03
1.604253038707481210e+03
1.604847554580342603e+03
1.605442070453203996e+03
1.606036586326065390e+03
1.606631102198926783e+03
1.607225618071788176e+03
1.607820133944649569e+03
1.608414649817510963e+03
1.609009165690372356e+03
1.609603681563233749e+03
1.610198197436095143e+03
1.610792713308956536e+03
1.611387229181817929e+03
1.611981745054679322e+03
1.612576260927540716e+03
1.613170776800402109e+03
1.613765292673263502e+03
1.614359808546124896e+03
1.614954324418986289e+03
1.615548840291847682e+03
1.616143356164709076e+03
1.616737872037570469e+03
1.617332387910431862e+03
1.617926903783293255e+03
1.618521419656154649e+03
1.619115935529016042e+03
1.619710451401877435e+03
1.620304967274738829e+03
1.620899483147600222e+03
1.621493999020461615e+03
1.622088514893323008e+03
1.622683030766184402e+03
1.623277546639045795e+03
1.623872062511907188e+03
1.624466578384768582e+03
1.625061094257629975e+03
1.625655610130491368e+03
1.626250126003352761e+03
1.626844641876214155e+03
1.627439157749075548e+03
1.628033673621936941e+03
1.628628189494798335e+03
1.629222705367659728e+03
1.629817221240521121e+03
1.630411737113382515e+03
1.631006252986243908e+03
1.631600768859105301e+03
1.632195284731966694e+03
1.632789800604828088e+03
1.633384316477689481e+03
1.633978832350550874e+03
1.634573348223412268e+03
1.635167864096273661e+03
1.635762379969135054e+03
1.636356895841996447e+03
1.636951411714857841e+03
1.637545927587719234e+03
1.638140443460580627e+03
1.638734959333442021e+03
1.639329475206303414e+03
1.639923991079164807e+03
1.640518506952026200e+03
1.641113022824887594e+03
1.641707538697748987e+03
1.642302054570610380e+03
1.642896570443471774e+03
1.643491086316333167e+03
1.644085602189194560e+03
1.644680118062055953e+03
1.645274633934917347e+03
1.645869149807778740e+03
1.646463665680640133e+03
1.647058181553501527e+03
1.647652697426362920e+03
1.648247213299224313e+03
1.648841729172085707e+03
1.649436245044947100e+03
1.650030760917808493e+03
1.650625276790669886e+03
1.651219792663531280e+03
1.651814308536392673e+03
1.652408824409254066e+03
1.653003340282115460e+03
1.653597856154976853e+03
1.654192372027838246e+03
1.654786887900699639e+03
1.655381403773561033e+03
1.655975919646422426e+03
1.656570435519283819e+03
1.657164951392145213e+03
1.657759467265006606e+03
1.658353983137867999e+03
1.658948499010729392e+03
1.659543014883590786e+03
1.660137530756452179e+03
1.660732046629313572e+03
1.661326562502174966e+03
1.661921078375036359e+03
1.662515594247897752e+03
1.663110110120759146e+03
1.663704625993620539e+03
1.664299141866481932e+03
1.664893657739343325e+03
1.665488173612204719e+03
1.666082689485066112e+03
1.666677205357927505e+03
1.667271721230788899e+03
1.667866237103650292e+03
1.668460752976511685e+03
1.669055268849373078e+03
1.669649784722234472e+03
1.670244300595095865e+03
1.670838816467957258e+03
1.671433332340818652e+03
1.672027848213680045e+03
1.672622364086541438e+03
1.673216879959402831e+03
1.673811395832264225e+03
1.674405911705125618e+03
1.675000427577987011e+03
1.675594943450848405e+03
1.676189459323709798e+03
1.676783975196571191e+03
1.677378491069432584e+03
1.677973006942293978e+03
1.678567522815155371e+03
1.679162038688016764e+03
1.679756554560878158e+03
1.680351070433739551e+03
1.680945586306600944e+03
1.681540102179462338e+03
1.682134618052323731e+03
1.682729133925185124e+03
1.683323649798046517e+03
1.683918165670907911e+03
1.684512681543769304e+03
1.685107197416630697e+03
1.685701713289492091e+03
1.686296229162353484e+03
1.686890745035214877e+03
1.687485260908076270e+03
1.688079776780937664e+03
1.688674292653799057e+03
1.689268808526660450e+03
1.689863324399521844e+03
1.690457840272383237e+03
1.691052356145244630e+03
1.691646872018106023e+03
1.692241387890967417e+03
1.692835903763828810e+03
1.693430419636690203e+03
1.694024935509551597e+03
1.694619451382412990e+03
1.695213967255274383e+03
1.695808483128135776e+03
1.696402999000997170e+03
1.696997514873858563e+03
1.697592030746719956e+03
1.698186546619581350e+03
1.698781062492442743e+03
1.699375578365304136e+03
1.699970094238165530e+03
1.700564610111026923e+03
1.701159125983888316e+03
1.701753641856749709e+03
1.702348157729611103e+03
1.702942673602472496e+03
1.703537189475333889e+03
1.704131705348195283e+03
1.704726221221056676e+03
1.705320737093918069e+03
1.705915252966779462e+03
1.706509768839640856e+03
1.707104284712502249e+03
1.707698800585363642e+03
1.708293316458225036e+03
1.708887832331086429e+03
1.709482348203947822e+03
1.710076864076809215e+03
1.710671379949670609e+03
1.711265895822532002e+03
1.711860411695393395e+03
1.712454927568254789e+03
1.713049443441116182e+03
1.713643959313977575e+03
1.714238475186838969e+03
1.714832991059700362e+03
1.715427506932561755e+03
1.716022022805423148e+03
1.716616538678284542e+03
1.717211054551145935e+03
1.717805570424007328e+03
1.718400086296868722e+03
1.718994602169730115e+03
1.719589118042591508e+03
1.720183633915452901e+03
1.720778149788314295e+03
1.721372665661175688e+03
1.721967181534037081e+03
1.722561697406898475e+03
1.723156213279759868e+03
1.723750729152621261e+03
1.724345245025482654e+03
1.724939760898344048e+03
1.725534276771205441e+03
1.726128792644066834e+03
1.726723308516928228e+03
1.727317824389789621e+03
1.727912340262651014e+03
1.728506856135512407e+03
1.729101372008373801e+03
1.729695887881235194e+03
1.730290403754096587e+03
1.730884919626957981e+03
1.731479435499819374e+03
1.732073951372680767e+03
1.732668467245542161e+03
1.733262983118403554e+03
1.733857498991264947e+03
1.734452014864126340e+03
1.735046530736987734e+03
1.735641046609849127e+03
1.736235562482710520e+03
1.736830078355571914e+03
1.737424594228433307e+03
1.738019110101294700e+03
1.738613625974156093e+03
1.739208141847017487e+03
1.739802657719878880e+03
1.740397173592740273e+03
1.740991689465601667e+03
1.741586205338463060e+03
1.742180721211324453e+03
1.742775237084185846e+03
1.743369752957047240e+03
1.743964268829908633e+03
1.744558784702770026e+03
1.745153300575631420e+03
1.745747816448492813e+03
1.746342332321354206e+03
1.746936848194215600e+03
1.747531364067076993e+03
1.748125879939938386e+03
1.748720395812799779e+03
1.749314911685661173e+03
1.749909427558522566e+03
1.750503943431383959e+03
1.751098459304245353e+03
1.751692975177106746e+03
1.752287491049968139e+03
1.752882006922829532e+03
1.753476522795690926e+03
1.754071038668552319e+03
1.754665554541413712e+03
1.755260070414275106e+03
1.755854586287136499e+03
1.756449102159997892e+03
1.757043618032859285e+03
1.757638133905720679e+03
1.758232649778582072e+03
1.758827165651443465e+03
1.759421681524304859e+03
1.760016197397166252e+03
1.760610713270027645e+03
1.761205229142889038e+03
1.761799745015750432e+03
1.762394260888611825e+03
1.762988776761473218e+03
1.763583292634334612e+03
1.764177808507196005e+03
1.764772324380057398e+03
1.765366840252918792e+03
1.765961356125780185e+03
1.766555871998641578e+03
1.767150387871502971e+03
1.767744903744364365e+03
1.768339419617225758e+03
1.768933935490087151e+03
1.769528451362948545e+03
1.770122967235809938e+03
1.770717483108671331e+03
1.771311998981532724e+03
1.771906514854394118e+03
1.772501030727255511e+03
1.773095546600116904e+03
1.773690062472978298e+03
1.774284578345839691e+03
1.774879094218701084e+03
1.775473610091562477e+03
1.776068125964423871e+03
1.776662641837285264e+03
1.777257157710146657e+03
1.777851673583008051e+03
1.778446189455869444e+03
1.779040705328730837e+03
1.779635221201592230e+03
1.780229737074453624e+03
1.780824252947315017e+03
1.781418768820176410e+03
1.782013284693037804e+03
1.782607800565899197e+03
1.783202316438760590e+03
1.783796832311621984e+03
1.784391348184483377e+03
1.784985864057344770e+03
1.785580379930206163e+03
1.786174895803067557e+03
1.786769411675928950e+03
1.787363927548790343e+03
1.787958443421651737e+03
1.788552959294513130e+03
1.789147475167374523e+03
1.789741991040235916e+03
1.790336506913097310e+03
1.790931022785958703e+03
1.791525538658820096e+03
1.792120054531681490e+03
1.792714570404542883e+03
1.793309086277404276e+03
1.793903602150265669e+03
1.794498118023127063e+03
1.795092633895988456e+03
1.795687149768849849e+03
1.796281665641711243e+03
1.796876181514572636e+03
1.797470697387434029e+03
1.798065213260295423e+03
1.798659729133156816e+03
1.799254245006018209e+03
1.799848760878879602e+03
1.800443276751740996e+03
1.801037792624602389e+03
1.801632308497463782e+03
1.802226824370325176e+03
1.802821340243186569e+03
1.803415856116047962e+03
1.804010371988909355e+03
1.804604887861770749e+03
1.805199403734632142e+03
1.805793919607493535e+03
1.806388435480354929e+03
1.806982951353216322e+03
1.807577467226077715e+03
1.808171983098939108e+03
1.808766498971800502e+03
1.809361014844661895e+03
1.809955530717523288e+03
1.810550046590384682e+03
1.811144562463246075e+03
1.811739078336107468e+03
1.812333594208968861e+03
1.812928110081830255e+03
1.813522625954691648e+03
1.814117141827553041e+03
1.814711657700414435e+03
1.815306173573275828e+03
1.815900689446137221e+03
1.816495205318998615e+03
1.817089721191860008e+03
1.817684237064721401e+03
1.818278752937582794e+03
1.818873268810444188e+03
1.819467784683305581e+03
1.820062300556166974e+03
1.820656816429028368e+03
1.821251332301889761e+03
1.821845848174751154e+03
1.822440364047612547e+03
1.823034879920473941e+03
1.823629395793335334e+03
1.824223911666196727e+03
1.824818427539058121e+03
1.825412943411919514e+03
1.826007459284780907e+03
1.826601975157642300e+03
1.827196491030503694e+03
1.827791006903365087e+03
1.828385522776226480e+03
1.828980038649087874e+03
1.829574554521949267e+03
1.830169070394810660e+03
1.830763586267672054e+03
1.831358102140533447e+03
1.831952618013394840e+03
1.832547133886256233e+03
1.833141649759117627e+03
1.833736165631979020e+03
1.834330681504840413e+03
1.834925197377701807e+03
1.835519713250563200e+03
1.836114229123424593e+03
1.836708744996285986e+03
1.837303260869147380e+03
1.837897776742008773e+03
1.838492292614870166e+03
1.839086808487731560e+03
1.839681324360592953e+03
1.840275840233454346e+03
1.840870356106315739e+03
1.841464871979177133e+03
1.842059387852038526e+03
1.842653903724899919e+03
1.843248419597761313e+03
1.843842935470622706e+03
1.844437451343484099e+03
1.845031967216345492e+03
1.845626483089206886e+03
1.846220998962068279e+03
1.846815514834929672e+03
1.847410030707791066e+03
1.848004546580652459e+03
1.848599062453513852e+03
1.849193578326375246e+03
1.849788094199236639e+03
1.850382610072098032e+03
1.850977125944959425e+03
1.851571641817820819e+03
1.852166157690682212e+03
1.852760673563543605e+03
1.853355189436404999e+03
1.853949705309266392e+03
1.854544221182127785e+03
1.855138737054989178e+03
1.855733252927850572e+03
1.856327768800711965e+03
1.856922284673573358e+03
1.857516800546434752e+03
1.858111316419296145e+03
1.858705832292157538e+03
1.859300348165018931e+03
1.859894864037880325e+03
1.860489379910741718e+03
1.861083895783603111e+03
1.861678411656464505e+03
1.862272927529325898e+03
1.862867443402187291e+03
1.863461959275048685e+03
1.864056475147910078e+03
1.864650991020771471e+03
1.865245506893632864e+03
1.865840022766494258e+03
1.866434538639355651e+03
1.867029054512217044e+03
1.867623570385078438e+03
1.868218086257939831e+03
1.868812602130801224e+03
1.869407118003662617e+03
1.870001633876524011e+03
1.870596149749385404e+03
1.871190665622246797e+03
1.871785181495108191e+03
1.872379697367969584e+03
1.872974213240830977e+03
1.873568729113692370e+03
1.874163244986553764e+03
1.874757760859415157e+03
1.875352276732276550e+03
1.875946792605137944e+03
1.876541308477999337e+03
1.877135824350860730e+03
1.877730340223722123e+03
1.878324856096583517e+03
1.878919371969444910e+03
1.879513887842306303e+03
1.880108403715167697e+03
1.880702919588029090e+03
1.881297435460890483e+03
1.881891951333751877e+03
1.882486467206613270e+03
1.883080983079474663e+03
1.883675498952336056e+03
1.884270014825197450e+03
1.884864530698058843e+03
1.885459046570920236e+03
1.886053562443781630e+03
1.886648078316643023e+03
1.887242594189504416e+03
1.887837110062365809e+03
1.888431625935227203e+03
1.889026141808088596e+03
1.889620657680949989e+03
1.890215173553811383e+03
1.890809689426672776e+03
1.891404205299534169e+03
1.891998721172395562e+03
1.892593237045256956e+03
1.893187752918118349e+03
1.893782268790979742e+03
1.894376784663841136e+03
1.894971300536702529e+03
1.895565816409563922e+03
1.896160332282425315e+03
1.896754848155286709e+03
1.897349364028148102e+03
1.897943879901009495e+03
1.898538395773870889e+03
1.899132911646732282e+03
1.899727427519593675e+03
1.900321943392455069e+03
1.900916459265316462e+03
1.901510975138177855e+03
1.902105491011039248e+03
1.902700006883900642e+03
1.903294522756762035e+03
1.903889038629623428e+03
1.904483554502484822e+03
1.905078070375346215e+03
1.905672586248207608e+03
1.906267102121069001e+03
1.906861617993930395e+03
1.907456133866791788e+03
1.908050649739653181e+03
1.908645165612514575e+03
1.909239681485375968e+03
1.909834197358237361e+03
1.753299049219166363e+03
1.754029885595710766e+03
1.754760721972255169e+03
1.755491558348799572e+03
1.756222394725343975e+03
1.756953231101888377e+03
1.757684067478432780e+03
1.758414903854977183e+03
1.759145740231521586e+03
1.759876576608065989e+03
1.760607412984610392e+03
1.761338249361154794e+03
1.762069085737699197e+03
1.762799922114243600e+03
1.763530758490788003e+03
1.764261594867332406e+03
1.764992431243876808e+03
1.765723267620421211e+03
1.766454103996965614e+03
1.767184940373510017e+03
1.767915776750054420e+03
1.768646613126598822e+03
1.769377449503143225e+03
1.770108285879687628e+03
1.770839122256232031e+03
1.771569958632776434e+03
1.772300795009320836e+03
1.773031631385865239e+03
1.773762467762409642e+03
1.774493304138954045e+03
1.775224140515498448e+03
1.775954976892042851e+03
1.776685813268587253e+03
1.777416649645131656e+03
1.778147486021676059e+03
1.778878322398220462e+03
1.779609158774764865e+03
1.780339995151309267e+03
1.781070831527853670e+03
1.781801667904398073e+03
1.782532504280942476e+03
1.783263340657486879e+03
1.783994177034031281e+03
1.784725013410575684e+03
1.785455849787120087e+03
1.786186686163664490e+03
1.786917522540208893e+03
1.787648358916753295e+03
1.788379195293297698e+03
1.789110031669842101e+03
1.789840868046386504e+03
1.790571704422930907e+03
1.791302540799475310e+03
1.792033377176019712e+03
1.792764213552564115e+03
1.793495049929108518e+03
1.794225886305652921e+03
1.794956722682197324e+03
1.795687559058741726e+03
1.796418395435286129e+03
1.797149231811830532e+03
1.797880068188374935e+03
1.798610904564919338e+03
1.799341740941463740e+03
1.800072577318008143e+03
1.800803413694552546e+03
1.801534250071096949e+03
1.802265086447641352e+03
1.802995922824185755e+03
1.803726759200730157e+03
1.804457595577274560e+03
1.805188431953818963e+03
1.805919268330363366e+03
1.806650104706907769e+03
1.807380941083452171e+03
1.808111777459996574e+03
1.808842613836540977e+03
1.809573450213085380e+03
1.810304286589629783e+03
1.811035122966174185e+03
1.811765959342718588e+03
1.812496795719262991e+03
1.813227632095807394e+03
1.813958468472351797e+03
1.814689304848896199e+03
1.815420141225440602e+03
1.816150977601985005e+03
1.816881813978529408e+03
1.817612650355073811e+03
1.818343486731618214e+03
1.819074323108162616e+03
1.819805159484707019e+03
1.820535995861251422e+03
1.821266832237795825e+03
1.821997668614340228e+03
1.822728504990884630e+03
1.823459341367429033e+03
1.824190177743973436e+03
1.824921014120517839e+03
1.825651850497062242e+03
1.826382686873606644e+03
1.827113523250151047e+03
1.827844359626695450e+03
1.828575196003239853e+03
1.829306032379784256e+03
1.830036868756328658e+03
1.830767705132873061e+03
1.831498541509417464e+03
1.832229377885961867e+03
1.832960214262506270e+03
1.833691050639050673e+03
1.834421887015595075e+03
1.835152723392139478e+03
1.835883559768683881e+03
1.836614396145228284e+03
1.837345232521772687e+03
1.838076068898317089e+03
1.838806905274861492e+03
1.839537741651405895e+03
1.840268578027950298e+03
1.840999414404494701e+03
1.841730250781039103e+03
1.842461087157583506e+03
1.843191923534127909e+03
1.843922759910672312e+03
1.844653596287216715e+03
1.845384432663761118e+03
1.846115269040305520e+03
1.846846105416849923e+03
1.847576941793394326e+03
1.848307778169938729e+03
1.849038614546483132e+03
1.849769450923027534e+03
1.850500287299571937e+03
1.851231123676116340e+03
1.851961960052660743e+03
1.852692796429205146e+03
1.853423632805749548e+03
1.854154469182293951e+03
1.854885305558838354e+03
1.855616141935382757e+03
1.856346978311927160e+03
1.857077814688471562e+03
1.857808651065015965e+03
1.858539487441560368e+03
1.859270323818104771e+03
1.860001160194649174e+03
1.860731996571193577e+03
1.861462832947737979e+03
1.862193669324282382e+03
1.862924505700826785e+03
1.863655342077371188e+03
1.864386178453915591e+03
1.865117014830459993e+03
1.865847851207004396e+03
1.866578687583548799e+03
1.867309523960093202e+03
1.868040360336637605e+03
1.868771196713182007e+03
1.869502033089726410e+03
1.870232869466270813e+03
1.870963705842815216e+03
1.871694542219359619e+03
1.872425378595904021e+03
1.873156214972448424e+03
1.873887051348992827e+03
1.874617887725537230e+03
1.875348724102081633e+03
1.876079560478626036e+03
1.876810396855170438e+03
1.877541233231714841e+03
1.878272069608259244e+03
1.879002905984803647e+03
1.879733742361348050e+03
1.880464578737892452e+03
1.881195415114436855e+03
1.881926251490981258e+03
1.882657087867525661e+03
1.883387924244070064e+03
1.884118760620614466e+03
1.884849596997158869e+03
1.885580433373703272e+03
1.886311269750247675e+03
1.887042106126792078e+03
1.887772942503336481e+03
1.888503778879880883e+03
1.889234615256425286e+03
1.889965451632969689e+03
1.890696288009514092e+03
1.891427124386058495e+03
1.892157960762602897e+03
1.892888797139147300e+03
1.893619633515691703e+03
1.894350469892236106e+03
1.895081306268780509e+03
1.895812142645324911e+03
1.896542979021869314e+03
1.897273815398413717e+03
1.898004651774958120e+03
1.898735488151502523e+03
1.899466324528046925e+03
1.900197160904591328e+03
1.900927997281135731e+03
1.901658833657680134e+03
1.902389670034224537e+03
1.903120506410768940e+03
1.903851342787313342e+03
1.904582179163857745e+03
1.905313015540402148e+03
1.906043851916946551e+03
1.906774688293490954e+03
1.907505524670035356e+03
1.908236361046579759e+03
1.908967197423124162e+03
1.909698033799668565e+03
1.910428870176212968e+03
1.911159706552757370e+03
1.911890542929301773e+03
1.912621379305846176e+03
1.913352215682390579e+03
1.914083052058934982e+03
1.914813888435479384e+03
1.915544724812023787e+03
1.916275561188568190e+03
1.917006397565112593e+03
1.917737233941656996e+03
1.918468070318201399e+03
1.919198906694745801e+03
1.919929743071290204e+03
1.920660579447834607e+03
1.921391415824379010e+03
1.922122252200923413e+03
1.922853088577467815e+03
1.923583924954012218e+03
1.924314761330556621e+03
1.925045597707101024e+03
1.925776434083645427e+03
1.926507270460189829e+03
1.927238106836734232e+03
1.927968943213278635e+03
1.928699779589823038e+03
1.929430615966367441e+03
1.930161452342911844e+03
1.930892288719456246e+03
1.931623125096000649e+03
1.932353961472545052e+03
1.933084797849089455e+03
1.933815634225633858e+03
1.934546470602178260e+03
1.935277306978722663e+03
1.936008143355267066e+03
1.936738979731811469e+03
1.937469816108355872e+03
1.938200652484900274e+03
1.938931488861444677e+03
1.939662325237989080e+03
1.940393161614533483e+03
1.941123997991077886e+03
1.941854834367622288e+03
1.942585670744166691e+03
1.943316507120711094e+03
1.944047343497255497e+03
1.944778179873799900e+03
1.945509016250344303e+03
1.946239852626888705e+03
1.946970689003433108e+03
1.947701525379977511e+03
1.948432361756521914e+03
1.949163198133066317e+03
1.949894034509610719e+03
1.950624870886155122e+03
1.951355707262699525e+03
1.952086543639243928e+03
1.952817380015788331e+03
1.953548216392332733e+03
1.954279052768877136e+03
1.955009889145421539e+03
1.955740725521965942e+03
1.956471561898510345e+03
1.957202398275054748e+03
1.957933234651599150e+03
1.958664071028143553e+03
1.959394907404687956e+03
1.960125743781232359e+03
1.960856580157776762e+03
1.961587416534321164e+03
1.962318252910865567e+03
1.963049089287409970e+03
1.963779925663954373e+03
1.964510762040498776e+03
1.965241598417043178e+03
1.965972434793587581e+03
1.966703271170131984e+03
1.967434107546676387e+03
1.968164943923220790e+03
1.968895780299765192e+03
1.969626616676309595e+03
1.970357453052853998e+03
1.971088289429398401e+03
1.971819125805942804e+03
1.972549962182487207e+03
1.973280798559031609e+03
1.974011634935576012e+03
1.974742471312120415e+03
1.975473307688664818e+03
1.976204144065209221e+03
1.976934980441753623e+03
1.977665816818298026e+03
1.978396653194842429e+03
1.979127489571386832e+03
1.979858325947931235e+03
1.980589162324475637e+03
1.981319998701020040e+03
1.982050835077564443e+03
1.982781671454108846e+03
1.983512507830653249e+03
1.984243344207197651e+03
1.984974180583742054e+03
1.985705016960286457e+03
1.986435853336830860e+03
1.987166689713375263e+03
1.987897526089919666e+03
1.988628362466464068e+03
1.989359198843008471e+03
1.990090035219552874e+03
1.990820871596097277e+03
1.991551707972641680e+03
1.992282544349186082e+03
1.993013380725730485e+03
1.993744217102274888e+03
1.994475053478819291e+03
1.995205889855363694e+03
1.995936726231908096e+03
1.996667562608452499e+03
1.997398398984996902e+03
1.998129235361541305e+03
1.998860071738085708e+03
1.999590908114630111e+03
2.000321744491174513e+03
2.001052580867718916e+03
2.001783417244263319e+03
2.002514253620807722e+03
2.003245089997352125e+03
2.003975926373896527e+03
2.004706762750440930e+03
2.005437599126985333e+03
2.006168435503529736e+03
2.006899271880074139e+03
2.007630108256618541e+03
2.008360944633162944e+03
2.009091781009707347e+03
2.009822617386251750e+03
2.010553453762796153e+03
2.011284290139340555e+03
2.012015126515884958e+03
2.012745962892429361e+03
2.013476799268973764e+03
2.014207635645518167e+03
2.014938472022062570e+03
2.015669308398606972e+03
2.016400144775151375e+03
2.017130981151695778e+03
2.017861817528240181e+03
2.018592653904784584e+03
2.019323490281328986e+03
2.020054326657873389e+03
2.020785163034417792e+03
2.021515999410962195e+03
2.022246835787506598e+03
2.022977672164051000e+03
2.023708508540595403e+03
2.024439344917139806e+03
2.025170181293684209e+03
2.025901017670228612e+03
2.026631854046773014e+03
2.027362690423317417e+03
2.028093526799861820e+03
2.028824363176406223e+03
2.029555199552950626e+03
2.030286035929495029e+03
2.031016872306039431e+03
2.031747708682583834e+03
2.032478545059128237e+03
2.033209381435672640e+03
2.033940217812217043e+03
2.034671054188761445e+03
2.035401890565305848e+03
2.036132726941850251e+03
2.036863563318394654e+03
2.037594399694939057e+03
2.038325236071483459e+03
2.039056072448027862e+03
2.039786908824572265e+03
2.040517745201116668e+03
2.041248581577661071e+03
2.041979417954205474e+03
2.042710254330749876e+03
2.043441090707294279e+03
2.044171927083838682e+03
2.044902763460383085e+03
2.045633599836927488e+03
2.046364436213471890e+03
2.047095272590016293e+03
2.047826108966560696e+03
2.048556945343105326e+03
2.049287781719649502e+03
2.050018618096194132e+03
2.050749454472738307e+03
2.051480290849282937e+03
2.052211127225827113e+03
2.052941963602371743e+03
2.053672799978915918e+03
2.054403636355460549e+03
2.055134472732004724e+03
2.055865309108549354e+03
2.056596145485093530e+03
2.057326981861638160e+03
2.058057818238182335e+03
2.058788654614726966e+03
2.059519490991271141e+03
2.060250327367815771e+03
2.060981163744359947e+03
2.061712000120904577e+03
2.062442836497448752e+03
2.063173672873993382e+03
2.063904509250537558e+03
2.064635345627082188e+03
2.065366182003626363e+03
2.066097018380170994e+03
2.066827854756715169e+03
2.067558691133259799e+03
2.068289527509803975e+03
2.069020363886348605e+03
2.069751200262892780e+03
2.070482036639437410e+03
2.071212873015981586e+03
2.071943709392526216e+03
2.072674545769070392e+03
2.073405382145615022e+03
2.074136218522159197e+03
2.074867054898703827e+03
2.075597891275248003e+03
2.076328727651792633e+03
2.077059564028336808e+03
2.077790400404881439e+03
2.078521236781425614e+03
2.079252073157970244e+03
2.079982909534514420e+03
2.080713745911059050e+03
2.081444582287603225e+03
2.082175418664147855e+03
2.082906255040692031e+03
2.083637091417236661e+03
2.084367927793780837e+03
2.085098764170325467e+03
2.085829600546869642e+03
2.086560436923414272e+03
2.087291273299958448e+03
2.088022109676503078e+03
2.088752946053047253e+03
2.089483782429591884e+03
2.090214618806136059e+03
2.090945455182680689e+03
2.091676291559224865e+03
2.092407127935769495e+03
2.093137964312313670e+03
2.093868800688858300e+03
2.094599637065402476e+03
2.095330473441947106e+03
2.096061309818491281e+03
2.096792146195035912e+03
2.097522982571580087e+03
2.098253818948124717e+03
2.098984655324668893e+03
2.099715491701213523e+03
2.100446328077757698e+03
2.101177164454302329e+03
2.101908000830846504e+03
2.102638837207391134e+03
2.103369673583935310e+03
2.104100509960479940e+03
2.104831346337024115e+03
2.105562182713568745e+03
2.106293019090112921e+03
2.107023855466657551e+03
2.107754691843201726e+03
2.108485528219746357e+03
2.109216364596290532e+03
2.109947200972835162e+03
2.110678037349379338e+03
2.111408873725923968e+03
2.112139710102468143e+03
2.112870546479012773e+03
2.113601382855556949e+03
2.114332219232101579e+03
2.115063055608645755e+03
2.115793891985190385e+03
2.116524728361734560e+03
2.117255564738279190e+03
2.117986401114823366e+03
2.118717237491367996e+03
2.119448073867912171e+03
2.120178910244456802e+03
2.120909746621000977e+03
2.121640582997545607e+03
2.122371419374089783e+03
2.123102255750634413e+03
2.123833092127178588e+03
2.124563928503723218e+03
2.125294764880267394e+03
2.126025601256812024e+03
2.126756437633356200e+03
2.127487274009900830e+03
2.128218110386445005e+03
2.128948946762989635e+03
2.129679783139533811e+03
2.130410619516078441e+03
2.131141455892622616e+03
2.131872292269167247e+03
2.132603128645711422e+03
2.133333965022256052e+03
2.134064801398800228e+03
2.134795637775344858e+03
2.135526474151889033e+03
2.136257310528433663e+03
2.136988146904977839e+03
2.137718983281522469e+03
2.138449819658066644e+03
2.139180656034611275e+03
2.139911492411155450e+03
2.140642328787700080e+03
2.141373165164244256e+03
2.142104001540788886e+03
2.142834837917333061e+03
2.143565674293877692e+03
2.144296510670421867e+03
2.145027347046966497e+03
2.145758183423510673e+03
2.146489019800055303e+03
2.147219856176599478e+03
2.147950692553144108e+03
2.148681528929688284e+03
2.149412365306232914e+03
2.150143201682777089e+03
2.150874038059321720e+03
2.151604874435865895e+03
2.152335710812410525e+03
2.153066547188954701e+03
2.153797383565499331e+03
2.154528219942043506e+03
2.155259056318588136e+03
2.155989892695132312e+03
2.156720729071676942e+03
2.157451565448221118e+03
2.158182401824765748e+03
2.158913238201309923e+03
2.159644074577854553e+03
2.160374910954398729e+03
2.161105747330943359e+03
2.161836583707487534e+03
1.981388262997204947e+03
1.982183880516911131e+03
1.982979498036617315e+03
1.983775115556323499e+03
1.984570733076029683e+03
1.985366350595735867e+03
1.986161968115442050e+03
1.986957585635148234e+03
1.987753203154854418e+03
1.988548820674560602e+03
1.989344438194266786e+03
1.990140055713972970e+03
1.990935673233679154e+03
1.991731290753385338e+03
1.992526908273091522e+03
1.993322525792797705e+03
1.994118143312503889e+03
1.994913760832210073e+03
1.995709378351916257e+03
1.996504995871622441e+03
1.997300613391328625e+03
1.998096230911034809e+03
1.998891848430740993e+03
1.999687465950447177e+03
2.000483083470153360e+03
2.001278700989859544e+03
2.002074318509565728e+03
2.002869936029271912e+03
2.003665553548978096e+03
2.004461171068684280e+03
2.005256788588390464e+03
2.006052406108096648e+03
2.006848023627802831e+03
2.007643641147509015e+03
2.008439258667215199e+03
2.009234876186921383e+03
2.010030493706627567e+03
2.010826111226333751e+03
2.011621728746039935e+03
2.012417346265746119e+03
2.013212963785452303e+03
2.014008581305158486e+03
2.014804198824864670e+03
2.015599816344570854e+03
2.016395433864277038e+03
2.017191051383983222e+03
2.017986668903689406e+03
2.018782286423395590e+03
2.019577903943101774e+03
2.020373521462807958e+03
2.021169138982514141e+03
2.021964756502220325e+03
2.022760374021926509e+03
2.023555991541632693e+03
2.024351609061338877e+03
2.025147226581045061e+03
2.025942844100751245e+03
2.026738461620457429e+03
2.027534079140163612e+03
2.028329696659869796e+03
2.029125314179575980e+03
2.029920931699282164e+03
2.030716549218988348e+03
2.031512166738694532e+03
2.032307784258400716e+03
2.033103401778106900e+03
2.033899019297813084e+03
2.034694636817519267e+03
2.035490254337225451e+03
2.036285871856931635e+03
2.037081489376637819e+03
2.037877106896344003e+03
2.038672724416050187e+03
2.039468341935756371e+03
2.040263959455462555e+03
2.041059576975168738e+03
2.041855194494874922e+03
2.042650812014581106e+03
2.043446429534287290e+03
2.044242047053993474e+03
2.045037664573699658e+03
2.045833282093405842e+03
2.046628899613112026e+03
2.047424517132818210e+03
2.048220134652524393e+03
2.049015752172230805e+03
2.049811369691936761e+03
2.050606987211643172e+03
2.051402604731349129e+03
2.052198222251055540e+03
2.052993839770761497e+03
2.053789457290467908e+03
2.054585074810173865e+03
2.055380692329880276e+03
2.056176309849586232e+03
2.056971927369292644e+03
2.057767544888998600e+03
2.058563162408705011e+03
2.059358779928410968e+03
2.060154397448117379e+03
2.060950014967823336e+03
2.061745632487529747e+03
2.062541250007235703e+03
2.063336867526942115e+03
2.064132485046648071e+03
2.064928102566354482e+03
2.065723720086060439e+03
2.066519337605766850e+03
2.067314955125472807e+03
2.068110572645179218e+03
2.068906190164885174e+03
2.069701807684591586e+03
2.070497425204297542e+03
2.071293042724003953e+03
2.072088660243709910e+03
2.072884277763416321e+03
2.073679895283122278e+03
2.074475512802828689e+03
2.075271130322534646e+03
2.076066747842241057e+03
2.076862365361947013e+03
2.077657982881653425e+03
2.078453600401359381e+03
2.079249217921065792e+03
2.080044835440771749e+03
2.080840452960478160e+03
2.081636070480184117e+03
2.082431687999890528e+03
2.083227305519596484e+03
2.084022923039302896e+03
2.084818540559008852e+03
2.085614158078715263e+03
2.086409775598421220e+03
2.087205393118127631e+03
2.088001010637833588e+03
2.088796628157539999e+03
2.089592245677245955e+03
2.090387863196952367e+03
2.091183480716658323e+03
2.091979098236364734e+03
2.092774715756070691e+03
2.093570333275777102e+03
2.094365950795483059e+03
2.095161568315189470e+03
2.095957185834895427e+03
2.096752803354601838e+03
2.097548420874307794e+03
2.098344038394014206e+03
2.099139655913720162e+03
2.099935273433426573e+03
2.100730890953132530e+03
2.101526508472838941e+03
2.102322125992544898e+03
2.103117743512251309e+03
2.103913361031957265e+03
2.104708978551663677e+03
2.105504596071369633e+03
2.106300213591076044e+03
2.107095831110782001e+03
2.107891448630488412e+03
2.108687066150194369e+03
2.109482683669900780e+03
2.110278301189606736e+03
2.111073918709313148e+03
2.111869536229019559e+03
2.112665153748725970e+03
2.113460771268432381e+03
2.114256388788138793e+03
2.115052006307845204e+03
2.115847623827551615e+03
2.116643241347258027e+03
2.117438858866964438e+03
2.118234476386670849e+03
2.119030093906377260e+03
2.119825711426083672e+03
2.120621328945790083e+03
2.121416946465496494e+03
2.122212563985202905e+03
2.123008181504909317e+03
2.123803799024615728e+03
2.124599416544322139e+03
2.125395034064028550e+03
2.126190651583734962e+03
2.126986269103441373e+03
2.127781886623147784e+03
2.128577504142854195e+03
2.129373121662560607e+03
2.130168739182267018e+03
2.130964356701973429e+03
2.131759974221679840e+03
2.132555591741386252e+03
2.133351209261092663e+03
2.134146826780799074e+03
2.134942444300505485e+03
2.135738061820211897e+03
2.136533679339918308e+03
2.137329296859624719e+03
2.138124914379331130e+03
2.138920531899037542e+03
2.139716149418743953e+03
2.140511766938450364e+03
2.141307384458156776e+03
2.142103001977863187e+03
2.142898619497569598e+03
2.143694237017276009e+03
2.144489854536982421e+03
2.145285472056688832e+03
2.146081089576395243e+03
2.146876707096101654e+03
2.147672324615808066e+03
2.148467942135514477e+03
2.149263559655220888e+03
2.150059177174927299e+03
2.150854794694633711e+03
2.151650412214340122e+03
2.152446029734046533e+03
2.153241647253752944e+03
2.154037264773459356e+03
2.154832882293165767e+03
2.155628499812872178e+03
2.156424117332578589e+03
2.157219734852285001e+03
2.158015352371991412e+03
2.158810969891697823e+03
2.159606587411404234e+03
2.160402204931110646e+03
2.161197822450817057e+03
2.161993439970523468e+03
2.162789057490229879e+03
2.163584675009936291e+03
2.164380292529642702e+03
2.165175910049349113e+03
2.165971527569055525e+03
2.166767145088761936e+03
2.167562762608468347e+03
2.168358380128174758e+03
2.169153997647881170e+03
2.169949615167587581e+03
2.170745232687293992e+03
2.171540850207000403e+03
2.172336467726706815e+03
2.173132085246413226e+03
2.173927702766119637e+03
2.174723320285826048e+03
2.175518937805532460e+03
2.176314555325238871e+03
2.177110172844945282e+03
2.177905790364651693e+03
2.178701407884358105e+03
2.179497025404064516e+03
2.180292642923770927e+03
2.181088260443477338e+03
2.181883877963183750e+03
2.182679495482890161e+03
2.183475113002596572e+03
2.184270730522302983e+03
2.185066348042009395e+03
2.185861965561715806e+03
2.186657583081422217e+03
2.187453200601128628e+03
2.188248818120835040e+03
2.189044435640541451e+03
2.189840053160247862e+03
2.190635670679954274e+03
2.191431288199660685e+03
2.192226905719367096e+03
2.193022523239073507e+03
2.193818140758779919e+03
2.194613758278486330e+03
2.195409375798192741e+03
2.196204993317899152e+03
2.197000610837605564e+03
2.197796228357311975e+03
2.198591845877018386e+03
2.199387463396724797e+03
2.200183080916431209e+03
2.200978698436137620e+03
2.201774315955844031e+03
2.202569933475550442e+03
2.203365550995256854e+03
2.204161168514963265e+03
2.204956786034669676e+03
2.205752403554376087e+03
2.206548021074082499e+03
2.207343638593788910e+03
2.208139256113495321e+03
2.208934873633201732e+03
2.209730491152908144e+03
2.210526108672614555e+03
2.211321726192320966e+03
2.212117343712027377e+03
2.212912961231733789e+03
2.213708578751440200e+03
2.214504196271146611e+03
2.215299813790853023e+03
2.216095431310559434e+03
2.216891048830265845e+03
2.217686666349972256e+03
2.218482283869678668e+03
2.219277901389385079e+03
2.220073518909091490e+03
2.220869136428797901e+03
2.221664753948504313e+03
2.222460371468210724e+03
2.223255988987917135e+03
2.224051606507623546e+03
2.224847224027329958e+03
2.225642841547036369e+03
2.226438459066742780e+03
2.227234076586449191e+03
2.228029694106155603e+03
2.228825311625862014e+03
2.229620929145568425e+03
2.230416546665274836e+03
2.231212164184981248e+03
2.232007781704687659e+03
2.232803399224394070e+03
2.233599016744100481e+03
2.234394634263806893e+03
2.235190251783513304e+03
2.235985869303219715e+03
2.236781486822926126e+03
2.237577104342632538e+03
2.238372721862338949e+03
2.239168339382045360e+03
2.239963956901751772e+03
2.240759574421458183e+03
2.241555191941164594e+03
2.242350809460871005e+03
2.243146426980577417e+03
2.243942044500283828e+03
2.244737662019990239e+03
2.245533279539696650e+03
2.246328897059403062e+03
2.247124514579109473e+03
2.247920132098815884e+03
2.248715749618522295e+03
2.249511367138228707e+03
2.250306984657935118e+03
2.251102602177641529e+03
2.251898219697347940e+03
2.252693837217054352e+03
2.253489454736760763e+03
2.254285072256467174e+03
2.255080689776173585e+03
2.255876307295879997e+03
2.256671924815586408e+03
2.257467542335292819e+03
2.258263159854999230e+03
2.259058777374705642e+03
2.259854394894412053e+03
2.260650012414118464e+03
2.261445629933824875e+03
2.262241247453531287e+03
2.263036864973237698e+03
2.263832482492944109e+03
2.264628100012650521e+03
2.265423717532356932e+03
2.266219335052063343e+03
2.267014952571769754e+03
2.267810570091476166e+03
2.268606187611182577e+03
2.269401805130888988e+03
2.270197422650595399e+03
2.270993040170301811e+03
2.271788657690008222e+03
2.272584275209714633e+03
2.273379892729421044e+03
2.274175510249127456e+03
2.274971127768833867e+03
2.275766745288540278e+03
2.276562362808246689e+03
2.277357980327953101e+03
2.278153597847659512e+03
2.278949215367365923e+03
2.279744832887072334e+03
2.280540450406778746e+03
2.281336067926485157e+03
2.282131685446191568e+03
2.282927302965897979e+03
2.283722920485604391e+03
2.284518538005310802e+03
2.285314155525017213e+03
2.286109773044723624e+03
2.286905390564430036e+03
2.287701008084136447e+03
2.288496625603842858e+03
2.289292243123549270e+03
2.290087860643255681e+03
2.290883478162962092e+03
2.291679095682668503e+03
2.292474713202374915e+03
2.293270330722081326e+03
2.294065948241787737e+03
2.294861565761494148e+03
2.295657183281200560e+03
2.296452800800906971e+03
2.297248418320613382e+03
2.298044035840319793e+03
2.298839653360026205e+03
2.112141699941999832e+03
2.112924218014346934e+03
2.113706736086694036e+03
2.114489254159041138e+03
2.115271772231388240e+03
2.116054290303735343e+03
2.116836808376082445e+03
2.117619326448429547e+03
2.118401844520776649e+03
2.119184362593123751e+03
2.119966880665470853e+03
2.120749398737817955e+03
2.121531916810165058e+03
2.122314434882512160e+03
2.123096952954859262e+03
2.123879471027206364e+03
2.124661989099553466e+03
2.125444507171900568e+03
2.126227025244247670e+03
2.127009543316594772e+03
2.127792061388941875e+03
2.128574579461288977e+03
2.129357097533636079e+03
2.130139615605983181e+03
2.130922133678330283e+03
2.131704651750677385e+03
2.132487169823024487e+03
2.133269687895371590e+03
2.134052205967718692e+03
2.134834724040065794e+03
2.135617242112412896e+03
2.136399760184759998e+03
2.137182278257107100e+03
2.137964796329454202e+03
2.138747314401801304e+03
2.139529832474148407e+03
2.140312350546495509e+03
2.141094868618842611e+03
2.141877386691189713e+03
2.142659904763536815e+03
2.143442422835883917e+03
2.144224940908231019e+03
2.145007458980578122e+03
2.145789977052925224e+03
2.146572495125272326e+03
2.147355013197619428e+03
2.148137531269966530e+03
2.148920049342313632e+03
2.149702567414660734e+03
2.150485085487007836e+03
2.151267603559354939e+03
2.152050121631702041e+03
2.152832639704049143e+03
2.153615157776396245e+03
2.154397675848743347e+03
2.155180193921090449e+03
2.155962711993437551e+03
2.156745230065784654e+03
2.157527748138131756e+03
2.158310266210478858e+03
2.159092784282825960e+03
2.159875302355173062e+03
2.160657820427520164e+03
2.161440338499867266e+03
2.162222856572214368e+03
2.163005374644561471e+03
2.163787892716908573e+03
2.164570410789255675e+03
2.165352928861602777e+03
2.166135446933949879e+03
2.166917965006296981e+03
2.167700483078644083e+03
2.168483001150991186e+03
2.169265519223338288e+03
2.170048037295685390e+03
2.170830555368032492e+03
2.171613073440379594e+03
2.172395591512726696e+03
2.173178109585073798e+03
2.173960627657420901e+03
2.174743145729768003e+03
2.175525663802115105e+03
2.176308181874462207e+03
2.177090699946809309e+03
2.177873218019156411e+03
2.178655736091503513e+03
2.179438254163850615e+03
2.180220772236197718e+03
2.181003290308544820e+03
2.181785808380891922e+03
2.182568326453239024e+03
2.183350844525586126e+03
2.184133362597933228e+03
2.184915880670280330e+03
2.185698398742627433e+03
2.186480916814974535e+03
2.187263434887321637e+03
2.188045952959668739e+03
2.188828471032015841e+03
2.189610989104362943e+03
2.190393507176710045e+03
2.191176025249057147e+03
2.191958543321404250e+03
2.192741061393751352e+03
2.193523579466098454e+03
2.194306097538445556e+03
2.195088615610792658e+03
2.195871133683139760e+03
2.196653651755486862e+03
2.197436169827833965e+03
2.198218687900181067e+03
2.199001205972528169e+03
2.199783724044875271e+03
2.200566242117222373e+03
2.201348760189569475e+03
2.202131278261916577e+03
2.202913796334263679e+03
2.203696314406610782e+03
2.204478832478957884e+03
2.205261350551304986e+03
2.206043868623652088e+03
2.206826386695999190e+03
2.207608904768346292e+03
2.208391422840693394e+03
2.209173940913040497e+03
2.209956458985387599e+03
2.210738977057734701e+03
2.211521495130081803e+03
2.212304013202428905e+03
2.213086531274776007e+03
2.213869049347123109e+03
2.214651567419470211e+03
2.215434085491817314e+03
2.216216603564164416e+03
2.216999121636511518e+03
2.217781639708858620e+03
2.218564157781205722e+03
2.219346675853552824e+03
2.220129193925899926e+03
2.220911711998247029e+03
2.221694230070594131e+03
2.222476748142941233e+03
2.223259266215288335e+03
2.224041784287635437e+03
2.224824302359982539e+03
2.225606820432329641e+03
2.226389338504676743e+03
2.227171856577023846e+03
2.227954374649370948e+03
2.228736892721718050e+03
2.229519410794065152e+03
2.230301928866412254e+03
2.231084446938759356e+03
2.231866965011106458e+03
2.232649483083453561e+03
2.233432001155800663e+03
2.234214519228147765e+03
2.234997037300494867e+03
2.235779555372841969e+03
2.236562073445189071e+03
2.237344591517536173e+03
2.238127109589883275e+03
2.238909627662230378e+03
2.239692145734577480e+03
2.240474663806924582e+03
2.241257181879271684e+03
2.242039699951618786e+03
2.242822218023965888e+03
2.243604736096312990e+03
2.244387254168660093e+03
2.245169772241007195e+03
2.245952290313354297e+03
2.246734808385701399e+03
2.247517326458048501e+03
2.248299844530395603e+03
2.249082362602742705e+03
2.249864880675089807e+03
2.250647398747436910e+03
2.251429916819784012e+03
2.252212434892131114e+03
2.252994952964478216e+03
2.253777471036825318e+03
2.254559989109172420e+03
2.255342507181519522e+03
2.256125025253866625e+03
2.256907543326213727e+03
2.257690061398560829e+03
2.258472579470907931e+03
2.259255097543255033e+03
2.260037615615602135e+03
2.260820133687949237e+03
2.261602651760296339e+03
2.262385169832643442e+03
2.263167687904990544e+03
2.263950205977337646e+03
2.264732724049684748e+03
2.265515242122031850e+03
2.266297760194378952e+03
2.267080278266726054e+03
2.267862796339073157e+03
2.268645314411420259e+03
2.269427832483767361e+03
2.270210350556114463e+03
2.270992868628461565e+03
2.271775386700808667e+03
2.272557904773155769e+03
2.273340422845502871e+03
2.274122940917849974e+03
2.274905458990197076e+03
2.275687977062544178e+03
2.276470495134891280e+03
2.277253013207238382e+03
2.278035531279585484e+03
2.278818049351932586e+03
2.279600567424279689e+03
2.280383085496626791e+03
2.281165603568973893e+03
2.281948121641320995e+03
2.282730639713668097e+03
2.283513157786015199e+03
2.284295675858362301e+03
2.285078193930709404e+03
2.285860712003056506e+03
2.286643230075403608e+03
2.287425748147750710e+03
2.288208266220097812e+03
2.288990784292444914e+03
2.289773302364792016e+03
2.290555820437139118e+03
2.291338338509486221e+03
2.292120856581833323e+03
2.292903374654180425e+03
2.293685892726527527e+03
2.294468410798874629e+03
2.295250928871221731e+03
2.296033446943568833e+03
2.296815965015915936e+03
2.297598483088263038e+03
2.298381001160610140e+03
2.299163519232957242e+03
2.299946037305304344e+03
2.300728555377651446e+03
2.301511073449998548e+03
2.302293591522345650e+03
2.303076109594692753e+03
2.303858627667039855e+03
2.304641145739386957e+03
2.305423663811734059e+03
2.306206181884081161e+03
2.306988699956428263e+03
2.307771218028775365e+03
2.308553736101122468e+03
2.309336254173469570e+03
2.310118772245816672e+03
2.310901290318163774e+03
2.311683808390510876e+03
2.312466326462857978e+03
2.313248844535205080e+03
2.314031362607552182e+03
2.314813880679899285e+03
2.315596398752246387e+03
2.316378916824593489e+03
2.317161434896940591e+03
2.317943952969287693e+03
2.318726471041634795e+03
2.319508989113981897e+03
2.320291507186329000e+03
2.321074025258676102e+03
2.321856543331023204e+03
2.322639061403370306e+03
2.323421579475717408e+03
2.324204097548064510e+03
2.324986615620411612e+03
2.325769133692758714e+03
2.326551651765105817e+03
2.327334169837452919e+03
2.328116687909800021e+03
2.328899205982147123e+03
2.329681724054494225e+03
2.330464242126841327e+03
2.331246760199188429e+03
2.332029278271535532e+03
2.332811796343882634e+03
2.333594314416229736e+03
2.334376832488576838e+03
2.335159350560923940e+03
2.335941868633271042e+03
2.336724386705618144e+03
2.337506904777965246e+03
2.338289422850312349e+03
2.339071940922659451e+03
2.339854458995006553e+03
2.340636977067353655e+03
2.341419495139700757e+03
2.342202013212047859e+03
2.342984531284394961e+03
2.343767049356742064e+03
2.344549567429089166e+03
2.345332085501436268e+03
2.346114603573783370e+03
2.346897121646130472e+03
2.347679639718477574e+03
2.348462157790824676e+03
2.349244675863171778e+03
2.350027193935518881e+03
2.350809712007865983e+03
2.351592230080213085e+03
2.352374748152560187e+03
2.353157266224907289e+03
2.353939784297254391e+03
2.354722302369601493e+03
2.355504820441948596e+03
2.356287338514295698e+03
2.357069856586642800e+03
2.357852374658989902e+03
2.358634892731337004e+03
2.359417410803684106e+03
2.360199928876031208e+03
2.360982446948378310e+03
2.361764965020725413e+03
2.362547483093072515e+03
2.363330001165419617e+03
2.364112519237766719e+03
2.364895037310113821e+03
2.365677555382460923e+03
2.366460073454808025e+03
2.367242591527155128e+03
2.368025109599502230e+03
2.368807627671849332e+03
2.369590145744196434e+03
2.370372663816543536e+03
2.371155181888890638e+03
2.371937699961237740e+03
2.372720218033584842e+03
2.373502736105931945e+03
2.374285254178279047e+03
2.375067772250626149e+03
2.375850290322973251e+03
2.376632808395320353e+03
2.377415326467667455e+03
2.378197844540014557e+03
2.378980362612361660e+03
2.379762880684708762e+03
2.380545398757055864e+03
2.381327916829402966e+03
2.382110434901750068e+03
2.382892952974097170e+03
2.383675471046444272e+03
2.384457989118791374e+03
2.385240507191138477e+03
2.386023025263485579e+03
2.386805543335832681e+03
2.387588061408179783e+03
2.388370579480526885e+03
2.389153097552873987e+03
2.389935615625221089e+03
2.390718133697568192e+03
2.391500651769915294e+03
2.392283169842262396e+03
2.393065687914609498e+03
2.393848205986956600e+03
2.394630724059303702e+03
2.395413242131650804e+03
2.396195760203997907e+03
2.396978278276345009e+03
2.397760796348692111e+03
2.398543314421039213e+03
2.399325832493386315e+03
2.400108350565733417e+03
2.400890868638080519e+03
2.401673386710427621e+03
2.402455904782774724e+03
2.403238422855121826e+03
2.404020940927468928e+03
2.404803458999816030e+03
2.405585977072163132e+03
2.406368495144510234e+03
2.407151013216857336e+03
2.407933531289204439e+03
2.408716049361551541e+03
2.409498567433898643e+03
2.410281085506245745e+03
2.411063603578592847e+03
2.411846121650939949e+03
2.412628639723287051e+03
2.413411157795634153e+03
2.414193675867981256e+03
2.414976193940328358e+03
2.415758712012675460e+03
2.416541230085022562e+03
2.417323748157369664e+03
2.418106266229716766e+03
2.418888784302063868e+03
2.419671302374410971e+03
2.420453820446758073e+03
2.421236338519105175e+03
2.422018856591452277e+03
2.422801374663799379e+03
2.423583892736146481e+03
2.424366410808493583e+03
2.425148928880840685e+03
2.425931446953187788e+03
2.426713965025534890e+03
2.427496483097881992e+03
2.428279001170229094e+03
2.429061519242576196e+03
2.429844037314923298e+03
2.430626555387270400e+03
2.431409073459617503e+03
2.432191591531964605e+03
2.432974109604311707e+03
2.433756627676658809e+03
2.434539145749005911e+03
2.435321663821353013e+03
2.436104181893700115e+03
2.436886699966047217e+03
2.437669218038394320e+03
2.438451736110741422e+03
2.439234254183088524e+03
2.440016772255435626e+03
2.440799290327782728e+03
2.441581808400129830e+03
2.442364326472476932e+03
2.443146844544824035e+03
2.443929362617171137e+03
2.444711880689518239e+03
2.445494398761865341e+03
2.446276916834212443e+03
2.447059434906559545e+03
2.447841952978906647e+03
2.448624471051253749e+03
2.449406989123600852e+03
2.450189507195947954e+03
2.450972025268295056e+03
2.451754543340642158e+03
2.452537061412989260e+03
2.453319579485336362e+03
2.454102097557683464e+03
2.454884615630030567e+03
2.455667133702377669e+03
2.456449651774724771e+03
2.457232169847071873e+03
2.458014687919418975e+03
2.458797205991766077e+03
2.459579724064113179e+03
2.460362242136460281e+03
2.461144760208807384e+03
2.461927278281154486e+03
2.462709796353501588e+03
2.463492314425848690e+03
2.464274832498195792e+03
2.465057350570542894e+03
2.465839868642889996e+03
2.466622386715237099e+03
2.467404904787584201e+03
2.468187422859931303e+03
2.468969940932278405e+03
2.469752459004625507e+03
2.470534977076972609e+03
2.471317495149319711e+03
2.472100013221666813e+03
2.472882531294013916e+03
2.473665049366361018e+03
2.474447567438708120e+03
2.475230085511055222e+03
2.476012603583402324e+03
2.476795121655749426e+03
2.477577639728096528e+03
2.478360157800443631e+03
2.479142675872790733e+03
2.479925193945137835e+03
2.480707712017484937e+03
2.481490230089832039e+03
2.482272748162179141e+03
2.483055266234526243e+03
2.483837784306873345e+03
2.484620302379220448e+03
2.485402820451567550e+03
2.486185338523914652e+03
2.486967856596261754e+03
2.487750374668608856e+03
2.488532892740955958e+03
2.489315410813303060e+03
2.490097928885650163e+03
2.490880446957997265e+03
2.491662965030344367e+03
2.492445483102691469e+03
2.493228001175038571e+03
2.494010519247385673e+03
2.494793037319732775e+03
2.495575555392079877e+03
2.496358073464426980e+03
2.497140591536774082e+03
2.497923109609121184e+03
2.498705627681468286e+03
2.499488145753815388e+03
2.500270663826162490e+03
2.501053181898509592e+03
2.501835699970856695e+03
2.502618218043203797e+03
2.503400736115550899e+03
2.504183254187898001e+03
2.504965772260245103e+03
2.505748290332592205e+03
2.506530808404939307e+03
2.507313326477286409e+03
2.508095844549633512e+03
2.508878362621980614e+03
2.509660880694327716e+03
2.510443398766674818e+03
2.511225916839021920e+03
2.512008434911369022e+03
2.512790952983716124e+03
2.513573471056063227e+03
2.514355989128410329e+03
2.515138507200757431e+03
2.515921025273104533e+03
2.516703543345451635e+03
2.517486061417798737e+03
2.518268579490145839e+03
2.519051097562492942e+03
2.519833615634840044e+03
2.520616133707187146e+03
2.521398651779534248e+03
2.522181169851881350e+03
2.522963687924228452e+03
2.523746205996575554e+03
2.524528724068922656e+03
2.525311242141269759e+03
2.526093760213616861e+03
2.526876278285963963e+03
2.527658796358311065e+03
2.528441314430658167e+03
2.529223832503005269e+03
2.530006350575352371e+03
2.530788868647699474e+03
2.531571386720046576e+03
2.532353904792393678e+03
2.533136422864740780e+03
2.533918940937087882e+03
2.534701459009434984e+03
2.535483977081782086e+03
2.536266495154129188e+03
2.537049013226476291e+03
2.537831531298823393e+03
2.538614049371170495e+03
2.539396567443517597e+03
2.540179085515864699e+03
2.540961603588211801e+03
2.541744121660558903e+03
2.542526639732906006e+03
2.543309157805253108e+03
2.544091675877600210e+03
2.544874193949947312e+03
2.545656712022294414e+03
2.546439230094641516e+03
2.547221748166988618e+03
2.548004266239335720e+03
2.548786784311682823e+03
2.549569302384029925e+03
2.374897013748680820e+03
2.375589834048395460e+03
2.376282654348110100e+03
2.376975474647824740e+03
2.377668294947539380e+03
2.378361115247254020e+03
2.379053935546968660e+03
2.379746755846683300e+03
2.380439576146397940e+03
2.381132396446112580e+03
2.381825216745827220e+03
2.382518037045541860e+03
2.383210857345256500e+03
2.383903677644971140e+03
2.384596497944685780e+03
2.385289318244400420e+03
2.385982138544115060e+03
2.386674958843829700e+03
2.387367779143544340e+03
2.388060599443258980e+03
2.388753419742973620e+03
2.389446240042688260e+03
2.390139060342402900e+03
2.390831880642117540e+03
2.391524700941832180e+03
2.392217521241546820e+03
2.392910341541261459e+03
2.393603161840976099e+03
2.394295982140690739e+03
2.394988802440405379e+03
2.395681622740120019e+03
2.396374443039834659e+03
2.397067263339549299e+03
2.397760083639263939e+03
2.398452903938978579e+03
2.399145724238693219e+03
2.399838544538407859e+03
2.400531364838122499e+03
2.401224185137837139e+03
2.401917005437551779e+03
2.402609825737266419e+03
2.403302646036981059e+03
2.403995466336695699e+03
2.404688286636410339e+03
2.405381106936124979e+03
2.406073927235839619e+03
2.406766747535554259e+03
2.407459567835268899e+03
2.408152388134983539e+03
2.408845208434698179e+03
2.409538028734412819e+03
2.410230849034127459e+03
2.410923669333842099e+03
2.411616489633556739e+03
2.412309309933271379e+03
2.413002130232986019e+03
2.413694950532700659e+03
2.414387770832415299e+03
2.415080591132129939e+03
2.415773411431844579e+03
2.416466231731559219e+03
2.417159052031273859e+03
2.417851872330988499e+03
2.418544692630703139e+03
2.419237512930417779e+03
2.419930333230132419e+03
2.420623153529847059e+03
2.421315973829561699e+03
2.422008794129276339e+03
2.422701614428990979e+03
2.423394434728705619e+03
2.424087255028420259e+03
2.424780075328134899e+03
2.425472895627849539e+03
2.426165715927564179e+03
2.426858536227278819e+03
2.427551356526993459e+03
2.428244176826708099e+03
2.428936997126422739e+03
2.429629817426137379e+03
2.430322637725852019e+03
2.431015458025566659e+03
2.431708278325281299e+03
2.432401098624995939e+03
2.433093918924710579e+03
2.433786739224425219e+03
2.434479559524139859e+03
2.435172379823854499e+03
2.435865200123569139e+03
2.436558020423283779e+03
2.437250840722998419e+03
2.437943661022713059e+03
2.438636481322427699e+03
2.439329301622142339e+03
2.440022121921856979e+03
2.440714942221571619e+03
2.441407762521286259e+03
2.442100582821000899e+03
2.442793403120715539e+03
2.443486223420430179e+03
2.444179043720144819e+03
2.444871864019859458e+03
2.445564684319574098e+03
2.446257504619288738e+03
2.446950324919003378e+03
2.447643145218718018e+03
2.448335965518432658e+03
2.449028785818147298e+03
2.449721606117861938e+03
2.450414426417576578e+03
2.451107246717291218e+03
2.451800067017005858e+03
2.452492887316720498e+03
2.453185707616435138e+03
2.453878527916149778e+03
2.454571348215864418e+03
2.455264168515579058e+03
2.455956988815293698e+03
2.456649809115008338e+03
2.457342629414722978e+03
2.458035449714437618e+03
2.458728270014152258e+03
2.459421090313866898e+03
2.460113910613581538e+03
2.460806730913296178e+03
2.461499551213010818e+03
2.462192371512725458e+03
2.462885191812440098e+03
2.463578012112154738e+03
2.464270832411869378e+03
2.464963652711584018e+03
2.465656473011298658e+03
2.466349293311013298e+03
2.467042113610727938e+03
2.467734933910442578e+03
2.468427754210157218e+03
2.469120574509871858e+03
2.469813394809586498e+03
2.470506215109301138e+03
2.471199035409015778e+03
2.471891855708730418e+03
2.472584676008445058e+03
2.473277496308159698e+03
2.473970316607874338e+03
2.474663136907588978e+03
2.475355957207303618e+03
2.476048777507018258e+03
2.476741597806732898e+03
2.477434418106447538e+03
2.478127238406162178e+03
2.478820058705876818e+03
2.479512879005591458e+03
2.480205699305306098e+03
2.480898519605020738e+03
2.481591339904735378e+03
2.482284160204450018e+03
2.482976980504164658e+03
2.483669800803879298e+03
2.484362621103593938e+03
2.485055441403308578e+03
2.485748261703023218e+03
2.486441082002737858e+03
2.487133902302452498e+03
2.487826722602167138e+03
2.488519542901881778e+03
2.489212363201596418e+03
2.489905183501311058e+03
2.490598003801025698e+03
2.491290824100740338e+03
2.491983644400454978e+03
2.492676464700169618e+03
2.493369284999884258e+03
2.494062105299598898e+03
2.494754925599313538e+03
2.495447745899028178e+03
2.496140566198742818e+03
2.496833386498457457e+03
2.497526206798172097e+03
2.498219027097886737e+03
2.498911847397601377e+03
2.499604667697316017e+03
2.500297487997030657e+03
2.500990308296745297e+03
2.501683128596459937e+03
2.502375948896174577e+03
2.503068769195889217e+03
2.503761589495603857e+03
2.504454409795318497e+03
2.505147230095033137e+03
2.505840050394747777e+03
2.506532870694462417e+03
2.507225690994177057e+03
2.507918511293891697e+03
2.508611331593606337e+03
2.509304151893320977e+03
2.509996972193035617e+03
2.510689792492750257e+03
2.511382612792464897e+03
2.512075433092179537e+03
2.512768253391894177e+03
2.513461073691608817e+03
2.514153893991323457e+03
2.514846714291038097e+03
2.515539534590752737e+03
2.516232354890467377e+03
2.516925175190182017e+03
2.517617995489896657e+03
2.518310815789611297e+03
2.519003636089325937e+03
2.519696456389040577e+03
2.520389276688755217e+03
2.521082096988469857e+03
2.521774917288184497e+03
2.522467737587899137e+03
2.523160557887613777e+03
2.523853378187328417e+03
2.524546198487043057e+03
2.525239018786757697e+03
2.525931839086472337e+03
2.526624659386186977e+03
2.527317479685901617e+03
2.528010299985616257e+03
2.528703120285330897e+03
2.529395940585045537e+03
2.530088760884760177e+03
2.530781581184474817e+03
2.531474401484189457e+03
2.532167221783904097e+03
2.532860042083618737e+03
2.533552862383333377e+03
2.534245682683048017e+03
2.534938502982762657e+03
2.535631323282477297e+03
2.536324143582191937e+03
2.537016963881906577e+03
2.537709784181621217e+03
2.538402604481335857e+03
2.539095424781050497e+03
2.539788245080765137e+03
2.540481065380479777e+03
2.541173885680194417e+03
2.541866705979909057e+03
2.542559526279623697e+03
2.543252346579338337e+03
2.543945166879052977e+03
2.544637987178767617e+03
2.545330807478482257e+03
2.546023627778196897e+03
2.546716448077911537e+03
2.547409268377626177e+03
2.548102088677340817e+03
2.548794908977055456e+03
2.549487729276770096e+03
2.550180549576484736e+03
2.550873369876199376e+03
2.551566190175914016e+03
2.552259010475628656e+03
2.552951830775343296e+03
2.553644651075057936e+03
2.554337471374772576e+03
2.555030291674487216e+03
2.555723111974201856e+03
2.556415932273916496e+03
2.557108752573631136e+03
2.557801572873345776e+03
2.558494393173060416e+03
2.559187213472775056e+03
2.559880033772489696e+03
2.560572854072204336e+03
2.561265674371918976e+03
2.561958494671633616e+03
2.562651314971348256e+03
2.563344135271062896e+03
2.564036955570777536e+03
2.564729775870492176e+03
2.565422596170206816e+03
2.566115416469921456e+03
2.566808236769636096e+03
2.567501057069350736e+03
2.568193877369065376e+03
2.568886697668780016e+03
2.569579517968494656e+03
2.570272338268209296e+03
2.570965158567923936e+03
2.571657978867638576e+03
2.572350799167353216e+03
2.573043619467067856e+03
2.573736439766782496e+03
2.574429260066497136e+03
2.575122080366211776e+03
2.575814900665926416e+03
2.576507720965641056e+03
2.577200541265355696e+03
2.577893361565070336e+03
2.578586181864784976e+03
2.579279002164499616e+03
2.579971822464214256e+03
2.580664642763928896e+03
2.581357463063643536e+03
2.582050283363358176e+03
2.582743103663072816e+03
2.583435923962787456e+03
2.584128744262502096e+03
2.584821564562216736e+03
2.585514384861931376e+03
2.586207205161646016e+03
2.586900025461360656e+03
2.587592845761075296e+03
2.588285666060789936e+03
2.588978486360504576e+03
2.589671306660219216e+03
2.590364126959933856e+03
2.591056947259648496e+03
2.591749767559363136e+03
2.592442587859077776e+03
2.593135408158792416e+03
2.593828228458507056e+03
2.594521048758221696e+03
2.595213869057936336e+03
2.595906689357650976e+03
2.596599509657365616e+03
2.597292329957080256e+03
2.597985150256794896e+03
2.598677970556509536e+03
2.599370790856224176e+03
2.600063611155938816e+03
2.600756431455653455e+03
2.601449251755368095e+03
2.602142072055082735e+03
2.602834892354797375e+03
2.603527712654512015e+03
2.604220532954226655e+03
2.604913353253941295e+03
2.605606173553655935e+03
2.606298993853370575e+03
2.606991814153085215e+03
2.607684634452799855e+03
2.608377454752514495e+03
2.609070275052229135e+03
2.609763095351943775e+03
2.610455915651658415e+03
2.611148735951373055e+03
2.611841556251087695e+03
2.612534376550802335e+03
2.613227196850516975e+03
2.613920017150231615e+03
2.614612837449946255e+03
2.615305657749660895e+03
2.615998478049375535e+03
2.616691298349090175e+03
2.617384118648804815e+03
2.618076938948519455e+03
2.618769759248234095e+03
2.619462579547948735e+03
2.620155399847663375e+03
2.620848220147378015e+03
2.621541040447092655e+03
2.622233860746807295e+03
2.622926681046521935e+03
2.623619501346236575e+03
2.624312321645951215e+03
2.625005141945665855e+03
2.625697962245380495e+03
2.626390782545095135e+03
2.627083602844809775e+03
2.627776423144524415e+03
2.628469243444239055e+03
2.629162063743953695e+03
2.629854884043668335e+03
2.630547704343382975e+03
2.631240524643097615e+03
2.631933344942812255e+03
2.632626165242526895e+03
2.633318985542241535e+03
2.634011805841956175e+03
2.634704626141670815e+03
2.635397446441385455e+03
2.636090266741100095e+03
2.636783087040814735e+03
2.637475907340529375e+03
2.638168727640244015e+03
2.638861547939958655e+03
2.639554368239673295e+03
2.640247188539387935e+03
2.640940008839102575e+03
2.641632829138817215e+03
2.642325649438531855e+03
2.643018469738246495e+03
2.643711290037961135e+03
2.644404110337675775e+03
2.645096930637390415e+03
2.645789750937105055e+03
2.646482571236819695e+03
2.647175391536534335e+03
2.647868211836248975e+03
2.648561032135963615e+03
2.649253852435678255e+03
2.649946672735392895e+03
2.650639493035107535e+03
2.651332313334822175e+03
2.652025133634536814e+03
2.652717953934251454e+03
2.653410774233966094e+03
2.654103594533680734e+03
2.654796414833395374e+03
2.655489235133110014e+03
2.656182055432824654e+03
2.656874875732539294e+03
2.657567696032253934e+03
2.658260516331968574e+03
2.658953336631683214e+03
2.659646156931397854e+03
2.660338977231112494e+03
2.661031797530827134e+03
2.661724617830541774e+03
2.662417438130256414e+03
2.663110258429971054e+03
2.663803078729685694e+03
2.664495899029400334e+03
2.665188719329114974e+03
2.665881539628829614e+03
2.666574359928544254e+03
2.667267180228258894e+03
2.667960000527973534e+03
2.668652820827688174e+03
2.669345641127402814e+03
2.670038461427117454e+03
2.670731281726832094e+03
2.671424102026546734e+03
2.672116922326261374e+03
2.672809742625976014e+03
2.673502562925690654e+03
2.674195383225405294e+03
2.674888203525119934e+03
2.675581023824834574e+03
2.676273844124549214e+03
2.676966664424263854e+03
2.677659484723978494e+03
2.678352305023693134e+03
2.679045125323407774e+03
2.679737945623122414e+03
2.680430765922837054e+03
2.681123586222551694e+03
2.681816406522266334e+03
2.682509226821980974e+03
2.683202047121695614e+03
2.683894867421410254e+03
2.684587687721124894e+03
2.685280508020839534e+03
2.685973328320554174e+03
2.686666148620268814e+03
2.687358968919983454e+03
2.688051789219698094e+03
2.688744609519412734e+03
2.689437429819127374e+03
2.690130250118842014e+03
2.690823070418556654e+03
2.691515890718271294e+03
2.692208711017985934e+03
2.692901531317700574e+03
2.693594351617415214e+03
2.694287171917129854e+03
2.694979992216844494e+03
2.695672812516559134e+03
2.696365632816273774e+03
2.697058453115988414e+03
2.697751273415703054e+03
2.698444093715417694e+03
2.699136914015132334e+03
2.699829734314846974e+03
2.700522554614561614e+03
2.701215374914276254e+03
2.701908195213990894e+03
2.702601015513705534e+03
2.703293835813420174e+03
2.703986656113134813e+03
2.704679476412849453e+03
2.705372296712564093e+03
2.706065117012278733e+03
2.706757937311993373e+03
2.561209455028105367e+03
2.561744759473345766e+03
2.562280063918586166e+03
2.562815368363826565e+03
2.563350672809066964e+03
2.563885977254307363e+03
2.564421281699547762e+03
2.564956586144788162e+03
2.565491890590028561e+03
2.566027195035268960e+03
2.566562499480509359e+03
2.567097803925749758e+03
2.567633108370990158e+03
2.568168412816230557e+03
2.568703717261470956e+03
2.569239021706711355e+03
2.569774326151951755e+03
2.570309630597192154e+03
2.570844935042432553e+03
2.571380239487672952e+03
2.571915543932913351e+03
2.572450848378153751e+03
2.572986152823394150e+03
2.573521457268634549e+03
2.574056761713874948e+03
2.574592066159115348e+03
2.575127370604355747e+03
2.575662675049596146e+03
2.576197979494836545e+03
2.576733283940076944e+03
2.577268588385317344e+03
2.577803892830557743e+03
2.578339197275798142e+03
2.578874501721038541e+03
2.579409806166278941e+03
2.579945110611519340e+03
2.580480415056759739e+03
2.581015719502000138e+03
2.581551023947240537e+03
2.582086328392480937e+03
2.582621632837721336e+03
2.583156937282961735e+03
2.583692241728202134e+03
2.584227546173442533e+03
2.584762850618682933e+03
2.585298155063923332e+03
2.585833459509163731e+03
2.586368763954404130e+03
2.586904068399644530e+03
2.587439372844884929e+03
2.587974677290125328e+03
2.588509981735365727e+03
2.589045286180606126e+03
2.589580590625846526e+03
2.590115895071086925e+03
2.590651199516327324e+03
2.591186503961567723e+03
2.591721808406808123e+03
2.592257112852048522e+03
2.592792417297288921e+03
2.593327721742529320e+03
2.593863026187769719e+03
2.594398330633010119e+03
2.594933635078250518e+03
2.595468939523490917e+03
2.596004243968731316e+03
2.596539548413971715e+03
2.597074852859212115e+03
2.597610157304452514e+03
2.598145461749692913e+03
2.598680766194933312e+03
2.599216070640173712e+03
2.599751375085414111e+03
2.600286679530654510e+03
2.600821983975894909e+03
2.601357288421135308e+03
2.601892592866375708e+03
2.602427897311616107e+03
2.602963201756856506e+03
2.603498506202096905e+03
2.604033810647337305e+03
2.604569115092577704e+03
2.605104419537818103e+03
2.605639723983058502e+03
2.606175028428298901e+03
2.606710332873539301e+03
2.607245637318779700e+03
2.607780941764020099e+03
2.608316246209260498e+03
2.608851550654500898e+03
2.609386855099741297e+03
2.609922159544981696e+03
2.610457463990222095e+03
2.610992768435462494e+03
2.611528072880702894e+03
2.612063377325943293e+03
2.612598681771183692e+03
2.613133986216424091e+03
2.613669290661664490e+03
2.614204595106904890e+03
2.614739899552145289e+03
2.615275203997385688e+03
2.615810508442626087e+03
2.616345812887866487e+03
2.616881117333106886e+03
2.617416421778347285e+03
2.617951726223587684e+03
2.618487030668828083e+03
2.619022335114068483e+03
2.619557639559308882e+03
2.620092944004549281e+03
2.620628248449789680e+03
2.621163552895030080e+03
2.621698857340270479e+03
2.622234161785510878e+03
2.622769466230751277e+03
2.623304770675991676e+03
2.623840075121232076e+03
2.624375379566472475e+03
2.624910684011712874e+03
2.625445988456953273e+03
2.625981292902193672e+03
2.626516597347434072e+03
2.627051901792674471e+03
2.627587206237914870e+03
2.628122510683155269e+03
2.628657815128395669e+03
2.629193119573636068e+03
2.629728424018876467e+03
2.630263728464116866e+03
2.630799032909357265e+03
2.631334337354597665e+03
2.631869641799838064e+03
2.632404946245078463e+03
2.632940250690318862e+03
2.633475555135559262e+03
2.634010859580799661e+03
2.634546164026040060e+03
2.635081468471280459e+03
2.635616772916520858e+03
2.636152077361761258e+03
2.636687381807001657e+03
2.637222686252242056e+03
2.637757990697482455e+03
2.638293295142722855e+03
2.638828599587963254e+03
2.639363904033203653e+03
2.639899208478444052e+03
2.640434512923684451e+03
2.640969817368924851e+03
2.641505121814165250e+03
2.642040426259405649e+03
2.642575730704646048e+03
2.643111035149886447e+03
2.643646339595126847e+03
2.644181644040367246e+03
2.644716948485607645e+03
2.645252252930848044e+03
2.645787557376088444e+03
2.646322861821328843e+03
2.646858166266569242e+03
2.647393470711809641e+03
2.647928775157050040e+03
2.648464079602290440e+03
2.648999384047530839e+03
2.649534688492771238e+03
2.650069992938011637e+03
2.650605297383252037e+03
2.651140601828492436e+03
2.651675906273732835e+03
2.652211210718973234e+03
2.652746515164213633e+03
2.653281819609454033e+03
2.653817124054694432e+03
2.654352428499934831e+03
2.654887732945175230e+03
2.655423037390415629e+03
2.655958341835656029e+03
2.656493646280896428e+03
2.657028950726136827e+03
2.657564255171377226e+03
2.658099559616617626e+03
2.658634864061858025e+03
2.659170168507098424e+03
2.659705472952338823e+03
2.660240777397579222e+03
2.660776081842819622e+03
2.661311386288060021e+03
2.661846690733300420e+03
2.662381995178540819e+03
2.662917299623781219e+03
2.663452604069021618e+03
2.663987908514262017e+03
2.664523212959502416e+03
2.665058517404742815e+03
2.665593821849983215e+03
2.666129126295223614e+03
2.666664430740464013e+03
2.667199735185704412e+03
2.667735039630944812e+03
2.668270344076185211e+03
2.668805648521425610e+03
2.669340952966666009e+03
2.669876257411906408e+03
2.670411561857146808e+03
2.670946866302387207e+03
2.671482170747627606e+03
2.672017475192868005e+03
2.672552779638108404e+03
2.673088084083348804e+03
2.673623388528589203e+03
2.674158692973829602e+03
2.674693997419070001e+03
2.675229301864310401e+03
2.675764606309550800e+03
2.676299910754791199e+03
2.676835215200031598e+03
2.677370519645271997e+03
2.677905824090512397e+03
2.678441128535752796e+03
2.678976432980993195e+03
2.679511737426233594e+03
2.680047041871473994e+03
2.680582346316714393e+03
2.681117650761954792e+03
2.681652955207195191e+03
2.682188259652435590e+03
2.682723564097675990e+03
2.683258868542916389e+03
2.683794172988156788e+03
2.684329477433397187e+03
2.684864781878637586e+03
2.685400086323877986e+03
2.685935390769118385e+03
2.686470695214358784e+03
2.687005999659599183e+03
2.687541304104839583e+03
2.688076608550079982e+03
2.688611912995320381e+03
2.689147217440560780e+03
2.689682521885801179e+03
2.690217826331041579e+03
2.690753130776281978e+03
2.691288435221522377e+03
2.691823739666762776e+03
2.692359044112003176e+03
2.692894348557243575e+03
2.693429653002483974e+03
2.693964957447724373e+03
2.694500261892964772e+03
2.695035566338205172e+03
2.695570870783445571e+03
2.696106175228685970e+03
2.696641479673926369e+03
2.697176784119166769e+03
2.697712088564407168e+03
2.698247393009647567e+03
2.698782697454887966e+03
2.699318001900128365e+03
2.699853306345368765e+03
2.700388610790609164e+03
2.700923915235849563e+03
2.701459219681089962e+03
2.701994524126330361e+03
2.702529828571570761e+03
2.703065133016811160e+03
2.703600437462051559e+03
2.704135741907291958e+03
2.704671046352532358e+03
2.705206350797772757e+03
2.705741655243013156e+03
2.706276959688253555e+03
2.706812264133493954e+03
2.707347568578734354e+03
2.707882873023974753e+03
2.708418177469215152e+03
2.708953481914455551e+03
2.709488786359695951e+03
2.710024090804936350e+03
2.710559395250176749e+03
2.711094699695417148e+03
2.711630004140657547e+03
2.712165308585897947e+03
2.712700613031138346e+03
2.713235917476378745e+03
2.713771221921619144e+03
2.714306526366859543e+03
2.714841830812099943e+03
2.715377135257340342e+03
2.715912439702580741e+03
2.716447744147821140e+03
2.716983048593061540e+03
2.717518353038301939e+03
2.718053657483542338e+03
2.718588961928782737e+03
2.719124266374023136e+03
2.719659570819263536e+03
2.720194875264503935e+03
2.720730179709744334e+03
2.721265484154984733e+03
2.721800788600225133e+03
2.722336093045465532e+03
2.722871397490705931e+03
2.723406701935946330e+03
2.723942006381186729e+03
2.724477310826427129e+03
2.725012615271667528e+03
2.725547919716907927e+03
2.726083224162148326e+03
2.726618528607388726e+03
2.727153833052629125e+03
2.727689137497869524e+03
2.728224441943109923e+03
2.728759746388350322e+03
2.729295050833590722e+03
2.729830355278831121e+03
2.730365659724071520e+03
2.730900964169311919e+03
2.731436268614552318e+03
2.731971573059792718e+03
2.732506877505033117e+03
2.733042181950273516e+03
2.733577486395513915e+03
2.734112790840754315e+03
2.734648095285994714e+03
2.735183399731235113e+03
2.735718704176475512e+03
2.736254008621715911e+03
2.736789313066956311e+03
2.737324617512196710e+03
2.737859921957437109e+03
2.738395226402677508e+03
2.738930530847917908e+03
2.739465835293158307e+03
2.740001139738398706e+03
2.740536444183639105e+03
2.741071748628879504e+03
2.741607053074119904e+03
2.742142357519360303e+03
2.742677661964600702e+03
2.743212966409841101e+03
2.743748270855081500e+03
2.744283575300321900e+03
2.744818879745562299e+03
2.745354184190802698e+03
2.745889488636043097e+03
2.746424793081283497e+03
2.746960097526523896e+03
2.747495401971764295e+03
2.748030706417004694e+03
2.748566010862245093e+03
2.749101315307485493e+03
2.749636619752725892e+03
2.750171924197966291e+03
2.750707228643206690e+03
2.751242533088447090e+03
2.751777837533687489e+03
2.752313141978927888e+03
2.752848446424168287e+03
2.753383750869408686e+03
2.753919055314649086e+03
2.754454359759889485e+03
2.754989664205129884e+03
2.755524968650370283e+03
2.756060273095610683e+03
2.756595577540851082e+03
2.757130881986091481e+03
2.757666186431331880e+03
2.758201490876572279e+03
2.758736795321812679e+03
2.759272099767053078e+03
2.759807404212293477e+03
2.760342708657533876e+03
2.760878013102774275e+03
2.761413317548014675e+03
2.761948621993255074e+03
2.762483926438495473e+03
2.763019230883735872e+03
2.763554535328976272e+03
2.764089839774216671e+03
2.764625144219457070e+03
2.765160448664697469e+03
2.765695753109937868e+03
2.766231057555178268e+03
2.766766362000418667e+03
2.767301666445659066e+03
2.767836970890899465e+03
2.768372275336139865e+03
2.768907579781380264e+03
2.769442884226620663e+03
2.769978188671861062e+03
2.770513493117101461e+03
2.771048797562341861e+03
2.771584102007582260e+03
2.772119406452822659e+03
2.772654710898063058e+03
2.773190015343303457e+03
2.773725319788543857e+03
2.774260624233784256e+03
2.774795928679024655e+03
2.775331233124265054e+03
2.775866537569505454e+03
2.776401842014745853e+03
2.776937146459986252e+03
2.777472450905226651e+03
2.778007755350467050e+03
2.778543059795707450e+03
2.779078364240947849e+03
2.779613668686188248e+03
2.780148973131428647e+03
2.780684277576669047e+03
2.781219582021909446e+03
2.781754886467149845e+03
2.782290190912390244e+03
2.782825495357630643e+03
2.783360799802871043e+03
2.783896104248111442e+03
2.784431408693351841e+03
2.784966713138592240e+03
2.785502017583832640e+03
2.786037322029073039e+03
2.786572626474313438e+03
2.787107930919553837e+03
2.787643235364794236e+03
2.788178539810034636e+03
2.788713844255275035e+03
2.789249148700515434e+03
2.789784453145755833e+03
2.790319757590996232e+03
2.790855062036236632e+03
2.791390366481477031e+03
2.791925670926717430e+03
2.792460975371957829e+03
2.792996279817198229e+03
2.793531584262438628e+03
2.794066888707679027e+03
2.794602193152919426e+03
2.795137497598159825e+03
2.795672802043400225e+03
2.796208106488640624e+03
2.796743410933881023e+03
2.797278715379121422e+03
2.797814019824361822e+03
2.798349324269602221e+03
2.798884628714842620e+03
2.799419933160083019e+03
2.799955237605323418e+03
2.800490542050563818e+03
2.801025846495804217e+03
2.801561150941044616e+03
2.802096455386285015e+03
2.802631759831525414e+03
2.803167064276765814e+03
2.803702368722006213e+03
2.804237673167246612e+03
2.804772977612487011e+03
2.805308282057727411e+03
2.805843586502967810e+03
2.806378890948208209e+03
2.806914195393448608e+03
2.807449499838689007e+03
2.807984804283929407e+03
2.808520108729169806e+03
2.809055413174410205e+03
2.809590717619650604e+03
2.810126022064891004e+03
2.810661326510131403e+03
2.811196630955371802e+03
2.811731935400612201e+03
2.812267239845852600e+03
2.812802544291093000e+03
2.813337848736333399e+03
2.813873153181573798e+03
2.814408457626814197e+03
2.814943762072054597e+03
2.815479066517294996e+03
2.816014370962535395e+03
2.816549675407775794e+03
2.817084979853016193e+03
2.817620284298256593e+03
2.818155588743496992e+03
2.818690893188737391e+03
2.819226197633977790e+03
2.819761502079218189e+03
2.820296806524458589e+03
2.820832110969698988e+03
2.821367415414939387e+03
2.821902719860179786e+03
2.822438024305420186e+03
2.822973328750660585e+03
2.823508633195900984e+03
2.824043937641141383e+03
2.824579242086381782e+03
2.825114546531622182e+03
2.825649850976862581e+03
2.826185155422102980e+03
2.826720459867343379e+03
2.827255764312583779e+03
2.827791068757824178e+03
2.828326373203064577e+03
2.828861677648304976e+03
2.829396982093545375e+03
2.829932286538785775e+03
2.830467590984026174e+03
2.831002895429266573e+03
2.831538199874506972e+03
2.832073504319747371e+03
2.832608808764987771e+03
2.833144113210228170e+03
2.833679417655468569e+03
2.834214722100708968e+03
2.834750026545949368e+03
2.835285330991189767e+03
2.835820635436430166e+03
2.836355939881670565e+03
2.836891244326910964e+03
2.837426548772151364e+03
2.837961853217391763e+03
2.838497157662632162e+03
2.839032462107872561e+03
2.839567766553112961e+03
2.840103070998353360e+03
2.840638375443593759e+03
2.841173679888834158e+03
2.841708984334074557e+03
2.842244288779314957e+03
2.842779593224555356e+03
2.843314897669795755e+03
2.843850202115036154e+03
2.844385506560276554e+03
2.844920811005516953e+03
2.845456115450757352e+03
2.845991419895997751e+03
2.846526724341238150e+03
2.847062028786478550e+03
2.847597333231718949e+03
2.848132637676959348e+03
2.848667942122199747e+03
2.849203246567440146e+03
2.849738551012680546e+03
2.850273855457920945e+03
2.850809159903161344e+03
2.851344464348401743e+03
2.851879768793642143e+03
2.852415073238882542e+03
2.852950377684122941e+03
2.853485682129363340e+03
2.854020986574603739e+03
2.854556291019844139e+03
2.855091595465084538e+03
2.855626899910324937e+03
2.856162204355565336e+03
2.856697508800805736e+03
2.857232813246046135e+03
2.857768117691286534e+03
2.858303422136526933e+03
2.858838726581767332e+03
2.859374031027007732e+03
2.859909335472248131e+03
2.860444639917488530e+03
2.860979944362728929e+03
2.861515248807969328e+03
2.862050553253209728e+03
2.862585857698450127e+03
2.863121162143690526e+03
2.863656466588930925e+03
2.864191771034171325e+03
2.864727075479411724e+03
2.865262379924652123e+03
2.865797684369892522e+03
2.866332988815132921e+03
2.866868293260373321e+03
2.867403597705613720e+03
2.867938902150854119e+03
2.868474206596094518e+03
2.869009511041334918e+03
2.869544815486575317e+03
2.870080119931815716e+03
2.870615424377056115e+03
2.871150728822296514e+03
2.871686033267536914e+03
2.872221337712777313e+03
2.872756642158017712e+03
2.873291946603258111e+03
2.873827251048498510e+03
2.874362555493738910e+03
2.874897859938979309e+03
2.875433164384219708e+03
2.875968468829460107e+03
2.876503773274700507e+03
2.877039077719940906e+03
2.877574382165181305e+03
2.878109686610421704e+03
2.878644991055662103e+03
2.879180295500902503e+03
2.879715599946142902e+03
2.880250904391383301e+03
2.880786208836623700e+03
2.881321513281864100e+03
2.881856817727104499e+03
2.882392122172344898e+03
2.882927426617585297e+03
2.883462731062825696e+03
2.883998035508066096e+03
2.884533339953306495e+03
2.885068644398546894e+03
2.885603948843787293e+03
2.886139253289027693e+03
2.886674557734268092e+03
2.887209862179508491e+03
2.887745166624748890e+03
2.888280471069989289e+03
2.888815775515229689e+03
2.889351079960470088e+03
2.889886384405710487e+03
2.890421688850950886e+03
2.890956993296191285e+03
2.891492297741431685e+03
2.892027602186672084e+03
2.892562906631912483e+03
2.893098211077152882e+03
2.893633515522393282e+03
2.894168819967633681e+03
2.894704124412874080e+03
2.895239428858114479e+03
2.895774733303354878e+03
2.896310037748595278e+03
2.896845342193835677e+03
2.897380646639076076e+03
2.897915951084316475e+03
2.898451255529556875e+03
2.898986559974797274e+03
2.899521864420037673e+03
2.900057168865278072e+03
2.900592473310518471e+03
2.901127777755758871e+03
2.901663082200999270e+03
2.902198386646239669e+03
2.902733691091480068e+03
2.903268995536720467e+03
2.903804299981960867e+03
2.904339604427201266e+03
2.904874908872441665e+03
2.905410213317682064e+03
2.905945517762922464e+03
2.906480822208162863e+03
2.907016126653403262e+03
2.907551431098643661e+03
2.908086735543884060e+03
2.908622039989124460e+03
2.909157344434364859e+03
2.909692648879605258e+03
2.910227953324845657e+03
2.910763257770086057e+03
2.911298562215326456e+03
2.911833866660566855e+03
2.912369171105807254e+03
2.912904475551047653e+03
2.913439779996288053e+03
2.913975084441528452e+03
2.914510388886768851e+03
2.915045693332009250e+03
2.915580997777249650e+03
2.916116302222490049e+03
