-8.462343325205812228e-02
-1.741460369237013972e-01
-6.206551697173634530e-02
2.352754650862911578e-01
6.750947745813162815e-01
1.219131265253179386e+00
1.837919297612422564e+00
2.509844571918378175e+00
3.219375620039005348e+00
3.955463244000529066e+00
4.710287860578150188e+00
5.478330583942029541e+00
6.255701395000645704e+00
7.039659571299186069e+00
7.828273860808828033e+00
8.620182691133917885e+00
9.414425365571105431e+00
1.021032337301629411e+01
1.100739696907660559e+01
1.180530654022741288e+01
1.260381136812345204e+01
1.340274060869703554e+01
1.420197284842865670e+01
1.500142168711880153e+01
1.580102555854603708e+01
1.660074053423720741e+01
1.740053522946548270e+01
1.820038719251439829e+01
1.900028034183080905e+01
1.980020314446731433e+01
2.060014731963338974e+01
2.140010691472970095e+01
2.220007764596580202e+01
2.300005642717632881e+01
2.380004103268598215e+01
2.460002985578298151e+01
2.540002173547467379e+01
2.620001583207293550e+01
2.700001153774318396e+01
2.780000841211955276e+01
2.860000613591227392e+01
2.940000447744479573e+01
3.020000326849315186e+01
3.100000238682506293e+01
3.180000174356951348e+01
3.260000127407255377e+01
3.340000093127157754e+01
3.420000068089073864e+01
3.500000049795430357e+01
3.580000036425463605e+01
3.660000026651229632e+01
3.740000019503807493e+01
3.820000014275962741e+01
3.900000010451280730e+01
3.980000007652552796e+01
4.060000005604163675e+01
4.140000004104669529e+01
4.220000003006796874e+01
4.300000002202847327e+01
4.380000001614043725e+01
4.460000001182750395e+01
4.540000000866790941e+01
4.620000000635295834e+01
4.700000000465666261e+01
4.780000000341356525e+01
4.480000000341356525e+01
4.180000000341356525e+01
3.880000000341356525e+01
3.580000000341356525e+01
3.280000000341356525e+01
2.980000000341356525e+01
2.701153443395290310e+01
2.536211337400138888e+01
2.448599902198458622e+01
2.413229505269234565e+01
2.412421767498936021e+01
2.432494060805031921e+01
2.460641073263235867e+01
2.485095730736102126e+01
2.501304478979763957e+01
2.513288023874722654e+01
2.527387572693857010e+01
2.547970042997513218e+01
2.576865160576461378e+01
2.614178347781191292e+01
2.659130663719307464e+01
2.710609396513401492e+01
2.767466440770087743e+01
2.828656829018202146e+01
2.893288776709335863e+01
2.960629241121772637e+01
3.030089576482431113e+01
3.101204151680018484e+01
3.173608226059155157e+01
3.247017859170056653e+01
3.321212824084127391e+01
3.396022618446831132e+01
3.471315283537747121e+01
3.546988608444968349e+01
3.622963284540838913e+01
3.699177616630592524e+01
3.775583456693458118e+01
3.852143087233713459e+01
3.928826836533635714e+01
4.005611255000286519e+01
4.082477720112316888e+01
4.159411368019093658e+01
4.236400273797556792e+01
4.313434820938341829e+01
4.390507214902751798e+01
4.467611106495021289e+01
4.544741299086820163e+01
4.621893520018452506e+01
4.699064241259517871e+01
4.776250538005552215e+01
4.853449976602301064e+01
4.930660525238506864e+01
5.007880482396519994e+01
5.085108419220870246e+01
5.162343132851647454e+01
5.239583608442401896e+01
5.316828988094083286e+01
5.394078545326965468e+01
5.471331664011331242e+01
5.548587820907263080e+01
5.248587820907263080e+01
4.948587820907263080e+01
4.648587820907263080e+01
4.348587820907263080e+01
4.048587820907263080e+01
3.748587820907263080e+01
3.531525506181441187e+01
3.406372294084530949e+01
3.343560419823960217e+01
3.322477052929277619e+01
3.327733214680447560e+01
3.346138388524478557e+01
3.366266859267241074e+01
3.382047449846346865e+01
3.394234548182686240e+01
3.406791853504605427e+01
3.423326981564677141e+01
3.445889699761018221e+01
3.475145839685056615e+01
3.510887468005244472e+01
3.552465963950841399e+01
3.599071913166648784e+01
3.649891077204157597e+01
3.704180013251319536e+01
3.761295081756331626e+01
3.820696637363099057e+01
3.881941296347543613e+01
3.944669458139062357e+01
4.008591843047531711e+01
4.073476859206439116e+01
4.139139543383831210e+01
4.205432262095932572e+01
4.272237088287772622e+01
4.339459654310378056e+01
4.407024249430077845e+01
4.474869937868422909e+01
4.542947498576283749e+01
4.611217018582816962e+01
4.679646001871383021e+01
4.748207882677219516e+01
4.816880854988922067e+01
4.885646948861573691e+01
4.954491299307289864e+01
5.023401565555206361e+01
5.092367467916226076e+01
5.161380416848821540e+01
5.230433214530989972e+01
5.299519813656006306e+01
5.368635121573441893e+01
5.437774840520355468e+01
5.506935336709676676e+01
5.576113532602941802e+01
5.645306817900205232e+01
5.714512975713909526e+01
5.783730121119081957e+01
5.852956649837910419e+01
5.922191195259485141e+01
5.991432592343523567e+01
6.060679847231758544e+01
6.129932111608792411e+01
6.199188661028215819e+01
6.268448876559305205e+01
6.337712229222034210e+01
6.406978266769230856e+01
6.476246602448851775e+01
6.545516905440010191e+01
6.614788892706238244e+01
6.684062322050661464e+01
6.753336986191624192e+01
6.822612707706221613e+01
6.522612707706221613e+01
6.222612707706221613e+01
5.922612707706221613e+01
5.622612707706221613e+01
5.322612707706221613e+01
5.104261928753473399e+01
4.975104253430487944e+01
4.906935763154900343e+01
4.880813342853363679e+01
4.883735032056854664e+01
4.905601472150233633e+01
4.935801561167421170e+01
4.963105076959693207e+01
4.981750858789046532e+01
4.993395396376860873e+01
5.002669963858693336e+01
5.013587376445616428e+01
5.028543881161684226e+01
5.048561354854269467e+01
5.073781649771354552e+01
5.103871843555059229e+01
5.138288277278705607e+01
5.176429162385793603e+01
5.217714399907225697e+01
5.261622063114180747e+01
5.307700726514242717e+01
5.355569232176498673e+01
5.404910564084238445e+01
5.455463505294127202e+01
5.507013996653132182e+01
5.559387117650035037e+01
5.612440060977188949e+01
5.666056183586137962e+01
5.720140075675834623e+01
5.774613529016168201e+01
5.829412269123305634e+01
5.884483320405490048e+01
5.939782887497978692e+01
5.995274653180726432e+01
6.050928410273353109e+01
6.106718960245881078e+01
6.162625224441865868e+01
6.218629524743555947e+01
6.274716999406918916e+01
6.330875126936111030e+01
6.387093336544901945e+01
6.443362688238441649e+01
6.499675609078894922e+01
6.556025674970688044e+01
6.612407429476759546e+01
6.668816232885517081e+01
6.725248136091751405e+01
6.781699774913761303e+01
6.838168281306350593e+01
6.894651208593788283e+01
6.951146468376212795e+01
7.007652277186535628e+01
7.064167111315376246e+01
7.120689668496531510e+01
7.177218835368552163e+01
6.877218835368552163e+01
6.577218835368552163e+01
6.277218835368552163e+01
5.977218835368552163e+01
5.677218835368552163e+01
5.476185856362751281e+01
5.347401490167799665e+01
5.269672065590830101e+01
5.227378217746019118e+01
5.209109113637681787e+01
5.206587575005588064e+01
5.213471301799509661e+01
5.223959773655234073e+01
5.230696202249506399e+01
5.223024036713349005e+01
5.197350100173484577e+01
5.169371831905584003e+01
5.276545430833708394e+01
5.297870678242189513e+01
5.310946643136121992e+01
5.328515701687732076e+01
5.351416172360199397e+01
5.378502571335049964e+01
5.408571723843967760e+01
5.440696339350073885e+01
5.474218351668844207e+01
5.508684234811204306e+01
5.543785056003545009e+01
5.579311467076500008e+01
5.615122003970842002e+01
5.651121276985997355e+01
5.687245102997751189e+01
5.723450407688812192e+01
5.759708378424402753e+01
5.795999825198531852e+01
5.832312039556119743e+01
5.868636669216677149e+01
5.904968281186665990e+01
5.941303391425556413e+01
5.977639810550617483e+01
6.013976203508233453e+01
6.050311793998793775e+01
6.086646166732926133e+01
6.122979135719047861e+01
6.159310657041142889e+01
6.195640771544754699e+01
6.231969567568935275e+01
6.268297157061932268e+01
6.304623660587111544e+01
6.340949198194500269e+01
6.377273884127392733e+01
6.413597824005505288e+01
6.449921113579834753e+01
6.486243838460111988e+01
6.522566074421273186e+01
6.222566074421273186e+01
5.974323941229305035e+01
5.788862591628453913e+01
5.655863518426546221e+01
5.563933310377341002e+01
5.502101901701624342e+01
5.461886176005103266e+01
5.437020140634606946e+01
5.423054139919674554e+01
5.416645571741561582e+01
5.415074694566169455e+01
5.416068852617856777e+01
5.417384675851928222e+01
5.416067416566382065e+01
5.407175904339990780e+01
5.383738753555122969e+01
5.347055144336721355e+01
5.432508376186613219e+01
5.448361183186293033e+01
5.454746428133950076e+01
5.461776563644163218e+01
5.470705183966784801e+01
5.481188312828255249e+01
5.492725929738589485e+01
5.504927264677169774e+01
5.517525097394328526e+01
5.530345600917901550e+01
5.543278710281825283e+01
5.556256323188519985e+01
5.569237501993276851e+01
5.582198707029470341e+01
5.595127419495473475e+01
5.608017998459901321e+01
5.620869000105648894e+01
5.633681452230069198e+01
5.646457752443685507e+01
5.659200973197187068e+01
5.671914431580627536e+01
5.684601430722047866e+01
5.697265111639914181e+01
5.709908375443295370e+01
5.722533849624898039e+01
5.735143881323624981e+01
5.747740546456343935e+01
5.760325667589062704e+01
5.772900836030328264e+01
5.785467435343045395e+01
5.798026664588511636e+01
5.810579560339600391e+01
5.823127016962430957e+01
5.835669804956556561e+01
5.848208587321537522e+01
5.860743934022444535e+01
5.873276334684082656e+01
5.885806209670975875e+01
5.898333919718728424e+01
5.910859774279730772e+01
5.923384038737129487e+01
5.935906940628642303e+01
5.948428675008104705e+01
5.960949409058805060e+01
5.973469286059348349e+01
5.985988428790447813e+01
5.998506942459767544e+01
6.011024917211853591e+01
6.099160473045787256e+01
6.118351495810281904e+01
6.106479382625159502e+01
6.087312473333467722e+01
6.067610551630304627e+01
6.049359136482176069e+01
6.032761162848088787e+01
6.017662435968546220e+01
6.003945632564786195e+01
5.991827740124975321e+01
5.981614325269183041e+01
5.973982427583106158e+01
5.970310840580105349e+01
5.973153422639396837e+01
5.986239181100219753e+01
6.010878898619202459e+01
6.039149296945603140e+01
6.059176594445496988e+01
6.065522628636954039e+01
6.059120215652065866e+01
6.043356581923817572e+01
6.021675944737777542e+01
5.996769860276336317e+01
5.970503308252573049e+01
5.944072767442224148e+01
5.918194298050114810e+01
5.893259739548987852e+01
5.869451310522580201e+01
5.846820789203333391e+01
5.825342312731223871e+01
5.804946696748039159e+01
5.785543239646469260e+01
5.767033230637031238e+01
5.749318045642380781e+01
5.732303762508571765e+01
5.715903571590955323e+01
5.700038816076074255e+01
5.684639202621005438e+01
5.669642529243575524e+01
5.654994150622066940e+01
5.640646318457562813e+01
5.626557481173939834e+01
5.612691592929704854e+01
5.599017460062847107e+01
5.585508139329871824e+01
5.572140393781305079e+01
5.558894206974855479e+01
5.545752353249152122e+01
5.532700020174844013e+01
5.519724478552662106e+01
5.506814795107779759e+01
5.493961583122591463e+01
5.481156786519188984e+01
5.468393493261831395e+01
5.455665774344654295e+01
5.442968545028050897e+01
5.430297445369436105e+01
5.417648737450064544e+01
5.405019217024339184e+01
5.392406137610100103e+01
5.379807145298328663e+01
5.367220222790235340e+01
5.354643641371229279e+01
5.342075919707359333e+01
5.329515788503161389e+01
5.316962160192969833e+01
5.304414102953089838e+01
5.291870818421939759e+01
5.279331622601362994e+01
5.266795929486531946e+01
5.254263237035826961e+01
5.241733115147072652e+01
5.229205195353865321e+01
5.216679161996379577e+01
5.204154744656003118e+01
5.491701238206708524e+01
5.637587108003813796e+01
5.709281619043606781e+01
5.745016432376407778e+01
5.760035409182918187e+01
5.762832187911476467e+01
5.758871857749080192e+01
5.752533235282537305e+01
5.748088613684598869e+01
5.750114391657893265e+01
5.761504181110593947e+01
5.778483514332474869e+01
5.791599908545873632e+01
5.793875862245583619e+01
5.783798437327588715e+01
5.763193933105839051e+01
5.734885501538148844e+01
5.701503965386861239e+01
5.665108217684412040e+01
5.627170514099608312e+01
5.588682207198515073e+01
5.550276902353851938e+01
5.512336077268264489e+01
5.475069901765757407e+01
5.438575642535181487e+01
5.402878460345530698e+01
5.367959248504854486e+01
5.333773270611311546e+01
5.300262409961694487e+01
5.267363051639751603e+01
5.235011015460296591e+01
5.203144519924726552e+01
5.171705847530672884e+01
5.140642166220027320e+01
5.109905813349551806e+01
5.079454247132270694e+01
5.049249801521702352e+01
5.019259333802793321e+01
4.989453822647620740e+01
4.959807953233944744e+01
4.930299711889768588e+01
4.900910003353949662e+01
4.871622297591594730e+01
4.842422309126551028e+01
4.813297709340180575e+01
4.784237870652228253e+01
4.755233640617425550e+01
4.726277143517494750e+01
4.697361606851269755e+01
4.668481210123619718e+01
4.639630953438072680e+01
4.610806543562684112e+01
4.582004295333552335e+01
4.553221046465872490e+01
4.524454084046175240e+01
4.495701081173903191e+01
4.466960042401587572e+01
4.438229256788429211e+01
4.409507257531574709e+01
4.380792787272877575e+01
4.352084768297379469e+01
4.323382276944103353e+01
4.294684521641316621e+01
4.265990824058407327e+01
4.237300602936188199e+01
4.208613360217966459e+01
4.179928669156166166e+01
4.151246164114692760e+01
4.122565531826417384e+01
4.093886503899003060e+01
4.065208850391450568e+01
4.036532374308842464e+01
4.007856906884371284e+01
3.979182303536314436e+01
3.950508440403576316e+01
3.921835211377140240e+01
3.893162525556542164e+01
3.864490305070580689e+01
3.835818483210164231e+01
3.807147002828620685e+01
3.778475814971185542e+01
3.749804877700864836e+01
3.721134155092534002e+01
3.692463616371197332e+01
3.663793235173739760e+01
3.635122988916489106e+01
3.606452858253425831e+01
3.577782826612050116e+01
3.549112879795776365e+01
3.520443005643323886e+01
3.491773193736935355e+01
3.463103435152419252e+01
3.434433722245027099e+01
3.405764048466026139e+01
3.377094408205567078e+01
3.348424796658082414e+01
3.319755209706975307e+01
3.291085643825844897e+01
3.262416095993871323e+01
3.233746563623330417e+01
3.205077044497500793e+01
3.176407536717474400e+01
3.147738038656590120e+01
3.119068548921403305e+01
3.090399066318248344e+01
3.061729589824596687e+01
3.033060118564521446e+01
3.004390651787677413e+01
2.975721188851349197e+01
2.947051729204848414e+01
2.918382272376522835e+01
2.889712817962324465e+01
2.861043365616138701e+01
2.832373915041472401e+01
2.803704465984340999e+01
2.775035018227173111e+01
2.746365571583551812e+01
2.717696125893879611e+01
2.689026681021376319e+01
2.660357236848884810e+01
2.631687793276041631e+01
2.603018350216873955e+01
2.574348907597734737e+01
2.545679465355536308e+01
2.517010023436236210e+01
2.488340581793539386e+01
2.459671140387789023e+01
2.431001699185013720e+01
2.402332258156112488e+01
2.373662817276157000e+01
2.344993376523792605e+01
2.316323935880726381e+01
2.287654495331288018e+01
2.258985054862053943e+01
2.230315614461525087e+01
2.530315614461525087e+01
2.813819728905540885e+01
2.974544894221432045e+01
3.067657245463112048e+01
3.117520478133426209e+01
3.139829928409420390e+01
3.145174311574715631e+01
3.141765464514466899e+01
3.136894518563022416e+01
3.137276719333424424e+01
3.145819146483225381e+01
3.157252405882026380e+01
3.162540079554026562e+01
3.156248958638440527e+01
3.137655033330323562e+01
3.108599276369870879e+01
3.071647168829296248e+01
3.029186959976166449e+01
2.983132536211339314e+01
2.934902712114039858e+01
2.885498263144992137e+01
2.835598139677990659e+01
2.785645801961392465e+01
2.735917953414205073e+01
2.686576115735577730e+01
2.637704023399889763e+01
2.589334133165172247e+01
2.541466105043752677e+01
2.494079502479337407e+01
2.447142395888738164e+01
2.400617096487017221e+01
2.354463898792992538e+01
2.308643453520751621e+01
2.263118207339372034e+01
2.217853214034491316e+01
2.172816528388323576e+01
2.127979328608121534e+01
2.083315867311214831e+01
2.038803319114182955e+01
1.994421570647047659e+01
1.950152983406128016e+01
1.905982149222207411e+01
1.861895650816458669e+01
1.817881834937893970e+01
1.773930602217444630e+01
1.730033215640835209e+01
1.686182128088966792e+01
1.642370828477960742e+01
1.598593705481522420e+01
1.554845927517100890e+01
1.511123337541610034e+01
1.467422361174643086e+01
1.423739926707364134e+01
1.380073395636283173e+01
1.336420502464385329e+01
1.292779302625216609e+01
1.249148127500447458e+01
1.205525545613025606e+01
1.161910329183242929e+01
1.118301425332203536e+01
1.074697931305574805e+01
1.031099073169995961e+01
9.875041875053916840e+00
9.439127056791766890e+00
9.003241403435776391e+00
8.567380738457073264e+00
8.131541482823049449e+00
7.695720569678581313e+00
7.259915371167826592e+00
6.824123635680367173e+00
3.910080061143926589e+00
1.741729842218595170e+00
1.304967547532727146e-01
-1.101377364346894927e+00
-2.058478481386943226e+00
-2.824891238045671660e+00
-3.459835029668473894e+00
-4.004978853055133570e+00
-4.489008965547802710e+00
-4.931632155526822991e+00
-5.346326552454455872e+00
-5.742287489320361260e+00
-6.125770482413643414e+00
-6.501016711469667086e+00
-6.870889837890401530e+00
-7.237313681795833453e+00
-7.601572601657670347e+00
-7.964517277612014112e+00
-8.326705392048458165e+00
-8.688497574544051361e+00
-9.050122662753098624e+00
-9.411721959526989423e+00
-9.773379143297816540e+00
-1.013514040099294178e+01
-1.049702791364578403e+01
-1.085904883483280692e+01
-1.122120122229256722e+01
-1.158347791721449127e+01
-1.194586904698654095e+01
-1.230836360955012587e+01
-1.267095044913840063e+01
-1.303361883220203232e+01
-1.339635876373927204e+01
-1.375916113775305938e+01
-1.412201778411317754e+01
-1.448492145289306343e+01
-1.484786576299337391e+01
-1.521084513231885893e+01
-1.557385470041694475e+01
-1.593689025027956241e+01
-1.629994813325029313e+01
-1.666302519919010905e+01
-1.702611873291404265e+01
-1.738922639719996255e+01
-1.775234618224277483e+01
-1.811547636118400106e+01
-1.847861545122193050e+01
-1.884176217975784340e+01
-1.920491545502972386e+01
-1.956807434070789853e+01
-1.993123803396447613e+01
-2.029440584657277213e+01
-2.065757718863914505e+01
-2.102075155461472633e+01
-2.138392851127716199e+01
-2.174710768741133293e+01
-2.211028876495328177e+01
-2.247347147139283052e+01
-2.283665557325796058e+01
-2.319984087052833743e+01
-2.356302719184634142e+01
-2.392621439041241160e+01
-2.428940234046732982e+01
-2.465259093427777515e+01
-2.501578007955339089e+01
-2.282627139610860212e+01
-2.193807901537024208e+01
-2.162985221513960354e+01
-2.156681381747877069e+01
-2.160999363041729993e+01
-2.166252297985565178e+01
-2.163774805914763988e+01
-2.149914060962666440e+01
-2.132621608355186993e+01
-2.123324236304641488e+01
-2.127572219891240124e+01
-2.145346586027223168e+01
-2.174161191665676895e+01
-2.211077146051114894e+01
-2.253530632148952506e+01
-2.299541419631105299e+01
-2.347676341415742129e+01
-2.396941591213892409e+01
-2.446671704381807189e+01
-2.496436760753680772e+01
-2.545971265406892314e+01
-2.595122047037048674e+01
-2.643811102616978204e+01
-2.692009577962883426e+01
-2.739719800924107318e+01
-2.786963031210573760e+01
-2.833771218327410324e+01
-2.880181543618702378e+01
-2.926232880850824003e+01
-2.971963568491122132e+01
-3.017410070846917591e+01
-3.062606234891740087e+01
-3.107582940429928442e+01
-3.152368004619410868e+01
-3.196986245960463791e+01
-3.241459643460301265e+01
-3.285807547874413359e+01
-3.330046916558128345e+01
-3.374192553526184923e+01
-3.418257343205271326e+01
-3.462252471039847279e+01
-3.506187627253485317e+01
-3.550071192146327803e+01
-3.593910402654044134e+01
-3.637711500734634740e+01
-3.681479864647227629e+01
-3.725220124453615256e+01
-3.768936263186530766e+01
-3.812631705142605654e+01
-3.856309392709760431e+01
-3.899971853053879300e+01
-3.943621255885244636e+01
-3.987259463412706140e+01
-4.030888073480419109e+01
-4.074508456772795739e+01
-4.118121788870808331e+01
-4.161729077848465863e+01
-4.205331188012651467e+01
-4.248928860312689437e+01
-4.292522729877600085e+01
-4.336113341078538497e+01
-4.379701160460731302e+01
-4.423286587842646611e+01
-4.466869965839499201e+01
-4.510451588032848491e+01
-4.269402513901918894e+01
-4.168274175327216824e+01
-4.131121414825520333e+01
-4.122600405748104890e+01
-4.127743360479503565e+01
-4.135914626344803935e+01
-4.137507929531187045e+01
-4.127592661282924524e+01
-4.113104325599924493e+01
-4.105508984646632342e+01
-4.110995746382614868e+01
-4.130143418554696666e+01
-4.160820988061318815e+01
-4.200236069491554503e+01
-4.245842367828739583e+01
-4.295611176180970148e+01
-4.348033894911780095e+01
-4.402035680166419240e+01
-4.456874876135280061e+01
-4.512054532426686393e+01
-4.567252372966463270e+01
-4.622268219003444045e+01
-4.676985701656639094e+01
-4.731344925018530745e+01
-4.785323225464646413e+01
-4.838921789172054133e+01
-4.892156449268961893e+01
-4.945051435301603959e+01
-4.997635191626746831e+01
-5.049937635342327269e+01
-5.101988408482863235e+01
-5.153815811115453727e+01
-5.205446195778298346e+01
-5.256903670088317426e+01
-5.308210001166125380e+01
-5.359384648466446777e+01
-5.410444874723473418e+01
-5.461405900910849454e+01
-5.512281082418991929e+01
-5.563082091512275440e+01
-5.613819096564654387e+01
-5.664500932304161296e+01
-5.715135257832334759e+01
-5.765728700882823432e+01
-5.816286987897598237e+01
-5.866815060208248411e+01
-5.917317177040073517e+01
-5.967797006296972029e+01
-6.018257704197944236e+01
-6.068701984865106169e+01
-6.119132180938817100e+01
-6.169550296238873699e+01
-6.219958051416038813e+01
-6.270356923455078402e+01
-6.320748179805319467e+01
-6.371132907831586323e+01
-6.421512040199618809e+01
-6.471886376737154478e+01
-6.522256603245345730e+01
-6.572623307675266346e+01
-6.622986994030787855e+01
-6.673348094311663203e+01
-6.723706978768908016e+01
-6.774063964707914920e+01
-6.824419324042710855e+01
-6.874773289776888419e+01
-6.925126061562498592e+01
-6.975477810467215534e+01
-7.025828683061875779e+01
-7.076178804924811061e+01
-7.376178804924811061e+01
-7.642553356787746566e+01
-7.838923536511677526e+01
-7.987801840340657122e+01
-8.103189759494661359e+01
-8.195632955547978327e+01
-8.272357102535994500e+01
-8.338373674668316937e+01
-8.397103738391420791e+01
-8.450884351141225181e+01
-8.501307703299765706e+01
-8.549457578986599060e+01
-8.596070973212418664e+01
-8.641648523543582883e+01
-8.686529889023201179e+01
-8.730945170893703278e+01
-8.775049971058560061e+01
-8.818949281129879125e+01
-8.862713750188321171e+01
-8.906390754788365882e+01
-8.950011925983307037e+01
-8.993598262736850302e+01
-9.037163602114532068e+01
-9.080716971494035761e+01
-9.124264180694963500e+01
-9.167808897766543907e+01
-9.211353374330053612e+01
-9.254898933323224242e+01
-9.298446295859456256e+01
-9.341995799313852444e+01
-9.385547542008099242e+01
-9.429101478481187826e+01
-9.472657481594201556e+01
-9.516215382460380567e+01
-9.559774995623021709e+01
-9.603336134483259912e+01
-9.646898620339656816e+01
-9.690462287291465771e+01
-9.734026984507326574e+01
-9.777592576855165873e+01
-9.821158944548604097e+01
-9.864725982236709001e+01
-9.908293597811314157e+01
-9.951861711104550068e+01
-9.995430252582231390e+01
-1.003899916209478960e+02
-1.008256838771905990e+02
-1.012613788470614367e+02
-1.016970761453934529e+02
-1.021327754409945925e+02
-1.025684764493088750e+02
-1.030041789260017566e+02
-1.034398826613781068e+02
-1.038755874755412805e+02
-1.043112932142061453e+02
-1.019005736049446256e+02
-1.008891831188768720e+02
-1.005176021801678701e+02
-1.004323699872002464e+02
-1.004838040959304095e+02
-1.005655483024663823e+02
-1.005815287798535280e+02
-1.004823946911673147e+02
-1.003374737649376129e+02
-1.002614516864215801e+02
-1.003162491449474203e+02
-1.005076677804972718e+02
-1.008144000104177707e+02
-1.012085201118956377e+02
-1.016645622243231344e+02
-1.021622365916532260e+02
-1.026864550876264701e+02
-1.032264676956886404e+02
-1.037748567294930666e+02
-1.043266518954716560e+02
-1.048786298882673123e+02
-1.054287885492003198e+02
-1.059759639394083592e+02
-1.065195569335544121e+02
-1.070593407866785185e+02
-1.075953272910917491e+02
-1.081276747351983971e+02
-1.086566253894210092e+02
-1.091824636841156604e+02
-1.097054887847638582e+02
-1.102259971111234194e+02
-1.107442716662900892e+02
-1.112605759798084364e+02
-1.117751511329029768e+02
-1.122882148021768529e+02
-1.127999615875662442e+02
-1.133105641215801143e+02
-1.138201746187782533e+02
-1.143289266374835336e+02
-1.148369369043324042e+02
-1.153443071066351138e+02
-1.158511255948399281e+02
-1.163574689627552630e+02
-1.168634034901679399e+02
-1.173689864436386898e+02
-1.178742672383481107e+02
-1.183792884681688804e+02
-1.188840868135437461e+02
-1.193886938378771561e+02
-1.198931366834392662e+02
-1.203974386775386307e+02
-1.209016198591531008e+02
-1.214056974354617751e+02
-1.219096861768899913e+02
-1.224135987584277245e+02
-1.229174460541501048e+02
-1.234212373910809930e+02
-1.239249807678125705e+02
-1.244286830426264743e+02
-1.249323500952653063e+02
-1.254359869659666202e+02
-1.259395979748984757e+02
-1.264431868247172872e+02
-1.269467566886023775e+02
-1.274503102858015211e+02
-1.279538499464427730e+02
-1.284573776671256269e+02
-1.289608951585945249e+02
-1.294644038866158269e+02
-1.299679051070225739e+02
-1.304713998957554963e+02
-1.309748891746124002e+02
-1.314783737333168858e+02
-1.319818542484314037e+02
-1.324853312995645638e+02
-1.329888053832594039e+02
-1.334922769248935879e+02
-1.339957462888760062e+02
-1.344992137873829847e+02
-1.350026796878434823e+02
-1.323971975112135624e+02
-1.312737063724013922e+02
-1.308428505578647787e+02
-1.307363616769050338e+02
-1.307954855820123896e+02
-1.309055435854581049e+02
-1.309620959940731382e+02
-1.309035173441345989e+02
-1.307881930280607605e+02
-1.307299662664834443e+02
-1.307964923808673632e+02
-1.309994984301960130e+02
-1.313214635780201149e+02
-1.317362314737278837e+02
-1.322187880141615324e+02
-1.327485787144503036e+02
-1.333099246473396704e+02
-1.338913818828743842e+02
-1.344848511537481386e+02
-1.350847456642238740e+02
-1.356873091617086686e+02
-1.362900910426177177e+02
-1.368915562560139563e+02
-1.374908016870235770e+02
-1.380873530713652144e+02
-1.386810212803654849e+02
-1.392718016698405279e+02
-1.398598043179307524e+02
-1.404452062343536056e+02
-1.410282190891942946e+02
-1.416090678318378195e+02
-1.421879768980834911e+02
-1.427651616613127317e+02
-1.433408234704714630e+02
-1.439151471081613352e+02
-1.444882998513768939e+02
-1.450604315654616414e+02
-1.456316754375993696e+02
-1.462021490803545589e+02
-1.467719558232657562e+02
-1.473411860718725563e+02
-1.479099186563772435e+02
-1.484782221217984954e+02
-1.490461559318087552e+02
-1.496137715722012729e+02
-1.501811135490599440e+02
-1.507482202825985098e+02
-1.513151249012825588e+02
-1.518818559429539619e+02
-1.524484379707370749e+02
-1.530148921118727401e+02
-1.535812365275430977e+02
-1.541474868213893785e+02
-1.547136563939041309e+02
-1.552797567492770838e+02
-1.582797567492770838e+02
-1.612797567492770838e+02
-1.636265334368086428e+02
-1.653917213220809117e+02
-1.667546850333114321e+02
-1.678446306885435320e+02
-1.687483957671432506e+02
-1.695255508289859279e+02
-1.702165020126333275e+02
-1.708487334503011823e+02
-1.714409164056542636e+02
-1.720057420727361546e+02
-1.725518428527852564e+02
-1.730850961718829524e+02
-1.736095087277446964e+02
-1.741278161146175592e+02
-1.746418895303183660e+02
-1.751530117560958217e+02
-1.756620645416389834e+02
-1.761696559280438805e+02
-1.766762068325573978e+02
-1.771820099859629067e+02
-1.776872700948126749e+02
-1.781921312446168031e+02
-1.786966956256512162e+02
-1.792010363522250884e+02
-1.797052062575006062e+02
-1.802092439431112041e+02
-1.807131779536616705e+02
-1.812170296683569006e+02
-1.817208153132393136e+02
-1.822245473691925497e+02
-1.827282355635836382e+02
-1.832318875740035935e+02
-1.837355095320964438e+02
-1.842391063878733917e+02
-1.847426821760764994e+02
-1.852462402132859438e+02
-1.857497832456554647e+02
-1.862533135611197395e+02
-1.867568330757644617e+02
-1.872603434011875549e+02
-1.877638458977002642e+02
-1.882673417168409458e+02
-1.887708318357142616e+02
-1.892743170849943226e+02
-1.897777981719529237e+02
-1.902812756995338646e+02
-1.907847501822494678e+02
-1.912882220594966043e+02
-1.917916917067593374e+02
-1.922951594450662469e+02
-1.927986255489975349e+02
-1.933020902534799745e+02
-1.938055537595641624e+02
-1.943090162393438902e+02
-1.948124778401501942e+02
-1.953159386881303305e+02
-1.958193988913045303e+02
-1.963228585421780679e+02
-1.968263177199747531e+02
-1.973297764925471256e+02
-1.978332349180109020e+02
-1.983366930461438642e+02
-1.988401509195830386e+02
-1.993436085748498670e+02
-1.998470660432278123e+02
-2.003505233515139423e+02
-2.008539805226626243e+02
-2.013574375763365936e+02
-2.018608945293791237e+02
-2.023643513962184670e+02
-2.028678081892140312e+02
-2.033712649189531305e+02
-2.038747215945051323e+02
-2.043781782236389972e+02
-2.048816348130098390e+02
-2.053850913683185979e+02
-2.058885478944488341e+02
-2.063920043955839390e+02
-2.037865025477352958e+02
-2.026630025091654090e+02
-2.022321422973426195e+02
-2.021256516616152226e+02
-2.021847761543798754e+02
-2.022948372397514731e+02
-2.023513944192985718e+02
-2.022928182223371891e+02
-2.021774911951958984e+02
-2.021192585642993436e+02
-2.021857783710817102e+02
-2.023887790322738738e+02
-2.027107400446821543e+02
-2.031255049475027761e+02
-2.036080594022093635e+02
-2.041378486912204266e+02
-2.046991936961633485e+02
-2.052806503419665773e+02
-2.058741192554986412e+02
-2.064740135656492441e+02
-2.070765769669671954e+02
-2.076793588192296340e+02
-2.082808240463653533e+02
-2.088800695164415799e+02
-2.094766209537437760e+02
-2.100702892220593867e+02
-2.106610696723439560e+02
-2.112490723797066323e+02
-2.118344743520718509e+02
-2.124174872585602429e+02
-2.129983360481376735e+02
-2.135772451565349854e+02
-2.141544299572829004e+02
-2.147300917996043950e+02
-2.153044154664456471e+02
-2.158775682351736123e+02
-2.164496999715064476e+02
-2.170209438629891849e+02
-2.175914175225248357e+02
-2.181612242799631929e+02
-2.187304545411257379e+02
-2.192991871364673671e+02
-2.198674906112312897e+02
-2.204354244292882470e+02
-2.210030400766055720e+02
-2.215703820594195008e+02
-2.221374887980765607e+02
-2.227043934211577323e+02
-2.232711244666049879e+02
-2.238377064976292843e+02
-2.244041606415463264e+02
-2.249705050596028570e+02
-2.255367553554958420e+02
-2.261029249297658055e+02
-2.266690252866437163e+02
-2.272350662993012236e+02
-2.278010564388315515e+02
-2.283670029716936654e+02
-2.289329121297978418e+02
-2.294987892569029384e+02
-2.324987892569029384e+02
-2.354987892569029384e+02
-2.378452243466681466e+02
-2.396101743030696980e+02
-2.409729701140132363e+02
-2.420627950282567156e+02
-2.429664712253559173e+02
-2.437435591223698452e+02
-2.444344581933961535e+02
-2.450666482020642718e+02
-2.456587975341772392e+02
-2.462235954611538205e+02
-2.467696730699285581e+02
-2.473029068605146108e+02
-2.478273028551983828e+02
-2.483455961380439305e+02
-2.488596575089086400e+02
-2.493707694300849198e+02
-2.498798133901165102e+02
-2.503873972128752428e+02
-2.508939416328773291e+02
-2.513997392260076822e+02
-2.519049945668455450e+02
-2.524098516280932358e+02
-2.529144125034103752e+02
-2.534187502242586163e+02
-2.539229175527151199e+02
-2.544269530294032791e+02
-2.549308851465610530e+02
-2.554347352384476437e+02
-2.559385194925338851e+02
-2.564422503566073033e+02
-2.569459375296416965e+02
-2.574495886648736587e+02
-2.579532098730603025e+02
-2.584568060863025494e+02
-2.589603813239863825e+02
-2.594639388895276397e+02
-2.599674815177957043e+02
-2.604710114870532607e+02
-2.609745307050966971e+02
-2.614780407764201300e+02
-2.619815430552473003e+02
-2.624850386879002144e+02
-2.629885286470139363e+02
-2.634920137594328367e+02
-2.639954947291474241e+02
-2.644989721562903355e+02
-2.650024465529652957e+02
-2.655059183565056742e+02
-2.660093879406277324e+02
-2.665128556248454856e+02
-2.670163216824417418e+02
-2.675197863472317295e+02
-2.680232498193138326e+02
-2.685267122699660831e+02
-2.690301738458207410e+02
-2.695336346724264445e+02
-2.700370948572905831e+02
-2.705405544924791457e+02
-2.710440136568395246e+02
-2.715474724179019290e+02
-2.720509308335059586e+02
-2.725543889531926993e+02
-2.730578468193966160e+02
-2.704523478282420115e+02
-2.693288490821334449e+02
-2.688979895089133265e+02
-2.687914991280333652e+02
-2.688506235354714136e+02
-2.689606841732895077e+02
-2.690172406599882038e+02
-2.689586641067777464e+02
-2.688433374733206733e+02
-2.687851056947667416e+02
-2.688516264175480615e+02
-2.690546278612164883e+02
-2.693765894741797524e+02
-2.697913548116351876e+02
-2.702739095692367073e+02
-2.708036990631974277e+02
-2.713650442028993552e+02
-2.719465009343450106e+02
-2.725399698997712221e+02
-2.731398642390135478e+02
-2.737424276542970460e+02
-2.743452095107194850e+02
-2.749466747358598013e+02
-2.755459202002625148e+02
-2.761424716298734552e+02
-2.767361398895749858e+02
-2.773269203310285320e+02
-2.779149230297833810e+02
-2.785003249940244245e+02
-2.790833378930122990e+02
-2.796641866757737489e+02
-2.802430957780496215e+02
-2.808202805733488958e+02
-2.813959424108543317e+02
-2.819702660734621418e+02
-2.825434188384850813e+02
-2.831155505715869936e+02
-2.836867944602603302e+02
-2.842572681173590468e+02
-2.848270748726877173e+02
-2.853963051320268391e+02
-2.859650377257946730e+02
-2.865333411992018569e+02
-2.871012750160902556e+02
-2.876688906624019069e+02
-2.882362326443509914e+02
-2.888033393822647099e+02
-2.893702440047073310e+02
-2.899369750496062466e+02
-2.905035570801598510e+02
-2.910700112236729638e+02
-2.916363556413829770e+02
-2.922026059369787276e+02
-2.927687755109938053e+02
-2.933348758676531816e+02
-2.939009168801233045e+02
-2.944669070194930214e+02
-2.950328535522174320e+02
-2.955987627102036299e+02
-2.961646398372076305e+02
-2.933932964451414023e+02
-2.921701669771743468e+02
-2.916848315805627863e+02
-2.915582808009789915e+02
-2.916244312779323877e+02
-2.917615325084490792e+02
-2.918579341524814481e+02
-2.918404875966213012e+02
-2.917560597341612834e+02
-2.917163714225635545e+02
-2.917940179938947836e+02
-2.920064942419986096e+02
-2.923402492318016357e+02
-2.927711833159964954e+02
-2.932750120960591289e+02
-2.938311458013791366e+02
-2.944234901325114606e+02
-2.950400354800596574e+02
-2.956720918600969981e+02
-2.963135187291640591e+02
-2.969600691440380729e+02
-2.976088716829385135e+02
-2.982580375441249316e+02
-2.989063698936743094e+02
-2.995531524017003449e+02
-3.001979972652226252e+02
-3.008407370748969356e+02
-3.014813485868110661e+02
-3.021198994991733002e+02
-3.027565116970470172e+02
-3.033913362114623737e+02
-3.040245364599850291e+02
-3.046562773025769388e+02
-3.052867181487470134e+02
-3.059160088592889224e+02
-3.065442875510430554e+02
-3.071716796751740048e+02
-3.077982979270535111e+02
-3.084242426798010115e+02
-3.090496027289270842e+02
-3.096744562032250769e+02
-3.102988715448941548e+02
-3.109229084954990867e+02
-3.115466190478272210e+02
-3.121700483399155246e+02
-3.127932354785801863e+02
-3.134162142871983860e+02
-3.140390139773423925e+02
-3.146616597469243288e+02
-3.152841733093273433e+02
-3.159065733589708316e+02
-3.165288759791569078e+02
-3.171510949980766441e+02
-3.177732422986469487e+02
-3.183953280875047085e+02
-3.190173611280634987e+02
-3.196393489420880201e+02
-3.202612979837869034e+02
-3.208832137899875079e+02
-3.215051011095454783e+02
-3.221269640147629048e+02
-3.227488059972447445e+02
-3.233706300503162652e+02
-3.239924387398461363e+02
-3.246142342650795740e+02
-3.276142342650795740e+02
-3.306142342650795740e+02
-3.334009042251057053e+02
-3.354811560659774727e+02
-3.370782563606062467e+02
-3.383490604335967191e+02
-3.393979687220648884e+02
-3.402961371140140727e+02
-3.410916498739418898e+02
-3.418171205617495048e+02
-3.424946597278513423e+02
-3.431392773918345256e+02
-3.437611808292821252e+02
-3.443673273345773396e+02
-3.449624728133396729e+02
-3.455498798667237565e+02
-3.461317961838815336e+02
-3.467097780630631405e+02
-3.472849094885662566e+02
-3.478579507236958648e+02
-3.484294392897892294e+02
-3.489997587407098081e+02
-3.495691856241569440e+02
-3.501379216445794782e+02
-3.507061157686882780e+02
-3.512738794818797601e+02
-3.518412973696371182e+02
-3.524084344992886599e+02
-3.529753416049578618e+02
-3.535420587585689987e+02
-3.541086179928467459e+02
-3.546750451949953344e+02
-3.552413614896407239e+02
-3.558075842614681505e+02
-3.563737279214997784e+02
-3.569398044891831887e+02
-3.575058240406885375e+02
-3.580717950588467602e+02
-3.586377247098387215e+02
-3.592036190645932265e+02
-3.597694832778702789e+02
-3.603353217345161852e+02
-3.609011381699118033e+02
-3.614669357698811041e+02
-3.620327172540647211e+02
-3.625984849458471899e+02
-3.631642408312501402e+02
-3.637299866087015516e+02
-3.642957237312107281e+02
-3.648614534421874396e+02
-3.654271768059173269e+02
-3.659928947335279759e+02
-3.665586080051381828e+02
-3.671243172887681681e+02
-3.676900231564963519e+02
-3.649183166454492380e+02
-3.636950294923076967e+02
-3.632096169799189624e+02
-3.630830369594702347e+02
-3.631492025126155454e+02
-3.632863685853766924e+02
-3.633828730940313108e+02
-3.633654900071177281e+02
-3.632810231004871184e+02
-3.632412271172804026e+02
-3.633187513221731137e+02
-3.635311196597471053e+02
-3.638647897798155100e+02
-3.642956610760127774e+02
-3.647994451206223516e+02
-3.653555478102299503e+02
-3.659478711458301632e+02
-3.665644026369481594e+02
-3.671964501573362440e+02
-3.678378716120797094e+02
-3.684844189531154370e+02
-3.691332199812313775e+02
-3.697823853529527014e+02
-3.704307178603260127e+02
-3.710775009177855850e+02
-3.717223465496580843e+02
-3.723650872317597305e+02
-3.730056996454309228e+02
-3.736442514417252028e+02
-3.742808644773782021e+02
-3.749156897677935945e+02
-3.755488907233476539e+02
-3.761806322022958398e+02
-3.768110736158896543e+02
-3.774403648287257056e+02
-3.780686439625706612e+02
-3.786960364740159548e+02
-3.793226550639562902e+02
-3.799486001108763276e+02
-3.805739604153432083e+02
-3.811988141108164427e+02
-3.818232296437362265e+02
-3.824472667594776567e+02
-3.830709774542215769e+02
-3.836944068690062295e+02
-3.843175941132875550e+02
-3.849405730127545553e+02
-3.855633727809965308e+02
-3.861860186176803040e+02
-3.868085322377118587e+02
-3.874309323368294145e+02
-3.880532349994754213e+02
-3.886754540548254795e+02
-3.892976013866455105e+02
-3.899196872023037486e+02
-3.905417202658434235e+02
-3.911637080995707834e+02
-3.917856571581599496e+02
-3.924075729788382887e+02
-3.930294603108048932e+02
-3.960294603108048932e+02
-3.990294603108048932e+02
-4.018162719388058690e+02
-4.038966225177767342e+02
-4.054937922784376383e+02
-4.067646460320129336e+02
-4.078135906389307479e+02
-4.087117862756580848e+02
-4.095073200357074938e+02
-4.102328073345235566e+02
-4.109103599406855665e+02
