-1.000000000000000000e+02
-1.000000000000000000e+02
-1.000000000000000000e+02
-1.000000000000000000e+02
-1.000000000000000000e+02
-1.000000000000000000e+02
-1.000000000000000000e+02
-1.000000000000000000e+02
-1.000000000000000000e+02
-1.000000000000000000e+02
-1.000000000000000000e+02
-1.000000000000000000e+02
-1.000000000000000000e+02
-1.000000000000000000e+02
-1.000000000000000000e+02
-1.000000000000000000e+02
-1.000000000000000000e+02
-1.000000000000000000e+02
-1.000000000000000000e+02
-1.000000000000000000e+02
-1.000000000000000000e+02
-9.719845850830377287e+01
-9.558014043012222771e+01
-9.453590209913878084e+01
-9.376929103774880048e+01
-9.313640873478748006e+01
-9.256776441224702978e+01
-9.203014060098631433e+01
-9.150798464297403711e+01
-9.099432897056399838e+01
-9.048636151879632905e+01
-8.998326546116193470e+01
-8.948516640610586137e+01
-8.899262004104133439e+01
-8.850636350040714717e+01
-8.802719539865159959e+01
-8.755591860390379111e+01
-8.709331356831232540e+01
-8.664012649838470281e+01
-8.701388362812301125e+01
-8.724986752755756925e+01
-8.743027923984772087e+01
-8.759381585041715823e+01
-8.775775534810401268e+01
-8.792846261762059612e+01
-8.809774168768096558e+01
-8.825679137540693375e+01
-8.840183987531862897e+01
-8.853159575800002301e+01
-8.864599773967387364e+01
-8.874559858160178294e+01
-8.883125882479261293e+01
-8.890399214152989771e+01
-8.896488511804957966e+01
-8.901505381549942797e+01
-8.905561873833086395e+01
-8.908768924024010971e+01
-8.911235297814492640e+01
-8.913066825394238890e+01
-8.914365816698747835e+01
-8.973634016278751346e+01
-9.004405830085980256e+01
-9.020722934662585146e+01
-9.029545883408204077e+01
-9.034371828459126164e+01
-9.036999680168092652e+01
-9.038391335718583264e+01
-9.039091888568620448e+01
-9.039434700404760292e+01
-9.039641548180570396e+01
-9.039871613982779763e+01
-9.040245542139632562e+01
-9.040857348574800767e+01
-9.041780410643154653e+01
-9.043070567546955374e+01
-9.044767802184176730e+01
-9.046897215684980154e+01
-9.049469636400939976e+01
-9.052482025874267890e+01
-9.055917757818563985e+01
-9.059746804820257182e+01
-8.962586097477826286e+01
-8.894126389408381783e+01
-8.838781349964456524e+01
-8.789040665109205008e+01
-8.741332236130335787e+01
-8.694002750919952405e+01
-8.646332065723602511e+01
-8.598052127242796416e+01
-8.549112147293925545e+01
-8.499563981537508539e+01
-8.449506196605561570e+01
-8.399056802071835648e+01
-8.348339992024384060e+01
-8.297479740942482351e+01
-8.246596758787379144e+01
-8.195807096652262658e+01
-8.145221566361816201e+01
-8.094945563235867780e+01
-8.045079089295322206e+01
-7.995716875975766413e+01
-7.946948555325259633e+01
-7.684516831607916743e+01
-7.548419922338452182e+01
-7.473471196759838620e+01
-7.427860963163647057e+01
-7.396065142639650958e+01
-7.370504712057929453e+01
-7.347475521283875821e+01
-7.325162051441799349e+01
-7.302668134507597131e+01
-7.279543947897329303e+01
-7.255555188984051540e+01
-7.230570431104418105e+01
-7.204506149862557152e+01
-7.177299890406330007e+01
-7.148897165595461445e+01
-7.119245053267849244e+01
-7.088289061513226841e+01
-7.055971588109524362e+01
-7.022231157921488887e+01
-6.987002040705215222e+01
-6.950214056180062983e+01
-6.097100376893124007e+01
-5.625373259147634997e+01
-5.339698806522605423e+01
-5.144845732837951147e+01
-4.994428455876560946e+01
-4.865893719183216604e+01
-4.748314095335397411e+01
-4.636431281992457087e+01
-4.527749326409048791e+01
-4.421116239799209779e+01
-4.316031966147490806e+01
-4.212310827944757818e+01
-4.109916968717107721e+01
-4.008884226504295611e+01
-3.909277214982115822e+01
-3.811172516442271530e+01
-3.714649689420438250e+01
-3.619787063798362681e+01
-3.526659868290094124e+01
-3.435339490681546692e+01
-3.345893284112072052e+01
-2.874266974890662141e+01
-2.625958361848287836e+01
-2.485721258922442800e+01
-2.397316238186331816e+01
-2.333297780559970747e+01
-2.280270395089905833e+01
-2.231693597092530013e+01
-2.184370731423514655e+01
-2.136735514013030368e+01
-2.088015861647366478e+01
-2.037825840080589401e+01
-1.985966535534803157e+01
-1.932328882479847110e+01
-1.876846247810045298e+01
-1.819471297986974534e+01
-1.760164718270313955e+01
-1.698889717969803215e+01
-1.635609361724245758e+01
-1.570285282622421974e+01
-1.502877072740833597e+01
-1.433342007721268097e+01
-1.456559136084980111e+00
5.531650294970272164e+00
9.640054516653156824e+00
1.233647924267994611e+01
1.433676083087740238e+01
1.598979259776753281e+01
1.746542639002799291e+01
1.884616743795617566e+01
2.017192026632321600e+01
2.146182347464253581e+01
2.272490385521569678e+01
2.396527433205609725e+01
2.518466928144712114e+01
2.638368050329435377e+01
2.756235912870642935e+01
2.872050813183531304e+01
2.985782389146110916e+01
3.097396413005205673e+01
3.206857997151711714e+01
3.314133053970832776e+01
3.419188909114088659e+01
3.521994507351175230e+01
3.622520425523799048e+01
3.720738797446598056e+01
3.816623202031957618e+01
3.910148539736182727e+01
4.001290909618266056e+01
4.299600089871920261e+01
4.469085464221474524e+01
4.576929650392376203e+01
4.655915331085510189e+01
4.722039209276043437e+01
4.783107637454744321e+01
4.842931299963674974e+01
4.903372229646965508e+01
4.965342760204095640e+01
5.029293019831431621e+01
5.095448829743072139e+01
5.163927797025237965e+01
5.234795963056092205e+01
5.308095439706901431e+01
5.383857884137244554e+01
5.462111059229154364e+01
5.542882016023479252e+01
5.626198623667003318e+01
7.381890648560322177e+01
8.323167119426422289e+01
8.865934531030262633e+01
9.213118603138045160e+01
9.463713408748544964e+01
9.665997197775749328e+01
9.843501562159751472e+01
1.000768422765947889e+02
1.016411321335714888e+02
1.031548453813125406e+02
1.046309469902039950e+02
1.060755908050213776e+02
1.074916238137793840e+02
1.088802947049319414e+02
1.102420861674341097e+02
1.115771196337911277e+02
1.128853514368204287e+02
1.141666672417801180e+02
1.154209269052986571e+02
1.166479852130889441e+02
1.178477009183574324e+02
1.245581182261358748e+02
1.281109369788734398e+02
1.301373200065842184e+02
1.314332350704106034e+02
1.323870836971158553e+02
1.331883843139898147e+02
1.339296098315219865e+02
1.346558845474778821e+02
1.353892363520651827e+02
1.361404318732505772e+02
1.369147520506745366e+02
1.377148105927215340e+02
1.385419293143746984e+02
1.393968091861117387e+02
1.402798576420344716e+02
1.411913480933968970e+02
1.421314975075335383e+02
1.431005039497833025e+02
1.440985645320032802e+02
1.451258837413887477e+02
1.461826770137132883e+02
1.472691719213450199e+02
1.483856081292041722e+02
1.495322366776451588e+02
1.660803236376145264e+02
1.750759972624052807e+02
1.803715833812370306e+02
1.838468036811401589e+02
1.864187774636727966e+02
1.885349005274107697e+02
1.904133680772538355e+02
1.921605479265163297e+02
1.938282566655776691e+02
1.954417085156778739e+02
1.970131525022140693e+02
1.985485255868253489e+02
2.000506976541422830e+02
2.015210533966321975e+02
2.029602626834835633e+02
2.043686549908873644e+02
2.057464006977168083e+02
2.070935982161984157e+02
2.160068493359440822e+02
2.206521321872824331e+02
2.232302217021699846e+02
2.248150440708976134e+02
2.259306286364907805e+02
2.268326607355395197e+02
2.276458797410528803e+02
2.284311295054401967e+02
2.292180791173775845e+02
2.300211907152579158e+02
2.308475118081346693e+02
2.317004779003621877e+02
2.325817680883211551e+02
2.334922104509288374e+02
2.344322236821399201e+02
2.354020323510775086e+02
2.364017716326141567e+02
2.374315380380559191e+02
2.580196597985405447e+02
2.689907954365020260e+02
2.752516891088048965e+02
2.791967883526585865e+02
2.819945649092750841e+02
2.842152369981801030e+02
2.861370955386601622e+02
2.878959891515623326e+02
2.895582707125240063e+02
2.911563932190737205e+02
2.927062786076905354e+02
2.942157918613044671e+02
2.956888745937127965e+02
2.971275605566819422e+02
2.985329576246829220e+02
2.999057255203247792e+02
3.012463075601211244e+02
3.025550424594988499e+02
3.038322177018210368e+02
3.050780944830220278e+02
3.062929188743952977e+02
3.074769263457061470e+02
3.086303431304526157e+02
3.097533861287732861e+02
3.164915837425441509e+02
3.201772573104168487e+02
3.223732991438912450e+02
3.238424006909792752e+02
3.249567553783107314e+02
3.258979935980810296e+02
3.267547509816814113e+02
3.275702817172309551e+02
3.283656938485316346e+02
3.291512881009588796e+02
3.299320912284959491e+02
3.307105562870865469e+02
3.314878803680312558e+02
3.322646476518847862e+02
3.330411432187578384e+02
3.338175061877444136e+02
3.345938044489623735e+02
3.353700711327892350e+02
3.361463224068492650e+02
3.369225661609431199e+02
3.376988062452933832e+02
3.384750445388088451e+02
3.392512819583969303e+02
3.400275189515083980e+02
3.462733619448726472e+02
3.496115274806404045e+02
3.515462176923467723e+02
3.528114229950169261e+02
3.537652717895254568e+02
3.545824734628660053e+02
3.553482308526268412e+02
3.561040697467140603e+02
3.568702038337230533e+02
3.576564488912059687e+02
3.584675489403392135e+02
3.593057753786081889e+02
3.601721952640711493e+02
3.610672900835737096e+02
3.619912574945783490e+02
3.629441582948329028e+02
3.639259877990268706e+02
3.649367102607874358e+02
3.659762751943268313e+02
3.670446247953388479e+02
3.681416969491853024e+02
3.692674260151547401e+02
3.704217424535791565e+02
3.716045718151590904e+02
3.728158333448660073e+02
3.740554383227535595e+02
3.753232882008811089e+02
3.915537889866169508e+02
4.004221062479495004e+02
4.056629915039773664e+02
4.090995278661379189e+02
4.116219384875967648e+02
4.136652343830695600e+02
4.154422967816104801e+02
4.170576124491185510e+02
4.185627685565116849e+02
4.199835270673036689e+02
4.213330307462889550e+02
4.226182421628129759e+02
4.238430811030168570e+02
4.250099514561536580e+02
4.261204827583821384e+02
4.271758890295434412e+02
4.281771413386778704e+02
4.291250499131546121e+02
4.300203025086094613e+02
4.308634818030654969e+02
4.316550728953644125e+02
4.323954662930950121e+02
4.330849590027195291e+02
4.337237549883859629e+02
4.300754514461547728e+02
4.280706997389318076e+02
4.268985641937898663e+02
4.261636639713925661e+02
4.256733240866923893e+02
4.253337146295265825e+02
4.250991759512750150e+02
4.249474982219890080e+02
4.248678662586222003e+02
4.248549844848475345e+02
4.249062172338918231e+02
4.250201999525282872e+02
4.251961676060636819e+02
4.254336324758907040e+02
4.257322318636775549e+02
4.260916581228138398e+02
4.265116282914091244e+02
4.269918724914151653e+02
4.469263093448354311e+02
4.575107731499970782e+02
4.635139833661954754e+02
4.672632045633730513e+02
4.698942908649587480e+02
4.719617052127325110e+02
4.737362064307931178e+02
4.753501182718974860e+02
4.768682185755899923e+02
4.783223311510193412e+02
4.797282047032634296e+02
4.810937479526959919e+02
4.824230466927700149e+02
4.837183225490404084e+02
4.849808874016516143e+02
4.862116078019174097e+02
4.874111303726662072e+02
4.885799906710859659e+02
4.897186652790508106e+02
4.908275962813257252e+02
4.919072023568534746e+02
4.977103813620720985e+02
5.008046214632472015e+02
5.025910680892976643e+02
5.037534163998767553e+02
5.046252429924665535e+02
5.053692641214675518e+02
5.060648139915531942e+02
5.067505343840598471e+02
5.074452073510153696e+02
5.081579216635335001e+02
5.088930340698496479e+02
5.096525903580231898e+02
5.104375067408274163e+02
5.112481462152257450e+02
5.120845996065634154e+02
5.129468224356933206e+02
5.138347013641073318e+02
5.147480862091252902e+02
5.336252489271961394e+02
5.436242718159722926e+02
5.492581639404471616e+02
5.527301436787003013e+02
5.551162605315032579e+02
5.569425049999424573e+02
5.584664296781219264e+02
5.598145728116629698e+02
5.610495143939070886e+02
5.622025938074519900e+02
5.632898710939801958e+02
5.643199118339101688e+02
5.652975825922320610e+02
5.662259000929246895e+02
5.671069311167567548e+02
5.679422295924895252e+02
5.687330482212257721e+02
5.694804404044681405e+02
5.701853089274502508e+02
5.708484289086075023e+02
5.714704584100958300e+02
5.691094395666101491e+02
5.677623765500061381e+02
5.669359454516503547e+02
5.663899807480588606e+02
5.660077659380837076e+02
5.657327429983905631e+02
5.655376342439428754e+02
5.654093813312908878e+02
5.653418028076740711e+02
5.653320180029982112e+02
5.653787085211398562e+02
5.654812760518145751e+02
5.656394371211773660e+02
5.658530305767255868e+02
5.661219283780961860e+02
5.664459962834264388e+02
5.668250783632975072e+02
5.672589926212713181e+02
5.864189550861112821e+02
5.965559842513107469e+02
6.022572234386801711e+02
6.057620685436257872e+02
6.081642236953747442e+02
6.099982948536995764e+02
6.115260389565431751e+02
6.128760459693203302e+02
6.141118971246316960e+02
6.152654204098334958e+02
6.163529143057302235e+02
6.173830607510319624e+02
6.183607830935754919e+02
6.192891257673680911e+02
6.201701690756729022e+02
6.210054735462283588e+02
6.217962951004381011e+02
6.225436887113115745e+02
6.208057543356171664e+02
6.197398506096278652e+02
6.190312148012619673e+02
6.185268442544673917e+02
6.181525650646757413e+02
6.178725722543825896e+02
6.176696958807411875e+02
6.175357810703217183e+02
6.174670031908596002e+02
6.174615908100865909e+02
6.175187230216064336e+02
6.176379991781186618e+02
6.178191872432403215e+02
6.180621073749759944e+02
6.183665807607956140e+02
6.187324095545610589e+02
6.191593712557429399e+02
6.196472194093333883e+02
6.406221683056965048e+02
6.517118999753536173e+02
6.579390713266518560e+02
6.617558911803447472e+02
6.643602211661966521e+02
6.663378167280819753e+02
6.679757262810464908e+02
6.694152172815905715e+02
6.707263930853813463e+02
6.719445964549680639e+02
6.730881663728622470e+02
6.741670965524186840e+02
6.751872551231493844e+02
6.761524391776603125e+02
6.770653736074199287e+02
6.779281955037206444e+02
6.787426881525394720e+02
6.795103933663492626e+02
6.802326648884584301e+02
6.809106934060775984e+02
6.815455180073447536e+02
6.791074947712291987e+02
6.777327030155759076e+02
6.769010737332092731e+02
6.763594386081363155e+02
6.759847838574713705e+02
6.757175251571816261e+02
6.755289529533558834e+02
6.754053528804910229e+02
6.753402634760135470e+02
6.753307046456096714e+02
6.753753435304246295e+02
6.754736054437714756e+02
6.756252455754350876e+02
6.758301450925492873e+02
6.760882162661745269e+02
6.763993603086208850e+02
6.767634504318838253e+02
6.771803267087512950e+02
6.776497961879276772e+02
6.781716350688567445e+02
6.787455913797587073e+02
6.962159637734705484e+02
7.054781300887323141e+02
7.107030206987540168e+02
7.139269963903075222e+02
7.161447504707207372e+02
7.178426358357046411e+02
7.192589204730361416e+02
7.205107850426564937e+02
7.216562915226239738e+02
7.227246185929965350e+02
7.237308119668413156e+02
7.246829787146533590e+02
7.255857948783069560e+02
7.264422145157859632e+02
7.272543015189548896e+02
7.280236337543277614e+02
7.287514988484657579e+02
7.294389885949698282e+02
7.300870441428868389e+02
7.306964773827559156e+02
7.312679809028843465e+02
7.289935903679677267e+02
7.276986513704994195e+02
7.269059902341272164e+02
7.263833715642995230e+02
7.260179968437942080e+02
7.257552667982224648e+02
7.255689045778990476e+02
7.254463829769833865e+02
7.253818198668170680e+02
7.253725178680371073e+02
7.254172820866843949e+02
7.255156051629414833e+02
7.256672751421052681e+02
7.258721892247996266e+02
7.261302675064279128e+02
7.264414150175797431e+02
7.268055068335710303e+02
7.272223839364899050e+02
7.458327510492541705e+02
7.556634126504518463e+02
7.611746730384212469e+02
7.645443162320940473e+02
7.668362492738863239e+02
7.685707889638331380e+02
7.700029520668359737e+02
7.712582525848164323e+02
7.723989637257695904e+02
7.734564477674590535e+02
7.744469280487772949e+02
7.753791815901545306e+02
7.762582897334820018e+02
7.770874657381590396e+02
7.778689444741427224e+02
7.786044148712649076e+02
7.792952296083008150e+02
7.799425064029977648e+02
7.805471766561781806e+02
7.811100086138072811e+02
7.816316182708085307e+02
7.821124744489785598e+02
7.825529011784135491e+02
7.829530789113109677e+02
7.778762318126105129e+02
7.750734540583403032e+02
7.734115173568785622e+02
7.723384195071994327e+02
7.715856262555216745e+02
7.710227800659883997e+02
7.705868130699849416e+02
7.702473692031302335e+02
7.699899448705349414e+02
7.698076756608585356e+02
7.696973415600468797e+02
7.696574298919340436e+02
7.696872014416726415e+02
7.697862450915386034e+02
7.699542697834893943e+02
7.701910112233290420e+02
7.704961935124252932e+02
7.708695165343098097e+02
7.713106548814238295e+02
7.718192614082704495e+02
7.723949720589572507e+02
7.926715567660362467e+02
8.034204867113228374e+02
8.094813468211282270e+02
8.132170067889726397e+02
8.157817307505304143e+02
8.177399985725601255e+02
8.193684761884751424e+02
8.208033644037390104e+02
8.221122940483131742e+02
8.233294012922020784e+02
8.244724363007557031e+02
8.255511054445540822e+02
8.265711366298347684e+02
8.275362585202460650e+02
8.284491626139250684e+02
8.293119697062185196e+02
8.301264551306818475e+02
8.308941568190060707e+02
8.316164266206782258e+02
8.322944542987241903e+02
8.329292784902795574e+02
8.304912550542246663e+02
8.291164632010008972e+02
8.282848338710200551e+02
8.277431987227113268e+02
8.273685439607073704e+02
8.271012852548841465e+02
8.269127130483580004e+02
8.267891129741753957e+02
8.267240235690549071e+02
8.267144647383372558e+02
8.267591036229989641e+02
8.268573655362711179e+02
8.270090056678982364e+02
8.272139051849947009e+02
8.274719763586111867e+02
8.277831204010532247e+02
8.281472105243141186e+02
8.285640868011805651e+02
8.290335562803563789e+02
8.295553951612853325e+02
8.301293514721872953e+02
8.479383026702824964e+02
8.573778733051218524e+02
8.626982813015083593e+02
8.659747885280886521e+02
8.682212712179398295e+02
8.699336311361394110e+02
8.713549705105294834e+02
8.726049890489468908e+02
8.737431225838732871e+02
8.747993487538217323e+02
8.757892151937303424e+02
8.767211691804996008e+02
8.776001311411785082e+02
8.784292358087229786e+02
8.792106797321860086e+02
8.799461331407981106e+02
8.806369395874410202e+02
8.812842123364262079e+02
8.777487763876747522e+02
8.756982072745797723e+02
8.744033483900115016e+02
8.735093845149764320e+02
8.728440086429250186e+02
8.723238221346493901e+02
8.719086730630996271e+02
8.715793883433782412e+02
8.713269216745840140e+02
8.711470718048425397e+02
8.710379183419190667e+02
8.709985828250958093e+02
8.710286355366637281e+02
8.711278163935023713e+02
8.712959080424557214e+02
8.715326821573127063e+02
8.718378803918174071e+02
8.722112111950613098e+02
8.726523533394786227e+02
8.731609617194093289e+02
8.737366732744011415e+02
8.743791120087000763e+02
8.750878926188228206e+02
8.758626224990158562e+02
8.767029020138982105e+02
8.776083229794014642e+02
8.785784653122668715e+02
8.967298690841577127e+02
9.064537502137612819e+02
9.120229230649703140e+02
9.155239172557390930e+02
9.179763791782546605e+02
9.198793203764422515e+02
9.214776696496412569e+02
9.228923357159931129e+02
9.241836652087660013e+02
9.253823995857181899e+02
9.265047732944839254e+02
9.275598744486514988e+02
9.285532309814493601e+02
9.294885560087615204e+02
9.303685958798209867e+02
