-1.140296978199860831e+02
-1.371098443134571312e+02
-1.454479046936277484e+02
-1.484785516305009594e+02
-1.495982082403164384e+02
-1.500292472663654451e+02
-1.501612754832169969e+02
-1.501786334481932670e+02
-1.501544857117542051e+02
-1.501154279462245711e+02
-1.500711002760894530e+02
-1.500250101467021295e+02
-1.499785328775599567e+02
-1.499919175018054887e+02
-1.500266240084557694e+02
-1.500088844526039793e+02
-1.499725191839162619e+02
-1.499896743485999764e+02
-1.500258614900315024e+02
-1.500086506714505390e+02
-1.499724707506085224e+02
-1.499896940121029445e+02
-1.500259064181168469e+02
-1.500087042770742585e+02
-1.499725262795168135e+02
-1.499897499387757307e+02
-1.500259616877868893e+02
-1.500087589751282735e+02
-1.499725797166146322e+02
-1.499898026208549879e+02
-1.500260133219239265e+02
-1.500088099218899629e+02
-1.499726294456224878e+02
-1.499898516304291149e+02
-1.500260613442520992e+02
-1.500088573010697530e+02
-1.499726756996070947e+02
-1.499898972174191556e+02
-1.500261060084891938e+02
-1.500089013660551984e+02
-1.499727187250778968e+02
-1.499899396245733101e+02
-1.500261475534359761e+02
-1.500089423526779910e+02
-1.499727587507464364e+02
-1.499899790768347714e+02
-1.500261862001983957e+02
-1.500089804792404493e+02
-1.499727959884667143e+02
-1.499900157826124598e+02
-1.500262221535819549e+02
-1.500090159479426006e+02
-1.499728306345980968e+02
-1.499900499351153371e+02
-1.500262556034130341e+02
-1.500090489461883578e+02
-1.499728628712430236e+02
-1.499900817135599311e+02
-1.500262867257316941e+02
-1.500090796477636559e+02
-1.499728928673648056e+02
-1.499901112842616158e+02
-1.500263156838710188e+02
-1.500091082139033745e+02
-1.499729207798034452e+02
-1.499901388016277508e+02
-1.500263426294379769e+02
-1.500091347942601487e+02
-1.499729467541992278e+02
-1.499901644090604975e+02
-1.500263677032058354e+02
-1.500091595277865792e+02
-1.499729709258355683e+02
-1.499901882397819861e+02
-1.500263910359286967e+02
-1.500091825435399926e+02
-1.499729934204099493e+02
-1.499902104175892816e+02
-1.500264127490880810e+02
-1.500092039614203543e+02
-1.499730143547416219e+02
-1.499902310575481295e+02
-1.500264329555768938e+02
-1.500092238928461086e+02
-1.499730338374207292e+02
-1.499902502666292037e+02
-1.500264517603283139e+02
-1.500092424413758749e+02
-1.499730519694065833e+02
-1.499902681442951575e+02
-1.500264692608941743e+02
-1.500092597032795254e+02
-1.499730688445772557e+02
-1.499902847830398969e+02
-1.500264855479778987e+02
-1.500092757680653222e+02
-1.499730845502393208e+02
-1.499903002688891718e+02
-1.500265007059271625e+02
-1.500092907189663833e+02
-1.499730991675959899e+02
-1.499903146818605251e+02
-1.500265148131875605e+02
-1.500093046333889788e+02
-1.499731127721816790e+02
-1.499903280963899590e+02
-1.500265279427236749e+02
-1.500093175833287376e+02
-1.499731254342643183e+02
-1.499903405817276507e+02
-1.500265401624078550e+02
-1.500093296357542556e+02
-1.499731372192166532e+02
-1.499903522023027449e+02
-1.500265515353797241e+02
-1.500093408529627368e+02
-1.499731481878612271e+02
-1.499903630180628795e+02
-1.500265621203808735e+02
-1.500093512929102531e+02
-1.499731583967907795e+02
-1.499903730847892405e+02
-1.500265719720648860e+02
-1.500093610095181020e+02
-1.499731678986647125e+02
-1.499903824543879125e+02
-1.500265811412826338e+02
-1.500093700529543810e+02
-1.499731767424837301e+02
-1.499903911751606529e+02
-1.500265896753502659e+02
-1.500093784698989339e+02
-1.499731849738465996e+02
-1.499903992920574183e+02
-1.500265976182963641e+02
-1.500093863037871813e+02
-1.499731926351872744e+02
-1.499904068469093090e+02
-1.500266050110910498e+02
-1.500093935950364141e+02
-1.499731997659956733e+02
-1.499904138786469048e+02
-1.500266118918611369e+02
-1.500094003812579899e+02
-1.499732064030220897e+02
-1.499904204235004386e+02
-1.500266182960860988e+02
-1.500094066974515385e+02
-1.499732125804695499e+02
-1.499904265151901654e+02
-1.500266242567847712e+02
-1.500094125761880264e+02
-1.499732183301685495e+02
-1.499904321850975748e+02
-1.500266298046848021e+02
-1.500094180477784676e+02
-1.499732236817442015e+02
-1.499904374624309185e+02
-1.500266349683834903e+02
-1.500094231404316361e+02
-1.499732286627688325e+02
-1.499904423743748225e+02
-1.500266397744953224e+02
-1.500094278803998975e+02
-1.499732332989033239e+02
-1.499904469462298948e+02
-1.500266442477894486e+02
-1.500094322921152639e+02
-1.499732376140309213e+02
-1.499904512015442606e+02
-1.500266484113177796e+02
-1.500094363983155858e+02
-1.499732416303804996e+02
-1.499904551622357189e+02
-1.500266522865358638e+02
-1.500094402201636683e+02
-1.499732453686413010e+02
-1.499904588487037813e+02
-1.500266558934113732e+02
-1.500094437773546474e+02
-1.499732488480693462e+02
-1.499904622799352580e+02
-1.500266592505289509e+02
-1.500094470882192752e+02
-1.499732520865870526e+02
-1.499904654736020859e+02
-1.500266623751853388e+02
-1.500094501698177964e+02
-1.499732551008751784e+02
-1.499904684461523630e+02
-1.500266652834792751e+02
-1.500094530380286812e+02
-1.499732579064597360e+02
-1.499904712128953292e+02
-1.500266679903937757e+02
-1.500094557076299111e+02
-1.499732605177914593e+02
-1.499904737880804930e+02
-1.500266705098745206e+02
-1.500094581923759165e+02
-1.499732629483201833e+02
-1.499904761849702481e+02
-1.500266728549009656e+02
-1.500094605050684322e+02
-1.499732652105648754e+02
-1.499904784159092799e+02
-1.500266750375538152e+02
-1.500094626576224641e+02
-1.499732673161770151e+02
-1.499904804923868937e+02
-1.500266770690765270e+02
-1.500094646611270548e+02
-1.499732692760015595e+02
-1.499904824250973263e+02
-1.500266789599345429e+02
-1.500094665259042586e+02
-1.499732711001327914e+02
-1.499904842239943719e+02
-1.500266807198675565e+02
-1.500094682615597321e+02
-1.499732727979653930e+02
-1.499904858983424560e+02
-1.500266823579420361e+02
-1.500094698770355990e+02
-1.499732743782445539e+02
-1.499904874567650666e+02
-1.500266838825955631e+02
-1.500094713806533946e+02
-1.499732758491092000e+02
-1.499904889072882952e+02
-1.500266853016820789e+02
-1.500094727801590579e+02
-1.499732772181348537e+02
-1.499904902573823335e+02
-1.500266866225109084e+02
-1.500094740827614146e+02
-1.499732784923724296e+02
-1.499904915140005244e+02
-1.500266878518858960e+02
-1.500094752951707449e+02
-1.499732796783849835e+02
-1.499904926836146331e+02
-1.500266889961391428e+02
-1.500094764236319804e+02
-1.499732807822811083e+02
-1.499904937722488683e+02
-1.500266900611649703e+02
-1.500094774739583556e+02
-1.499732818097459983e+02
-1.499904947855092416e+02
