1.310429409666533651e+00
2.289726714239272098e+00
3.147292890930298626e+00
3.958857483076981154e+00
4.752052101040484366e+00
5.537487547044317893e+00
6.328066551418656260e+00
7.141310441178379875e+00
7.959543616644673136e+00
8.775946984935291795e+00
9.588146617320026266e+00
1.039546085427005373e+01
1.788518354252717302e+01
2.506978355772136524e+01
3.052837943238595386e+01
3.440606930670011820e+01
3.714389700731269528e+01
3.913094547226883435e+01
4.034172136365928907e+01
4.127168451037510266e+01
4.209805279587746440e+01
4.288414693596544680e+01
4.365289329784076244e+01
4.441345647019945631e+01
4.519680268990322958e+01
4.598501631069692053e+01
4.675375355327763316e+01
4.751308971055874508e+01
4.829677555611505113e+01
4.908569988119192118e+01
4.985471195032490499e+01
5.061412025203877363e+01
5.139780465843715973e+01
5.218669460948655114e+01
5.295571555317358303e+01
5.371512796367422737e+01
5.449878928544067946e+01
5.528764398818962889e+01
5.605666602217548444e+01
5.681608052512466855e+01
5.759972647519976618e+01
5.838855781171540826e+01
5.915758036445336643e+01
5.991699654652216367e+01
6.070063257686838654e+01
6.148944861466684131e+01
6.225847146503529927e+01
6.301788887881353673e+01
6.380151848291544070e+01
6.459032451216368997e+01
6.535934753830582622e+01
6.611876580993120456e+01
6.690239123942333777e+01
6.769119072616499011e+01
6.846021385850913532e+01
6.921963271170308474e+01
7.000325542526100264e+01
7.079205063846958979e+01
7.156107383629661456e+01
7.232049307784241421e+01
7.310411402301126316e+01
7.389290644645704731e+01
7.466192968532577368e+01
7.542134918388840958e+01
7.620496897708935080e+01
7.699375958018083566e+01
7.776278284509011485e+01
7.852220251281934793e+01
7.930582155539310918e+01
8.009461097104636451e+01
8.086363425262372573e+01
8.162305403131507830e+01
8.240667258469345313e+01
8.319546122592880977e+01
8.396448451824018377e+01
8.472390436955659254e+01
8.550752260408475536e+01
8.629631074033447646e+01
8.706533403958701456e+01
8.782475393837027866e+01
8.860837196506265911e+01
8.939715977204977548e+01
9.016618307580324654e+01
9.092560300558226061e+01
8.701207283279579485e+01
8.326112176857544966e+01
8.069418275704146026e+01
7.923059024243003989e+01
7.860338970343870812e+01
7.888721638690721250e+01
7.948790625277219135e+01
8.022607479951304299e+01
8.100483424941295141e+01
8.179468594233490819e+01
8.258490711732879674e+01
8.338450906962056308e+01
8.417848093695499756e+01
8.497926804886969876e+01
8.577398122033169159e+01
8.657485086909882455e+01
8.736964493816293498e+01
8.817043327885042459e+01
8.896524111689768688e+01
8.976596202636207522e+01
9.056078358367531678e+01
9.136145681329539059e+01
9.215629266931377117e+01
9.295693070608076880e+01
9.375177960494954732e+01
9.455239056245422091e+01
9.534725068599729525e+01
9.614784029205786453e+01
9.694270984326936969e+01
9.774328238447519368e+01
9.853815976561213574e+01
9.933871856185186289e+01
1.001336024077393461e+02
1.009341500818281503e+02
1.017290392467205749e+02
1.025295778954945831e+02
1.033244714267622584e+02
1.041250027388257990e+02
1.049198998487620429e+02
1.057204251901921026e+02
1.065153252297809132e+02
1.073158457089292881e+02
1.081107481447454290e+02
1.089112646625118401e+02
1.097061690569196202e+02
1.105066823464310204e+02
1.113015883408662035e+02
1.121020989991557570e+02
1.128970063001429196e+02
1.136975148136334610e+02
1.144924231811646820e+02
1.152929299462700214e+02
1.160878391841890220e+02
1.168883445240218606e+02
1.176832544720933242e+02
1.184837586500433702e+02
1.192786691774281564e+02
1.200791724082112921e+02
1.208740834081084898e+02
1.216745858667651277e+02
1.224694972520186269e+02
1.232699990812456718e+02
1.240649107807458762e+02
1.248654120968725891e+02
1.256603240526121112e+02
1.264608249504715189e+02
1.272557371151376628e+02
1.280562376720380087e+02
1.288511500070453621e+02
1.296516502860078504e+02
1.304465627598914352e+02
1.312470628122901815e+02
1.277606849628913324e+02
1.244302257382584003e+02
1.222142667695934506e+02
1.210034364538544764e+02
1.205121505607373535e+02
1.208570900516735094e+02
1.214920486205980836e+02
1.222240470147831815e+02
1.230054940962809127e+02
1.237930341981368798e+02
1.245911402343305241e+02
1.253855537025963542e+02
1.261852128705364038e+02
1.269801708653414636e+02
1.277798371561302986e+02
1.285743901741782622e+02
1.293745344466317420e+02
1.301692109489266613e+02
1.309694663537499935e+02
1.317641501371506365e+02
1.325644478318388337e+02
1.333591215598826523e+02
1.341594451507051531e+02
1.349541081682085633e+02
1.357544511011131760e+02
1.365491050512586355e+02
1.373494632625047132e+02
1.381441098149303173e+02
1.389444802917454922e+02
1.397391208453032334e+02
1.405395012297586561e+02
1.413341369202598798e+02
1.421345253327902753e+02
1.429291570782039003e+02
1.437295520081431732e+02
1.445241805506439903e+02
1.453245807781368342e+02
1.461192067184723840e+02
1.469196112555718230e+02
1.477142350805762021e+02
1.485146431255818982e+02
1.493092652301731107e+02
1.501096761316539130e+02
1.509042968364592241e+02
1.517047100646034608e+02
1.524993296301183250e+02
1.532997447537555047e+02
1.540943633917448494e+02
1.511616182225052398e+02
1.483780925523891483e+02
1.465318251205513604e+02
1.455455504619955889e+02
1.457212923059566378e+02
1.463007342222088880e+02
1.470175192098718924e+02
1.477787466814139350e+02
1.485520674437222510e+02
1.493263336714718434e+02
1.500978620517102797e+02
1.508657130442954895e+02
1.516542556640380610e+02
1.524405807499188086e+02
1.532139118284000858e+02
1.540044779029501285e+02
1.547801027481165193e+02
1.555712613686509656e+02
1.563468528166934561e+02
1.571378693436113281e+02
1.579133724597738251e+02
1.587042738940985771e+02
1.594797413977673557e+02
1.602705699452016290e+02
1.610460248264188294e+02
1.618368027741626634e+02
1.626122535438418595e+02
1.634029936118324429e+02
1.641784435323911282e+02
1.649691540814310997e+02
1.657446044497624769e+02
1.665352915219139334e+02
1.673107428292973111e+02
1.681014110264521264e+02
1.688768634096298626e+02
1.696675163389063812e+02
1.704429697750127559e+02
1.712336103103223763e+02
1.720090647079050825e+02
1.727996951611331440e+02
1.735751504044346234e+02
1.743657726461561879e+02
1.751412286167563934e+02
1.759318441657908636e+02
1.767073007527797017e+02
1.774979108449344665e+02
1.782733679491502983e+02
1.790639735912001811e+02
1.762050531212246653e+02
1.735017620772433702e+02
1.717165251888343960e+02
1.707683670075377904e+02
1.709335106072026065e+02
1.714862336115483288e+02
1.721714735639138496e+02
1.728998116501840059e+02
1.736399060178925140e+02
1.743808834164598807e+02
1.751191254285156447e+02
1.758536262211447649e+02
1.765845754669556129e+02
1.773490967807288143e+02
1.781221534012459244e+02
1.788688795805249754e+02
1.796039339540919002e+02
1.803704925569114152e+02
1.811447703904408684e+02
1.818919539604619331e+02
1.826271799976088346e+02
1.833937847137285075e+02
1.841680571688571604e+02
1.849152506542726258e+02
1.856504787238962422e+02
1.864170684423195894e+02
1.871913165611478291e+02
1.879385088931817904e+02
1.886737356595559731e+02
1.894403145210039838e+02
1.902145461494860399e+02
1.909617374909407204e+02
1.916969634907899547e+02
1.924635352918175784e+02
1.932377561079881616e+02
1.939849467780627208e+02
1.912462472671327021e+02
1.886755912096446082e+02
1.869911030069552282e+02
1.861074125932568961e+02
1.862554148027285805e+02
1.867648644544451031e+02
1.873992985621899550e+02
1.880750923395338532e+02
1.887626256343237685e+02
1.894515099005452612e+02
1.901382649466184489e+02
1.908219849284689644e+02
1.915051585766009339e+02
1.922344906994873099e+02
1.929769503411060043e+02
1.936810331282556206e+02
1.944136030875237964e+02
1.951136427032311076e+02
1.958451352295830645e+02
1.965446615941650634e+02
1.972765568935909073e+02
1.979761877063971269e+02
1.987083442317689617e+02
1.994080455827157721e+02
2.001403505152056539e+02
2.008400888571348730e+02
2.015724886536999918e+02
2.022722491776528386e+02
2.030047159083579231e+02
2.037044916933864158e+02
2.044370084431986925e+02
2.051367956531688321e+02
2.058693509920308600e+02
2.065691471508086181e+02
2.073017328179919332e+02
2.080015361539934986e+02
2.054301537620488318e+02
2.030346393489697903e+02
2.014784267770072574e+02
2.006735579948858401e+02
2.008021931864046508e+02
2.012602808722561463e+02
2.018338896489611898e+02
2.024465542887120932e+02
2.030708286693950413e+02
2.036969511525185510e+02
2.043216263011499620e+02
2.049441558225387041e+02
2.056216996352942488e+02
2.062785268380377204e+02
2.069678811219314127e+02
2.076140694719226190e+02
2.082985493955352467e+02
2.089428268743262436e+02
2.096272965363469609e+02
2.102715251341759313e+02
2.109563582559687518e+02
2.116006999062075238e+02
2.122857607520006695e+02
2.129301738774514661e+02
2.136153742257048123e+02
2.142598307107494975e+02
2.149451249002830764e+02
2.155896106955325138e+02
2.162749728017577979e+02
2.169194801985572099e+02
2.176048936750422342e+02
2.182494178105114031e+02
2.189348711603250877e+02
2.195794086204861060e+02
2.202648934118486466e+02
2.209094416325554846e+02
2.189770435588334863e+02
2.171922156936228419e+02
2.160728386302349691e+02
2.155456296597251367e+02
2.157291654809501722e+02
2.161652002244713628e+02
2.166905986337653474e+02
2.172463659785271375e+02
2.178110797216784249e+02
2.183770622390566700e+02
2.189417544311383494e+02
2.195048430232653232e+02
2.201324117858767124e+02
2.207786887630964827e+02
2.213718068358706148e+02
2.219447867132485328e+02
2.225770921056088127e+02
2.232270185084338152e+02
2.238214793718330782e+02
2.243949830413558573e+02
2.250274842395937185e+02
2.256774825222131255e+02
2.262719721221207010e+02
2.268454817390142750e+02
2.250818580395570336e+02
2.234704028404869121e+02
2.224727554484223049e+02
2.220153523083126288e+02
2.222264568981236152e+02
2.226418650205498864e+02
2.231275599005395804e+02
2.236354790369757950e+02
2.241484293385180706e+02
2.246604095760733060e+02
2.251695051699529131e+02
2.256753060405731048e+02
2.261779670998216716e+02
2.266778919314325833e+02
2.271758521756229072e+02
2.277436200443972325e+02
2.282701972449606558e+02
2.288504897083088565e+02
2.293785324477719882e+02
2.299592306482573463e+02
2.304862443937179819e+02
2.310664552436201689e+02
2.315930730573394669e+02
2.321730579655363442e+02
2.306183474362975687e+02
2.291954451950733755e+02
2.283194634231826967e+02
2.279228181220861131e+02
2.281163926308726673e+02
2.284809715182974799e+02
2.289039205929313709e+02
2.293447324999733894e+02
2.297889243335450260e+02
2.302314852567835999e+02
2.306708755550001797e+02
2.311068351187593635e+02
2.315395775641231069e+02
2.319694971025491270e+02
2.323970867465546917e+02
2.328230991459736288e+02
2.333213511279637942e+02
2.337743976654622884e+02
2.342894438650181428e+02
2.347598482514124498e+02
2.352802000663942863e+02
2.357389184903354646e+02
2.362545005444554533e+02
2.367114275288254817e+02
2.372264038734193718e+02
2.376831097411108829e+02
2.381981558790076861e+02
2.386548967356085882e+02
2.391700710673898129e+02
2.396268694465130125e+02
2.401421475659376483e+02
2.405989939316370112e+02
2.411143505449513498e+02
2.415712346629613592e+02
2.420866512501090710e+02
2.425435653003135030e+02
2.411857155955335941e+02
2.399703911979474924e+02
2.392398273299244522e+02
2.389256518353385843e+02
2.391186615289491613e+02
2.394252013241564043e+02
2.397715902273102699e+02
2.401303016108185489e+02
2.404911897321564425e+02
2.408506831896166887e+02
2.412077118981559067e+02
2.415621636841145801e+02
2.419142977147540989e+02
2.422645362530724071e+02
2.426134878639970793e+02
2.429646603136917520e+02
2.434008779404337588e+02
2.438648756242766353e+02
2.442544959116468704e+02
2.446984078831204954e+02
2.450801325908826414e+02
2.455238332644777870e+02
2.459054670939397624e+02
2.463499601231193026e+02
2.467319075366650338e+02
2.471768031505708336e+02
2.475589194899399672e+02
2.480040310599687245e+02
2.483862446799974180e+02
2.488314919285460292e+02
2.492137709421549232e+02
2.496591131576894043e+02
2.500414405985828523e+02
2.504868533619572588e+02
2.508692184601112842e+02
2.513146853816320743e+02
2.516970804827267045e+02
2.521425897955773507e+02
2.525250091045419936e+02
2.529705520076919640e+02
2.533529909809300875e+02
2.537985607172680318e+02
2.541810157215293202e+02
2.546266070122026974e+02
2.550090751095131907e+02
2.554546837812017657e+02
2.558371625808735530e+02
2.562827853068121158e+02
2.551057102837960997e+02
2.540571369223136173e+02
2.534319753365319059e+02
2.531652589112030114e+02
2.533290482488380633e+02
2.535695357344210663e+02
2.538370928346527649e+02
2.541125707158858802e+02
2.543887737567815464e+02
2.546631820248465203e+02
2.549351088968531087e+02
2.552045873122631860e+02
2.554719305362860098e+02
2.557375632746253871e+02
2.560019815071952962e+02
2.562659130407887460e+02
2.565901304364401767e+02
2.569640438476428699e+02
2.572664902406953615e+02
2.576279284716596862e+02
2.579256579359987995e+02
2.582912712252259553e+02
2.585906042466657482e+02
2.589570850486091445e+02
2.583019825966758845e+02
2.577340815144729049e+02
2.574356789375207200e+02
2.573630739527883975e+02
2.575653576370215205e+02
2.577710760689436142e+02
2.579780930855378074e+02
2.581841281788518927e+02
2.583880312483194643e+02
2.585894589992821579e+02
2.587885107342920037e+02
2.589855020575905087e+02
2.591808450612052752e+02
2.593749958855556770e+02
2.595684612031157030e+02
2.597620152785752907e+02
2.600412630845011108e+02
2.602677779974745818e+02
2.605676262906032434e+02
2.608191849767931672e+02
2.611270775469595833e+02
2.613605700626428643e+02
2.616597816614988119e+02
2.618901045102203966e+02
2.621892222045438530e+02
2.624195594852952809e+02
2.627192601301636046e+02
2.629498548351066916e+02
2.632499090163111077e+02
2.634806683861008878e+02
2.637809306767795192e+02
2.640117951599582398e+02
2.643121931011351080e+02
2.645431315398282663e+02
2.648436255449464625e+02
2.650746197338615957e+02
2.647266371718187656e+02
2.644565926347943901e+02
2.643626751694108066e+02
2.645434687014180781e+02
2.648254905907933221e+02
2.650247763105816716e+02
2.651937519951216586e+02
2.653503796058952844e+02
2.655010391792191058e+02
2.656481958183274514e+02
2.657929959264382092e+02
2.659361412782853336e+02
2.660781826367392568e+02
2.662196314823723924e+02
2.663610773912300260e+02
2.665043902127217166e+02
2.667432928158451091e+02
2.670143464483949742e+02
2.672017608889752296e+02
2.673626508177962364e+02
2.676084947285181670e+02
2.678822496004518712e+02
2.680704788460396344e+02
2.682296209164366019e+02
2.680960687498346715e+02
2.680272127227602823e+02
2.680694080591883903e+02
2.682837220233943185e+02
2.684173332953470776e+02
2.685278025446413039e+02
2.686316458013627084e+02
2.687335501274199601e+02
2.688348857735119850e+02
2.689361919705434048e+02
2.690379354316832519e+02
2.691416806425552863e+02
2.693423529724221339e+02
2.695757465957569821e+02
2.697244432859960170e+02
2.698456184063502974e+02
2.700532448912447876e+02
2.702894552643527391e+02
2.704390451955040930e+02
2.705593429845571904e+02
2.707665712126921562e+02
2.710024910969693792e+02
2.711519266869213993e+02
2.712718695148727193e+02
2.711778306090549790e+02
2.711466779533428735e+02
2.712078823730504951e+02
2.714073546102530941e+02
2.716621382766156785e+02
2.717967342642318158e+02
2.718881906944963589e+02
2.719632599175852192e+02
2.720314664041394508e+02
2.720963932088333763e+02
2.721595744351605504e+02
2.722218362732247670e+02
2.722837629597971159e+02
2.723458882477250995e+02
2.724089894680986959e+02
2.725627490958413546e+02
2.726609369105179326e+02
2.728353360185239467e+02
2.729501555780578315e+02
2.731302114745282097e+02
2.732346617459386380e+02
2.734106451459748541e+02
2.735135224470507751e+02
2.736888931610390614e+02
2.737511512601740264e+02
2.738415531152030553e+02
2.740424719038168746e+02
2.742910193530272522e+02
2.744071177666699555e+02
2.744762054947849492e+02
2.745279174090568404e+02
2.745727678409915029e+02
2.746146689899258035e+02
2.746552540863087302e+02
2.746953727346132723e+02
2.747356230360489349e+02
2.747656548489134138e+02
2.748488892176557101e+02
2.750350557225513057e+02
2.752660680222884366e+02
2.753615411949245413e+02
2.754089429973323035e+02
2.754386384067924496e+02
2.754614040296480084e+02
2.754812468105928929e+02
2.754998339550324431e+02
2.755180252484334460e+02
2.755364142469224475e+02
2.756383138347740669e+02
2.758383401696075907e+02
2.760840459628865347e+02
2.761785802165235282e+02
2.762196011618663647e+02
2.762413653226591350e+02
2.762561131555635825e+02
2.762683858692220156e+02
2.762800390324361501e+02
2.762920292106464331e+02
2.763052713863327767e+02
2.764111450566492181e+02
2.765281957188916522e+02
2.767235855749040070e+02
2.769624970284692154e+02
2.770471092954564938e+02
2.770780251444719511e+02
2.770901183844133584e+02
2.770957151479504432e+02
2.770993322312402825e+02
2.771028100258236009e+02
2.771072368246689166e+02
2.771216386421575066e+02
2.772301084238285398e+02
2.773706628102296463e+02
2.774238522307792891e+02
2.775407038546484273e+02
2.775847095383463738e+02
2.777008859404323289e+02
2.777446985355685456e+02
2.778618044839060417e+02
2.779060250985118046e+02
2.780236017366072474e+02
2.780680475530961644e+02
2.781858691829411896e+02
2.782304466757794899e+02
2.783484182437406957e+02
2.783930850803569115e+02
2.785111597892714030e+02
2.785558930970219649e+02
2.786740435807628842e+02
2.787188286734884741e+02
2.788370369002872167e+02
2.788818632694013218e+02
2.790001164619857263e+02
2.790449761250282563e+02
2.791632648166132071e+02
2.792081515076811229e+02
2.793264684804780131e+02
2.793713771893371245e+02
2.794897168338019355e+02
2.795346435117269266e+02
2.796530014103738040e+02
2.796979427659571229e+02
2.798163154077639660e+02
2.798612687564177008e+02
2.799796533324559960e+02
2.800246164808180538e+02
2.801430107332396915e+02
2.801879818879436357e+02
2.802862500132061996e+02
2.804691049358203259e+02
2.806992801835551177e+02
2.807740487478259865e+02
2.807953386348513050e+02
2.807982461025125076e+02
2.807951042064439662e+02
2.807904110353584315e+02
2.807860579206256375e+02
2.807842311367692218e+02
2.808809817503064323e+02
2.810114475718126528e+02
2.811398030127004404e+02
2.813297943764738420e+02
2.815559515921327147e+02
2.816256662053812647e+02
2.816405736282491148e+02
2.816360739217975606e+02
2.816247286805905787e+02
2.816111569124250309e+02
2.815972252678458290e+02
2.815838972600100192e+02
2.815722335199714053e+02
2.816579585499183054e+02
2.817731920958113960e+02
2.819526957854386637e+02
2.821717032648044210e+02
2.822321201951206149e+02
2.822375277366631394e+02
2.822238083322412763e+02
2.822036297862840115e+02
2.821816211776189220e+02
2.821596589561692099e+02
2.821388662591450611e+02
2.821455551727279953e+02
2.822349097877411168e+02
2.823108409464546185e+02
2.824167031183653762e+02
2.825700687085055165e+02
2.827519648879555234e+02
2.827816184952365006e+02
2.827587615013158597e+02
