1.310425398775563188e+00
2.289709839940689662e+00
3.147252788361373899e+00
3.958778752011186786e+00
4.751885845049755197e+00
5.536944692616656560e+00
6.319075312955067858e+00
7.127990590602442111e+00
7.946727922257094789e+00
8.765569964401318970e+00
9.580853566100726582e+00
1.039137693613852242e+01
1.119689190592151462e+01
1.199757007368471307e+01
1.279911717038505081e+01
1.359814824339471606e+01
1.439933207008550653e+01
1.519818054589202028e+01
1.599934468882011629e+01
1.679822847281153031e+01
1.759936105097307291e+01
1.839819659690962794e+01
1.919935036744225343e+01
1.999822349919134723e+01
2.079935944170745188e+01
2.159820188208122005e+01
2.239935217482892682e+01
2.319821936489740821e+01
2.399935806679799555e+01
2.479820525838016465e+01
2.559935332216776516e+01
2.639821665304144815e+01
2.719935716087239541e+01
2.799820745636585428e+01
2.879935406665409658e+01
2.959821488386490529e+01
3.039935656825924681e+01
3.119820888828261118e+01
3.199935455063524259e+01
3.279821373004069329e+01
3.359935618109130928e+01
3.439820982136936323e+01
3.519935486557677962e+01
3.599821297763953254e+01
3.679935592833459879e+01
3.759821042949514691e+01
3.839935507064924991e+01
3.919821248704941752e+01
3.999935576340711663e+01
4.079821082587037040e+01
4.159935520423593402e+01
4.239821216718910790e+01
4.319935565582414227e+01
4.399821108424259819e+01
4.479935529127907756e+01
4.559821195865205823e+01
4.639935558566204321e+01
4.719821125266578576e+01
4.799935534800493286e+01
4.879821182269753876e+01
4.959935553991093116e+01
5.039821136245727473e+01
5.119935538497722405e+01
5.199821173406444785e+01
5.279935551008034622e+01
5.359821143402914601e+01
5.439935540907647038e+01
5.519821167628243330e+01
5.599935549063139462e+01
5.679821148068655390e+01
5.759935542478556414e+01
5.839821163861326880e+01
5.919935547795154207e+01
5.999821151110251805e+01
6.079935543502585205e+01
6.159821161405616863e+01
6.239935546968504809e+01
6.319821153093078436e+01
6.399935544170133284e+01
6.479821159804708941e+01
6.559935546429588271e+01
6.639821154385691671e+01
6.719935544605301914e+01
6.799821158761058371e+01
6.879935546078256436e+01
6.959821155228354428e+01
7.039935544888987806e+01
7.119821158080691248e+01
7.199935545849217533e+01
7.279821155777690933e+01
7.359935545073921048e+01
7.439821157637153703e+01
7.519935545699902946e+01
7.599821156135807598e+01
7.679935545194480540e+01
7.759821157348005727e+01
7.839935545602563138e+01
7.919821156369266646e+01
7.999935545273073956e+01
8.079821157159508971e+01
8.159935545539104851e+01
8.239821156521459500e+01
8.319935545324308634e+01
8.399821157036625152e+01
8.479935545497735916e+01
8.559821156620675708e+01
8.639935545357708691e+01
8.719821156956516006e+01
8.799935545470766840e+01
8.879821156685353856e+01
8.959935545379481425e+01
9.039821156904291399e+01
9.119935545453185455e+01
9.199821156727519167e+01
9.279935545393675511e+01
9.359821156870245318e+01
9.439935545441723264e+01
9.519821156755006086e+01
9.599935545402927062e+01
9.679821156848049668e+01
9.759935545434250059e+01
9.839821156772923416e+01
9.919935545408958433e+01
9.999821156833580460e+01
1.007993554542937886e+02
1.015982115678460502e+02
1.023993554541289086e+02
1.031982115682414758e+02
1.039993554542620160e+02
1.047982115679221948e+02
1.055993554541545336e+02
1.063982115681799741e+02
1.071993554542413136e+02
1.079982115679718220e+02
1.087993554541712342e+02
1.095982115681398739e+02
1.103993554542278019e+02
1.111982115680041829e+02
1.119993554541821226e+02
1.127982115681137287e+02
1.135993554542189941e+02
1.143982115680252747e+02
1.151993554541892166e+02
1.159982115680966785e+02
1.167993554542132415e+02
1.175982115680390052e+02
1.183993554541938238e+02
1.191982115680855685e+02
1.199993554542094927e+02
1.207982115680479609e+02
1.215993554541968393e+02
1.223982115680783096e+02
1.231993554542070513e+02
1.239982115680538044e+02
1.247993554541987891e+02
1.255982115680735802e+02
1.263993554542054483e+02
1.271982115680576015e+02
1.279993554542000567e+02
1.287982115680704851e+02
1.295993554542043853e+02
1.303982115680600771e+02
1.311993554542009122e+02
1.319982115680685126e+02
1.327993554542037486e+02
1.335982115680617426e+02
1.343993554542014977e+02
1.351982115680672507e+02
1.359993554542033678e+02
1.367982115680628397e+02
1.375993554542018842e+02
1.383982115680664435e+02
1.391993554542031291e+02
1.399982115680635957e+02
1.407993554542021855e+02
1.415982115680659490e+02
1.423993554542030040e+02
1.431982115680640675e+02
1.439993554542023730e+02
1.447982115680656250e+02
1.455993554542029074e+02
1.463982115680644256e+02
1.471993554542025322e+02
1.479982115680654431e+02
1.487993554542028676e+02
1.495982115680646416e+02
1.503993554542026345e+02
1.511982115680653180e+02
1.519993554542028562e+02
1.527982115680648292e+02
1.535993554542027084e+02
1.543982115680652498e+02
1.551993554542028733e+02
1.559982115680649599e+02
1.567993554542027823e+02
1.575982115680652385e+02
1.583993554542028903e+02
1.591982115680650338e+02
1.599993554542028562e+02
1.607982115680652555e+02
1.615993554542029358e+02
1.623982115680651361e+02
1.631993554542029017e+02
1.639982115680652726e+02
1.647993554542029813e+02
1.655982115680651816e+02
1.663993554542029472e+02
1.671982115680652896e+02
1.679993554542029983e+02
1.687982115680652555e+02
1.695993554542030211e+02
1.703982115680653351e+02
1.711993554542030438e+02
1.719982115680653010e+02
1.727993554542030665e+02
1.735982115680653521e+02
1.743993554542030893e+02
1.751982115680653465e+02
1.759993554542031120e+02
1.767982115680653976e+02
1.775993554542031347e+02
1.783982115680654204e+02
1.791993554542031575e+02
1.799982115680654431e+02
1.807993554542031802e+02
1.815982115680654658e+02
1.823993554542032030e+02
1.831982115680654886e+02
1.839993554542032257e+02
1.847982115680655113e+02
1.855993554542032484e+02
1.863982115680655340e+02
1.871993554542032712e+02
1.879982115680655568e+02
1.887993554542032939e+02
1.895982115680655795e+02
1.903993554542033166e+02
1.911982115680656023e+02
1.919993554542033394e+02
1.927982115680656250e+02
1.935993554542033621e+02
1.943982115680656477e+02
1.951993554542033849e+02
1.959982115680656705e+02
1.967993554542034076e+02
1.975982115680656932e+02
1.983993554542034303e+02
1.991982115680657159e+02
1.999993554542034531e+02
2.007982115680657387e+02
2.015993554542034758e+02
2.023982115680657614e+02
2.031993554542034985e+02
2.039982115680657841e+02
2.047993554542035213e+02
2.055982115680658069e+02
2.063993554542035440e+02
2.071982115680658296e+02
2.079993554542035668e+02
2.087982115680658524e+02
2.095993554542035895e+02
2.103982115680658751e+02
2.111993554542036122e+02
2.119982115680658978e+02
2.127993554542036350e+02
2.135982115680659206e+02
2.143993554542036577e+02
2.151982115680659433e+02
2.159993554542036804e+02
2.167982115680659660e+02
2.175993554542037032e+02
2.183982115680659888e+02
2.191993554542037259e+02
2.199982115680660115e+02
2.207993554542037486e+02
2.215982115680660343e+02
2.223993554542037714e+02
2.231982115680660570e+02
2.239993554542037941e+02
2.247982115680660797e+02
2.255993554542038169e+02
2.263982115680661025e+02
2.271993554542038396e+02
2.279982115680661252e+02
2.287993554542038623e+02
2.295982115680661479e+02
2.303993554542038851e+02
2.311982115680661707e+02
2.319993554542039078e+02
2.327982115680661934e+02
2.335993554542039305e+02
2.343982115680662162e+02
2.351993554542039533e+02
2.359982115680662389e+02
2.367993554542039760e+02
2.375982115680662616e+02
2.383993554542039988e+02
2.391982115680662844e+02
2.399993554542040215e+02
2.407982115680663071e+02
2.415993554542040442e+02
2.423982115680663298e+02
2.431993554542040670e+02
2.439982115680663526e+02
2.447993554542040897e+02
2.455982115680663753e+02
2.463993554542041124e+02
2.471982115680663981e+02
2.479993554542041352e+02
2.487982115680664208e+02
2.495993554542041579e+02
2.503982115680664435e+02
2.511993554542041807e+02
2.519982115680664663e+02
2.527993554542042034e+02
2.535982115680664890e+02
2.543993554542042261e+02
2.551982115680665117e+02
2.559993554542042489e+02
2.567982115680665061e+02
2.575993554542042716e+02
2.583982115680665288e+02
2.591993554542042943e+02
2.599982115680665515e+02
2.607993554542043171e+02
2.615982115680665743e+02
2.623993554542043398e+02
2.631982115680665970e+02
2.639993554542043626e+02
2.647982115680666197e+02
2.655993554542043853e+02
2.663982115680666425e+02
2.671993554542044080e+02
2.679982115680666652e+02
2.687993554542044308e+02
2.695982115680666880e+02
2.703993554542044535e+02
2.711982115680667107e+02
2.719993554542044762e+02
2.727982115680667334e+02
2.735993554542044990e+02
2.743982115680667562e+02
2.751993554542045217e+02
2.759982115680667789e+02
2.767993554542045445e+02
2.775982115680668016e+02
2.783993554542045672e+02
2.791982115680668244e+02
2.799993554542045899e+02
2.807982115680668471e+02
2.815993554542046127e+02
2.823982115680668699e+02
2.831993554542046354e+02
2.839982115680668926e+02
2.847993554542046581e+02
2.855982115680669153e+02
2.863993554542046809e+02
2.871982115680669381e+02
2.879993554542047036e+02
2.887982115680669608e+02
2.895993554542047264e+02
2.903982115680669835e+02
2.911993554542047491e+02
2.919982115680670063e+02
2.927993554542047718e+02
2.935982115680670290e+02
2.943993554542047946e+02
2.951982115680670518e+02
2.959993554542048173e+02
2.967982115680670745e+02
2.975993554542048400e+02
2.983982115680670972e+02
2.991993554542048628e+02
2.999982115680671200e+02
3.007993554542048855e+02
3.015982115680671427e+02
3.023993554542049083e+02
3.031982115680671654e+02
3.039993554542049310e+02
3.047982115680671882e+02
3.055993554542049537e+02
3.063982115680672109e+02
3.071993554542049765e+02
3.079982115680672337e+02
3.087993554542049992e+02
3.095982115680672564e+02
3.103993554542050219e+02
3.111982115680672791e+02
3.119993554542050447e+02
3.127982115680673019e+02
3.135993554542050674e+02
3.143982115680673246e+02
3.151993554542050902e+02
3.159982115680673473e+02
3.167993554542051129e+02
3.175982115680673701e+02
3.183993554542051356e+02
3.191982115680673928e+02
3.199993554542051584e+02
3.207982115680674156e+02
3.215993554542051811e+02
3.223982115680674383e+02
3.231993554542052038e+02
3.239982115680674610e+02
3.247993554542052266e+02
3.255982115680674838e+02
3.263993554542052493e+02
3.271982115680675065e+02
3.279993554542052721e+02
3.287982115680675292e+02
3.295993554542052948e+02
3.303982115680675520e+02
3.311993554542053175e+02
3.319982115680675747e+02
3.327993554542053403e+02
3.335982115680675975e+02
3.343993554542053630e+02
3.351982115680676202e+02
3.359993554542053857e+02
3.367982115680676429e+02
3.375993554542054085e+02
3.383982115680676657e+02
3.391993554542054312e+02
3.399982115680676884e+02
3.407993554542054540e+02
3.415982115680677111e+02
3.423993554542054767e+02
3.431982115680677339e+02
3.439993554542054994e+02
3.447982115680677566e+02
3.455993554542055222e+02
3.463982115680677794e+02
3.471993554542055449e+02
3.479982115680678021e+02
3.487993554542055676e+02
3.495982115680678248e+02
3.503993554542055904e+02
3.511982115680678476e+02
3.519993554542056131e+02
3.527982115680678703e+02
3.535993554542056359e+02
3.543982115680678930e+02
3.551993554542056586e+02
3.559982115680679158e+02
3.567993554542056813e+02
3.575982115680679385e+02
3.583993554542057041e+02
3.591982115680679613e+02
3.599993554542057268e+02
3.607982115680679840e+02
3.615993554542057495e+02
3.623982115680680067e+02
3.631993554542057723e+02
3.639982115680680295e+02
3.647993554542057950e+02
3.655982115680680522e+02
3.663993554542058178e+02
3.671982115680680749e+02
3.679993554542058405e+02
3.687982115680680977e+02
3.695993554542058632e+02
3.703982115680681204e+02
3.711993554542058860e+02
3.719982115680681432e+02
3.727993554542059087e+02
3.735982115680681659e+02
3.743993554542059314e+02
3.751982115680681886e+02
3.759993554542059542e+02
3.767982115680682114e+02
3.775993554542059769e+02
3.783982115680682341e+02
3.791993554542059996e+02
3.799982115680682568e+02
3.807993554542060224e+02
3.815982115680682796e+02
3.823993554542060451e+02
3.831982115680683023e+02
3.839993554542060679e+02
3.847982115680683251e+02
3.855993554542060906e+02
3.863982115680683478e+02
3.871993554542061133e+02
3.879982115680683705e+02
3.887993554542061361e+02
3.895982115680683933e+02
3.903993554542061588e+02
3.911982115680684160e+02
3.919993554542061815e+02
3.927982115680684387e+02
3.935993554542062043e+02
3.943982115680684615e+02
3.951993554542062270e+02
3.959982115680684842e+02
3.967993554542062498e+02
3.975982115680685069e+02
3.983993554542062725e+02
3.991982115680685297e+02
3.999993554542062952e+02
4.007982115680685524e+02
4.015993554542063180e+02
4.023982115680685752e+02
4.031993554542063407e+02
4.039982115680685979e+02
4.047993554542063634e+02
4.055982115680686206e+02
4.063993554542063862e+02
4.071982115680686434e+02
4.079993554542064089e+02
4.087982115680686661e+02
4.095993554542064317e+02
4.103982115680686888e+02
4.111993554542064544e+02
4.119982115680687116e+02
4.127993554542064771e+02
4.135982115680687343e+02
4.143993554542064999e+02
4.151982115680687571e+02
4.159993554542065226e+02
4.167982115680687798e+02
4.175993554542065453e+02
4.183982115680688025e+02
4.191993554542065681e+02
4.199982115680688253e+02
4.207993554542065908e+02
4.215982115680688480e+02
4.223993554542066136e+02
4.231982115680688707e+02
4.239993554542066363e+02
4.247982115680688935e+02
4.255993554542066590e+02
4.263982115680689162e+02
4.271993554542066818e+02
4.279982115680689390e+02
4.287993554542067045e+02
4.295982115680689617e+02
4.303993554542067272e+02
4.311982115680689844e+02
4.319993554542067500e+02
4.327982115680690072e+02
4.335993554542067727e+02
4.343982115680690299e+02
4.351993554542067955e+02
4.359982115680690526e+02
4.367993554542068182e+02
4.375982115680690754e+02
4.383993554542068409e+02
4.391982115680690981e+02
4.399993554542068637e+02
4.407982115680691209e+02
4.415993554542068864e+02
4.423982115680691436e+02
4.431993554542069091e+02
4.439982115680691663e+02
4.447993554542069319e+02
4.455982115680691891e+02
4.463993554542069546e+02
4.471982115680692118e+02
4.479993554542069774e+02
4.487982115680692345e+02
4.495993554542070001e+02
4.503982115680692573e+02
4.511993554542070228e+02
4.519982115680692800e+02
4.527993554542070456e+02
4.535982115680693028e+02
4.543993554542070683e+02
4.551982115680693255e+02
4.559993554542070910e+02
4.567982115680693482e+02
4.575993554542071138e+02
4.583982115680693710e+02
4.591993554542071365e+02
4.599982115680693937e+02
4.607993554542071593e+02
4.615982115680694164e+02
4.623993554542071820e+02
4.631982115680694392e+02
4.639993554542072047e+02
4.647982115680694619e+02
4.655993554542072275e+02
4.663982115680694847e+02
4.671993554542072502e+02
4.679982115680695074e+02
4.687993554542072729e+02
4.695982115680695301e+02
4.703993554542072957e+02
4.711982115680695529e+02
4.719993554542073184e+02
4.727982115680695756e+02
4.735993554542073412e+02
4.743982115680695983e+02
4.751993554542073639e+02
4.759982115680696211e+02
4.767993554542073866e+02
4.775982115680696438e+02
4.783993554542074094e+02
4.791982115680696666e+02
4.799993554542074321e+02
4.807982115680696893e+02
4.815993554542074548e+02
4.823982115680697120e+02
4.831993554542074776e+02
4.839982115680697348e+02
4.847993554542075003e+02
4.855982115680697575e+02
4.863993554542075231e+02
4.871982115680697802e+02
4.879993554542075458e+02
4.887982115680698030e+02
4.895993554542075685e+02
4.903982115680698257e+02
4.911993554542075913e+02
4.919982115680698485e+02
4.927993554542076140e+02
4.935982115680698712e+02
4.943993554542076367e+02
4.951982115680698939e+02
4.959993554542076595e+02
4.967982115680699167e+02
4.975993554542076822e+02
4.983982115680699394e+02
4.991993554542077050e+02
4.999982115680699621e+02
5.007993554542077277e+02
5.015982115680699849e+02
5.023993554542077504e+02
5.031982115680700076e+02
5.039993554542077732e+02
5.047982115680700304e+02
5.055993554542077959e+02
5.063982115680700531e+02
5.071993554542078186e+02
5.079982115680700758e+02
5.087993554542078414e+02
5.095982115680700986e+02
5.103993554542078641e+02
5.111982115680701213e+02
5.119993554542078869e+02
5.127982115680702009e+02
5.135993554542078527e+02
5.143982115680701099e+02
5.151993554542077618e+02
5.159982115680700190e+02
5.167993554542076708e+02
5.175982115680699280e+02
5.183993554542075799e+02
5.191982115680698371e+02
5.199993554542074889e+02
5.207982115680697461e+02
5.215993554542073980e+02
5.223982115680696552e+02
5.231993554542073070e+02
5.239982115680695642e+02
5.247993554542072161e+02
5.255982115680694733e+02
5.263993554542071251e+02
5.271982115680693823e+02
5.279993554542070342e+02
5.287982115680692914e+02
5.295993554542069433e+02
5.303982115680692004e+02
5.311993554542068523e+02
5.319982115680691095e+02
5.327993554542067614e+02
5.335982115680690185e+02
5.343993554542066704e+02
5.351982115680689276e+02
5.359993554542065795e+02
5.367982115680688366e+02
5.375993554542064885e+02
5.383982115680687457e+02
5.391993554542063976e+02
5.399982115680686547e+02
5.407993554542063066e+02
5.415982115680685638e+02
5.423993554542062157e+02
5.431982115680684728e+02
5.439993554542061247e+02
5.447982115680683819e+02
5.455993554542060338e+02
5.463982115680682909e+02
5.471993554542059428e+02
5.479982115680682000e+02
5.487993554542058519e+02
5.495982115680681090e+02
5.503993554542057609e+02
5.511982115680680181e+02
5.519993554542056700e+02
5.527982115680679271e+02
5.535993554542055790e+02
5.543982115680678362e+02
5.551993554542054881e+02
5.559982115680677452e+02
5.567993554542053971e+02
5.575982115680676543e+02
5.583993554542053062e+02
5.591982115680675633e+02
5.599993554542052152e+02
5.607982115680674724e+02
5.615993554542051243e+02
5.623982115680673814e+02
5.631993554542050333e+02
5.639982115680672905e+02
5.647993554542049424e+02
5.655982115680671996e+02
5.663993554542048514e+02
5.671982115680671086e+02
5.679993554542047605e+02
5.687982115680670177e+02
5.695993554542046695e+02
5.703982115680669267e+02
5.711993554542045786e+02
5.719982115680668358e+02
5.727993554542044876e+02
5.735982115680667448e+02
5.743993554542043967e+02
5.751982115680666539e+02
5.759993554542043057e+02
5.767982115680665629e+02
5.775993554542042148e+02
5.783982115680664720e+02
5.791993554542041238e+02
5.799982115680663810e+02
5.807993554542040329e+02
5.815982115680662901e+02
5.823993554542039419e+02
5.831982115680661991e+02
5.839993554542038510e+02
5.847982115680661082e+02
5.855993554542037600e+02
5.863982115680660172e+02
5.871993554542036691e+02
5.879982115680659263e+02
5.887993554542035781e+02
5.895982115680658353e+02
5.903993554542034872e+02
5.911982115680657444e+02
5.919993554542033962e+02
5.927982115680656534e+02
5.935993554542033053e+02
5.943982115680655625e+02
5.951993554542032143e+02
5.959982115680654715e+02
5.967993554542031234e+02
5.975982115680653806e+02
5.983993554542030324e+02
5.991982115680652896e+02
5.999993554542029415e+02
6.007982115680651987e+02
