1.310429409666533651e+00
2.289726714239272098e+00
3.147292890930298626e+00
3.958857483076981154e+00
4.752052101040484366e+00
5.537487547044317893e+00
6.328066551418656260e+00
7.141310441178379875e+00
1.276879431867394388e+00
-4.303765879008541795e+00
-8.185739252354707673e+00
-1.051266802941838918e+01
-1.172254840449494040e+01
-1.213978784270169164e+01
-1.178165340273810813e+01
-1.115392728197782013e+01
-1.558287640786952011e+01
-1.972915922940503819e+01
-2.255482218391836113e+01
-2.419441577577738656e+01
-2.499186107262617895e+01
-2.477291235155886895e+01
-2.420440795840490011e+01
-2.351836137400781368e+01
-2.279581340626001662e+01
-2.206505159066962207e+01
-2.133582280326296754e+01
-2.061133130966516447e+01
-1.989246143686527546e+01
-1.917926850639527814e+01
-1.847150734609100553e+01
-1.776881950790676257e+01
-1.707079431597006192e+01
-1.637695981006859469e+01
-1.568645322098318928e+01
-1.495253302926622574e+01
-1.420656246710981208e+01
-1.349586261141026178e+01
-1.279965271883152411e+01
-1.206305269643547007e+01
-6.382608550527138824e+00
-8.094304450513076787e-01
3.538597796138880369e+00
6.717339860612375091e+00
9.033181532513916423e+00
1.036757350439260605e+01
1.135195366446591692e+01
1.221397912461443802e+01
7.901165424885261857e+00
3.825222704914280847e+00
1.050426140841282496e+00
-5.476287349587329878e-01
-1.307995304267006720e+00
-1.100255528694469076e+00
-5.559596148262401227e-01
1.031581624561437316e-01
5.754454602851856393e+00
1.131516302041633182e+01
1.565611217131787569e+01
1.882914083654109305e+01
2.113913179040324408e+01
2.246552380025678985e+01
2.343652743013673145e+01
2.427712364648525423e+01
2.506780641947093002e+01
2.583812109197709361e+01
2.661731117032537242e+01
2.740245023439986127e+01
2.816939713124891043e+01
2.895271939586668353e+01
2.971865767780152368e+01
3.050248405488122572e+01
3.126854203441723357e+01
3.205255456899700306e+01
3.281864759032309564e+01
3.360274320366767853e+01
3.436884303135907004e+01
3.515298962474944489e+01
3.591908999641729849e+01
3.670327349186664634e+01
3.746937319355189544e+01
3.825358510145842672e+01
3.901968400487677258e+01
3.980391832417147668e+01
4.057001652994946994e+01
4.135426873423600824e+01
4.212036637771892345e+01
4.290463295109989161e+01
4.367073015538720426e+01
4.445500832282663595e+01
4.522110518879808438e+01
4.600539273820391628e+01
4.677148934501353494e+01
4.755578450146425951e+01
4.832188090991742513e+01
4.910618224289947875e+01
4.987227849922903999e+01
5.065658485223188023e+01
5.142268099145238835e+01
5.220699142744558685e+01
5.297308747607756629e+01
5.375740123467902976e+01
5.452349721286422835e+01
5.530781367634830303e+01
5.607390959945190190e+01
5.685822826557654963e+01
5.762432414538424297e+01
5.840864460555646076e+01
5.917474045116278347e+01
5.995906237282824947e+01
6.072515819129434078e+01
6.150948130369581435e+01
6.227557710053719120e+01
6.305990118317484416e+01
6.382599696272428957e+01
6.461032183599193957e+01
6.537641760167103655e+01
6.616074311924998597e+01
6.692683887377350516e+01
6.771116491644909274e+01
6.847726066198006833e+01
6.926158713261203559e+01
7.002768287088014176e+01
7.081200969030939518e+01
7.157810542270222243e+01
7.236243252641875756e+01
7.312852825405235535e+01
7.391285558948186463e+01
7.467895131325600744e+01
7.546327883754995014e+01
7.622937455819139529e+01
7.701370223642680912e+01
7.777979795452353073e+01
7.856412575823637212e+01
7.933022147426468962e+01
8.011454938025481454e+01
8.614688525179585099e+01
9.201242847206111719e+01
9.655526523652635262e+01
9.985721915603261323e+01
1.022518496356089202e+02
1.036269406379456086e+02
1.046362878667387974e+02
1.055151953113282559e+02
1.010105846991033616e+02
9.671288125824533211e+01
9.375915141102876760e+01
9.203927641263257442e+01
9.127276506393062050e+01
9.150741551798418527e+01
9.209177612087006537e+01
9.279600875764505474e+01
9.879900315512935549e+01
1.046532850321157468e+02
1.091912038424150069e+02
1.124903734063984047e+02
1.148828307445733117e+02
1.162554105009685230e+02
1.172610244258109446e+02
1.181349045586608497e+02
1.189616619644743878e+02
1.197708132344707650e+02
1.205710644074797671e+02
1.213729903832466306e+02
1.221700818796714287e+02
1.229710297956859932e+02
1.237677287408306483e+02
1.245685552763600583e+02
1.253652062088442278e+02
1.261660175410157478e+02
1.269626626770946558e+02
1.277634719572047715e+02
1.285601164653064075e+02
1.293609253597071529e+02
1.301575698632369154e+02
1.309583786052250503e+02
1.317550231685025608e+02
1.325558318069254824e+02
1.333524764269502896e+02
1.341532849836338244e+02
1.349499296509516171e+02
1.357507381413601877e+02
1.365473828473647302e+02
1.373481912837976608e+02
1.381448360213560989e+02
1.389456444137980213e+02
1.397422891770801527e+02
1.405430975336642518e+02
1.413397423179153805e+02
1.421405506452705936e+02
1.429371954466145951e+02
1.437380037501442587e+02
1.445346485654214632e+02
1.453354568495300896e+02
1.461321016761648082e+02
1.469329099444426276e+02
1.477295547803353770e+02
1.485303630357089446e+02
1.493270078791482263e+02
1.501278161240030613e+02
1.509244609735938809e+02
1.517252692098745399e+02
1.525219140644796880e+02
1.533227222937712213e+02
1.541193671524637239e+02
1.549201753760581823e+02
1.557168202380824482e+02
1.565176284570330267e+02
1.573142733217731575e+02
1.581150815369383338e+02
1.589117264038922315e+02
1.597125346159718049e+02
1.605091794847302253e+02
1.613099876942946196e+02
1.621066325645240056e+02
1.629074407720381430e+02
1.637040856434665557e+02
1.645048938493094965e+02
1.653015387217152750e+02
1.661023469261959633e+02
1.668989917993984022e+02
1.676998000027686828e+02
1.684964448766205294e+02
1.692972530790856354e+02
1.754568825036759563e+02
1.813970795367535800e+02
1.859664832309479721e+02
1.892696949722376871e+02
1.916550076367284419e+02
1.930209246503200688e+02
1.940195303908499227e+02
1.948847449101085090e+02
1.903721153944030675e+02
1.860328003942286443e+02
1.830642855699819904e+02
1.813479311679745649e+02
1.805490291284993987e+02
1.807619533958125828e+02
1.813604086169231380e+02
1.820859294089017055e+02
1.882186405165182350e+02
1.941491863208959501e+02
1.987150482518178478e+02
2.020168404343998532e+02
2.044014415619740532e+02
2.057668288170523283e+02
2.067649010440295001e+02
2.076297144281564044e+02
2.084448703123407824e+02
2.092422462014970392e+02
2.100425478643739154e+02
2.108317748112586685e+02
2.116299539668803504e+02
2.124176884427908192e+02
2.132154004236401761e+02
2.140029215697955465e+02
2.148005533776676828e+02
2.155880472686466760e+02
2.163856589401185886e+02
2.171731512269636255e+02
2.179707531047258158e+02
2.187582470176135132e+02
2.195558418897446984e+02
2.203433375646200147e+02
2.211409268726672792e+02
2.219284240580349206e+02
2.227260088524628827e+02
2.235135072869436215e+02
2.243110884048780065e+02
2.250985878646579295e+02
2.258961659854963386e+02
2.266836662849682682e+02
2.274812419621352717e+02
2.282687429485254427e+02
2.290663166331984826e+02
2.298538181811060497e+02
2.306513902411811046e+02
2.314388922478368045e+02
2.322364629833149650e+02
2.330239653645915610e+02
2.338215350201071772e+02
2.346090377071970181e+02
2.354066064822301030e+02
2.361941094188933334e+02
2.369916774760979763e+02
2.377791806163914146e+02
2.385767480883888538e+02
2.393642513947967529e+02
2.401618183897165579e+02
2.409493218316150376e+02
2.417468884376149845e+02
2.425343919900127787e+02
2.433319582789653737e+02
2.441194619214722366e+02
2.449170279519714768e+02
2.457045316679540576e+02
2.465020974877675144e+02
2.472896012636590797e+02
2.480871669117275644e+02
2.488746707364638837e+02
2.496722362445318879e+02
2.504597401090904896e+02
2.512573055030358091e+02
2.520448094000597337e+02
2.581026405904114540e+02
2.638965609888805375e+02
2.683225843236054970e+02
2.715041993480155611e+02
2.737914785442323478e+02
2.750974196896812600e+02
2.760481432206888144e+02
2.768674852058261990e+02
2.725394315360043151e+02
2.683524911585479913e+02
2.654473201742221704e+02
2.637489531385222108e+02
2.629314023979703165e+02
2.631710078244119018e+02
2.637771426395024719e+02
2.645074607257636785e+02
2.705450547699903723e+02
2.763322336729131052e+02
2.807565076753857625e+02
2.839382534718145621e+02
2.862263825851309207e+02
2.875335999607812028e+02
2.884861085993509278e+02
2.893081452730140768e+02
2.900799722762279202e+02
2.908305870310894647e+02
2.915707556852576090e+02
2.923051537389111445e+02
2.930712561026199978e+02
2.938452898838845613e+02
2.945932417910253776e+02
2.953296395080964771e+02
2.960972004471542505e+02
2.968723672652045025e+02
2.976207429514747105e+02
2.983572760131857535e+02
2.991248613593625123e+02
2.999000044033081167e+02
3.006483885081359517e+02
3.013849207479257188e+02
3.021524832494236534e+02
3.029275913476924984e+02
3.036759738631905066e+02
3.044125038925312765e+02
3.051800507619093992e+02
3.059551354703243646e+02
3.067035167007942391e+02
3.074400455807246999e+02
3.082075823487633670e+02
3.089826517181628560e+02
3.097310320695954147e+02
3.104675603383186626e+02
3.112350905619610444e+02
3.120101498888921583e+02
3.127585296491559461e+02
3.134950575750342523e+02
3.142625835475802774e+02
3.150376363070429306e+02
3.157860156735696364e+02
3.165225433985798418e+02
3.172900666056489172e+02
3.180651150741944093e+02
3.188134941802962885e+02
3.195500217837064838e+02
3.203175431902488981e+02
3.210925888572540998e+02
3.218409677919361229e+02
3.225774953199727975e+02
3.233450155536710326e+02
3.241200593924627924e+02
3.248684382146794860e+02
3.256049656952160944e+02
3.263724851647111223e+02
3.271475278108663360e+02
3.278959065594575009e+02
3.286324340097183949e+02
3.293999529811824232e+02
3.301749948494996261e+02
3.309233735499615250e+02
3.316599009807770813e+02
3.324274196276372777e+02
3.332024609887261022e+02
3.339508396577556368e+02
3.346873670760181767e+02
3.354548855112944921e+02
3.362299265416531853e+02
3.369783051901674753e+02
3.377148326002990188e+02
3.434429445668648100e+02
3.488745144280672434e+02
3.529926649285497433e+02
3.559347216457933314e+02
3.580393741281146731e+02
3.592374557241564617e+02
3.601060400103554571e+02
3.608504317061401707e+02
3.568698399224002173e+02
3.529930326870670569e+02
3.502953669621293784e+02
3.487229004105652734e+02
3.479782696500678867e+02
3.482014257504342254e+02
3.487630000827737149e+02
3.494413471614551554e+02
3.551469630728315110e+02
3.605691796131521301e+02
3.646828623321781038e+02
3.676222508092541830e+02
3.697248081197844840e+02
3.709203854882323981e+02
3.717856301661355474e+02
3.725272176045092465e+02
3.732202205873838352e+02
3.738925049500546152e+02
3.745548119398992526e+02
3.752125167322495258e+02
3.759192151310391523e+02
3.766401372935247309e+02
3.773190239750605883e+02
3.779816084821699178e+02
3.786907126862275845e+02
3.794128786537994529e+02
3.800922348953797609e+02
3.807547617300069192e+02
3.814637690231483589e+02
3.821858019015430727e+02
3.828651368014230911e+02
3.835275877325586293e+02
3.842365142005023699e+02
3.849584489534786371e+02
3.856377655214786273e+02
3.863001794998707510e+02
3.870090582550197382e+02
3.877309297918169477e+02
3.884102345945433967e+02
3.890726285874479800e+02
3.897814777877631514e+02
3.905033079818192618e+02
3.911826050532056911e+02
3.918449873752854842e+02
3.925538177848707733e+02
3.932756208223939893e+02
3.939549127795199297e+02
3.946172879825451787e+02
3.953261063013836747e+02
3.960478915077943043e+02
3.967271800862922646e+02
3.973895508350432806e+02
3.980983613285595197e+02
3.988201348452966499e+02
3.994994211986465871e+02
4.001617891175306454e+02
4.008705945309120011e+02
4.015923603961088020e+02
4.022716452882434623e+02
4.029340113922880278e+02
4.036428135021536150e+02
4.043645743652161855e+02
4.050438582999710206e+02
4.057062232332580152e+02
4.064150231928380208e+02
4.071367807887582444e+02
4.078160640972683382e+02
4.084784282724722857e+02
4.091872268316098484e+02
4.099089822949451332e+02
4.105882651942772554e+02
4.112506288774376344e+02
4.119594265241715902e+02
4.126811805960871311e+02
4.133604632282738862e+02
4.140228265915756651e+02
4.147316236437382031e+02
4.154533768080731306e+02
4.161326592659343078e+02
4.167950224211015211e+02
4.219816868277611661e+02
4.268492108707737884e+02
4.305063131692698448e+02
4.330992747211160463e+02
4.349428730555944185e+02
4.359883086499462479e+02
4.367420581448290022e+02
4.373833034509398772e+02
4.338966136974883625e+02
4.304722258527075383e+02
4.280805010392909367e+02
4.266906242121112882e+02
4.260449197368121759e+02
4.262558295902666714e+02
4.267766727853322664e+02
4.274032442309940620e+02
4.325746848893413699e+02
4.374347631325745169e+02
4.410873524726269466e+02
4.436767765825123320e+02
4.455168847734684618e+02
4.465577578301458743e+02
4.473063090102177739e+02
4.479448813133916474e+02
4.485398740624731886e+02
4.491158943355279689e+02
4.496823339887369002e+02
4.502430052068292525e+02
4.507996950430072616e+02
4.513537596551152546e+02
4.519719678528598479e+02
4.525958374758651530e+02
4.531737265793328220e+02
4.537999492915503765e+02
4.543786228526493005e+02
4.550055983012273373e+02
4.555845407945345755e+02
4.562117596693810242e+02
4.567907913361511874e+02
4.574181269536916261e+02
4.579972025632644090e+02
4.586246137877237175e+02
4.592037188158143408e+02
4.598311856816164322e+02
4.604103130769379959e+02
4.610378228721457390e+02
4.616169680369077355e+02
4.622445116372794587e+02
4.628236711552034421e+02
4.634512416703119015e+02
4.640304128670140926e+02
4.646580049583570826e+02
4.652371856909458643e+02
4.658647951585625151e+02
4.664439836899009606e+02
4.670716071960998761e+02
4.676508021093976595e+02
4.682784369832978086e+02
4.688576371194931767e+02
4.694852812133777320e+02
4.700644856229671404e+02
4.706921372037996321e+02
4.712713451086466989e+02
4.718990027744941926e+02
4.724782135369902676e+02
4.731058761516870845e+02
4.736850892495861558e+02
4.743127558911073720e+02
4.748919708968780924e+02
4.755196408162250350e+02
4.760988573800667041e+02
4.767265299683353419e+02
4.773057478041979493e+02
4.779334225660895754e+02
4.785126414401694888e+02
4.791403179726165718e+02
4.797195376938966547e+02
4.803472156687759593e+02
4.809264360812542236e+02
4.815541152313805924e+02
4.821333362076927642e+02
4.827610163154564020e+02
4.833402377516470665e+02
4.839679186397855801e+02
4.845471404510253706e+02
4.851748219751240754e+02
4.857540440922039124e+02
4.863817261345965335e+02
4.869609485010603862e+02
4.875886309658667983e+02
4.881678535356676889e+02
4.887955363447548507e+02
4.893747590803399703e+02
4.900024421700337030e+02
4.905816650407798534e+02
4.912093483591867198e+02
4.917885713401237808e+02
4.924162548449501173e+02
4.929954779157184817e+02
4.936231615724934159e+02
4.942023847164937820e+02
4.948300684971218288e+02
4.954092917008209724e+02
4.960369755824023059e+02
4.966161988347672036e+02
4.972438827986366618e+02
4.978231060906728658e+02
4.984507901216165919e+02
4.990300134459916990e+02
4.996576975316089602e+02
5.002369208823455438e+02
5.008646050125283864e+02
5.053379071048846640e+02
5.094659016909674847e+02
5.125259672575737113e+02
5.146713917657331194e+02
5.161824881536161911e+02
5.170321852728808381e+02
5.176366923353355105e+02
5.181436395433065627e+02
5.152738769439766884e+02
5.124228341723810445e+02
5.104197408670947880e+02
5.092580824850997487e+02
5.087294446497459148e+02
5.089408990171341998e+02
5.093929017212663553e+02
5.099276473330721728e+02
5.143642341482038773e+02
5.184761106400400195e+02
5.215275339987114194e+02
5.236668472496552340e+02
5.251723631988356829e+02
5.260156336613523536e+02
5.266143106667623215e+02
5.271193828076584396e+02
5.242252529441622073e+02
5.213422678790909686e+02
5.193054097416228387e+02
5.181102955736055264e+02
5.175489560678119005e+02
5.177279573315749985e+02
5.181669719200787085e+02
5.186959404901363087e+02
5.231302970622903104e+02
5.272412377901107448e+02
5.302922039491350006e+02
5.324312455139646545e+02
5.339365702062385708e+02
5.347796319191509156e+02
5.353779560560716391e+02
5.358825101114941845e+02
5.363491789714431661e+02
5.367991709329348851e+02
5.372408186904077638e+02
5.376776216897430913e+02
5.381112774431187518e+02
5.385430285010822899e+02
5.390470810002531152e+02
5.395057833710432078e+02
5.400258298665697794e+02
5.404960993056523648e+02
5.410197860783507622e+02
5.414833418425974969e+02
5.420043993995667506e+02
5.424668990556656354e+02
5.429875308349701299e+02
5.434498615114281392e+02
5.439704236458545665e+02
5.444327263479489147e+02
5.449532759584442374e+02
5.454155733448200181e+02
5.459361197929466698e+02
5.463984156339527090e+02
5.469189606260196115e+02
5.473812556519395685e+02
5.479017996355033802e+02
5.483640940680857057e+02
5.488846372578295814e+02
5.493469312182323847e+02
5.498674737652966087e+02
5.503297673427342716e+02
5.508503093665551660e+02
5.513126026321959898e+02
5.518331442295547049e+02
5.522954372411410304e+02
5.528159784908518759e+02
5.532782712953941200e+02
5.537988122616998226e+02
5.542611048974991945e+02
5.547816456327733476e+02
5.552439381310408635e+02
5.557644786779806054e+02
5.562267710641523308e+02
5.567473114575659565e+02
5.572096037523715495e+02
5.577301440206350662e+02
5.581924362409697551e+02
5.587129764072154785e+02
5.591752685668494678e+02
5.596958086499344063e+02
5.601581007600913154e+02
5.606786407753874073e+02
5.611409328452151613e+02
5.616614728052530836e+02
5.621237648422081747e+02
5.626443047572025762e+02
5.631065967673624755e+02
5.636271366456397800e+02
5.640894286339585051e+02
5.646099684823061580e+02
5.650722604528216380e+02
5.655928002767723228e+02
5.660550922327760190e+02
5.665756320368398065e+02
5.670379239810143872e+02
5.675584637688675684e+02
5.680207557033999137e+02
5.685412954780391601e+02
5.690035874047119933e+02
5.695241271685800939e+02
5.699864190888462190e+02
5.705069588439342851e+02
5.709692507589783190e+02
5.714897905069095714e+02
5.719520824176967153e+02
5.724726221597941276e+02
5.729349140671114355e+02
5.734554538044534411e+02
5.739177457089423342e+02
5.744382854424080733e+02
5.749005773445915111e+02
5.754211170748975519e+02
5.758834089752016325e+02
5.764039487029320981e+02
5.768662406017042485e+02
5.773867803273352592e+02
5.778490722248587872e+02
5.783696119487784699e+02
5.788319038452841596e+02
5.793524435678089048e+02
5.798147354634847943e+02
5.803352751848724438e+02
5.807975670798720103e+02
5.813181068003327709e+02
5.817803986947810699e+02
5.823009384144862679e+02
5.827632303084852765e+02
5.832837700275746329e+02
5.837460619212073425e+02
5.842666016397946578e+02
5.847288935331288258e+02
5.852494332513069821e+02
5.857117251443977466e+02
5.862322648622423458e+02
5.866945567551347267e+02
5.872150964727073870e+02
5.876773883654381052e+02
5.881979280827891898e+02
5.886602199753880313e+02
5.891807596925584676e+02
5.896430515850497613e+02
5.901635913020728594e+02
5.906258831944767280e+02
5.941840134783584517e+02
5.974092683778450237e+02
5.997580193963001420e+02
6.013790254939933675e+02
6.025057682284920020e+02
6.031345356568012903e+02
