5.000000000000000000e+01
5.000000000000000000e+01
5.000000000000000000e+01
5.000000000000000000e+01
5.000000000000000000e+01
5.000000000000000000e+01
5.000000000000000000e+01
5.000000000000000000e+01
5.000000000000000000e+01
5.003929598225050768e+01
5.010690488336599202e+01
5.020279704784628905e+01
5.032693041421644153e+01
5.047925053347629643e+01
5.065969059298357990e+01
5.086817144576019700e+01
5.110460164520867465e+01
5.138345378040858691e+01
5.168922252205885570e+01
5.202179923197546429e+01
5.238106574723041575e+01
5.276689442213442760e+01
5.317914817358884250e+01
5.361768052979061139e+01
5.408233568227302612e+01
5.518972711619932880e+01
5.619458692035821912e+01
5.709612368058938614e+01
5.789362735858187392e+01
5.858646985109079708e+01
5.917410548462304121e+01
5.965607144520238592e+01
6.003198814287569718e+01
6.018823940307873954e+01
6.037300531384517654e+01
6.058618165668111288e+01
6.082764818799131490e+01
6.109726870690347056e+01
6.139489113209322113e+01
6.172034758756668538e+01
6.207345449735210963e+01
6.245331285657350406e+01
6.286040752073942173e+01
6.329450781117056835e+01
6.375536774654983674e+01
6.424272618230673970e+01
6.475630695859396724e+01
6.529581905677233067e+01
6.586095676431543211e+01
6.645151844019534337e+01
6.706705105417087509e+01
6.770720597651977357e+01
6.837162063176225502e+01
6.905991870401923904e+01
6.977171035015268785e+01
7.050659242056778453e+01
7.126414868755162502e+01
7.281324750612874652e+01
7.435076956120403224e+01
7.582252547574081802e+01
7.729428139027760380e+01
7.876603730481440380e+01
8.023779321935120379e+01
8.170954913388798957e+01
8.318130504842477535e+01
8.465306096296157534e+01
8.612481687749837533e+01
8.759657279203516111e+01
8.906832870657194690e+01
9.054008462110874689e+01
9.201184053564554688e+01
9.348359645018233266e+01
9.495535236471911844e+01
9.702054933010973059e+01
9.902749180857691158e+01
1.009752994887705881e+02
1.028631179978190175e+02
1.046901192760850563e+02
1.064555019403805005e+02
1.081584916354792654e+02
1.097983413737751590e+02
1.108881386318432050e+02
1.119867123605602046e+02
1.131301090488927912e+02
1.142735057372253777e+02
1.154169024255579643e+02
1.165602991138905509e+02
1.177036958022231374e+02
1.188470924905557240e+02
1.205433512185235543e+02
1.221526901768445299e+02
1.236740064049235173e+02
1.251062572685511896e+02
1.264484611744735503e+02
1.276996982431268322e+02
1.288591109390771408e+02
1.299259046587324349e+02
1.303127131620642558e+02
1.307267261999327843e+02
1.311677139373078944e+02
1.316354315644357200e+02
1.321296194327422313e+02
1.326500031989743604e+02
1.331962939774989820e+02
1.337681885006745972e+02
1.344733913365270723e+02
1.352024601317297652e+02
1.359551429968308867e+02
1.367311798838412074e+02
1.375303026760792591e+02
1.383522352808040523e+02
1.391966937246039322e+02
1.400633862515076942e+02
1.407904772256545129e+02
1.415400825560312796e+02
1.423117588586925422e+02
1.431050496949366675e+02
1.439194858412847680e+02
1.447545855670216781e+02
1.456098549191346763e+02
1.464847880144817225e+02
1.473993546845756271e+02
1.483325775147351067e+02
1.492839302301835005e+02
1.502528763321107590e+02
1.512388694002227112e+02
1.522413534008851741e+02
1.532597630006895599e+02
1.542935238852626867e+02
1.574843355091370256e+02
1.606134884141885948e+02
1.636784313496808636e+02
1.666766654163401142e+02
1.696057461037499081e+02
1.724632852834013192e+02
1.752469531557740936e+02
1.779544801498612685e+02
1.802424887602315948e+02
1.824870005170101877e+02
1.846872810514882417e+02
1.868426104667125003e+02
1.889522835730242889e+02
1.910156101187862987e+02
1.930319150162219159e+02
1.950005385622934853e+02
1.969490718127462685e+02
1.988449503044864741e+02
2.006874798786291194e+02
2.024759859095163677e+02
2.042098135517256594e+02
2.058883279798353954e+02
2.075109146208606319e+02
2.090769793792734390e+02
2.106890407257937170e+02
2.122221652160758083e+02
2.136754500993718580e+02
2.150480396369449068e+02
2.163391256059537398e+02
2.175479477753595177e+02
2.186737943535730437e+02
2.197160024075795945e+02
2.203698116090577059e+02
2.210318657329074767e+02
2.217253593238433211e+02
2.224188529147791655e+02
2.231123465057150099e+02
2.238058400966508543e+02
2.244993336875866987e+02
2.251928272785225431e+02
2.261301245073519226e+02
2.269977446432010879e+02
2.277953071191820982e+02
2.285224620980138752e+02
2.291788906254722633e+02
2.297643047702938759e+02
2.302784477504724236e+02
2.307210940458916753e+02
2.310860010312498503e+02
2.313882200987392821e+02
2.316276438713583730e+02
2.318041872829760166e+02
2.319177876085552157e+02
2.319684044864388852e+02
2.319560199326904524e+02
2.318806383474830568e+02
2.317413219881530040e+02
2.315381869923952536e+02
2.312713071458142053e+02
2.309407793883325439e+02
2.305467237789793558e+02
2.300892834522805117e+02
2.295686245662673457e+02
2.289849362421223304e+02
2.283386844830714892e+02
2.276299380872615643e+02
2.268589539302394371e+02
2.260260114447868887e+02
2.251314125196440443e+02
2.241754813900937791e+02
2.231585645204470723e+02
2.220810304784717459e+02
2.213384359487208712e+02
2.205965128545022367e+02
2.198270533589954425e+02
2.190575938634886484e+02
2.182881343679818542e+02
2.175186748724750601e+02
2.167492153769682659e+02
2.159797558814614717e+02
2.148167540882153332e+02
2.135860486722710903e+02
2.122881794617294418e+02
2.109237157449527729e+02
2.094932560208565633e+02
2.079974277363877775e+02
2.064368870113061405e+02
2.048123183503881251e+02
2.031802823547477033e+02
2.014935572171347076e+02
1.997527422229923388e+02
1.979584558756333479e+02
1.961113356764887214e+02
1.942120378986064679e+02
1.922612373534808512e+02
1.902596271512952342e+02
1.880293607024115659e+02
1.857306500192058536e+02
1.833648518402818581e+02
1.809333625004375961e+02
1.784376171065249537e+02
1.758790886904245383e+02
1.732592873396371829e+02
1.705797593060041777e+02
1.688882745467648192e+02
1.671911125271343508e+02
1.654128656538223652e+02
1.636346187805103796e+02
1.618563719071983940e+02
1.600781250338864083e+02
1.582998781605744512e+02
1.565216312872624940e+02
1.539268055682012459e+02
1.512850246689611140e+02
1.485974473620206595e+02
1.458652525076775817e+02
1.430896385369615587e+02
1.402718229259627947e+02
1.374130416618067443e+02
1.345145487005092662e+02
1.316695750876596662e+02
1.287920388002776804e+02
1.258829622133613242e+02
1.229433789080275687e+02
1.199743333042857216e+02
1.169768802899600644e+02
1.139520848458931397e+02
1.109010216675630716e+02
1.087955786736334005e+02
1.066831268614303099e+02
1.044932489698747418e+02
1.023033710783191736e+02
1.001134931867636055e+02
9.792361529520803742e+01
9.573373740365246931e+01
9.354385951209690120e+01
9.012775712544416251e+01
8.667501721423687400e+01
8.318800611407361600e+01
7.966911364831537412e+01
7.612075149021980280e+01
7.254535151010072980e+01
6.894536410864569120e+01
6.532325653753356676e+01
6.439563647409303826e+01
6.347557826168463890e+01
6.256384487114777215e+01
6.166119236984960850e+01
6.076836929470588444e+01
5.988611603144644135e+01
5.901516420064023549e+01
5.815623605098900839e+01
5.585424537932927791e+01
5.356248458028791504e+01
5.138806291352081246e+01
4.921364124675369567e+01
4.703921957998659309e+01
4.486479791321947630e+01
4.269037624645237372e+01
4.051595457968525693e+01
3.712260735148177559e+01
3.369123579614519315e+01
3.022419160446960262e+01
2.672385091549347536e+01
2.319261268801263398e+01
1.963289705645359007e+01
1.604714367223422400e+01
1.243781003174846234e+01
1.151415750840103236e+01
1.059847757942837454e+01
9.691529584918564311e+00
8.794065623883748017e+00
7.906829930571779741e+00
7.030558257299800218e+00
6.165977264321572449e+00
5.313803917234551477e+00
4.225293323187180761e+00
3.150679061249121560e+00
2.090544509682871421e+00
1.045465186117972678e+00
1.600843511848637490e-02
-9.972668798126669287e-01
-1.993810679625170224e+00
-2.973081968343965542e+00
-4.988384360887401670e+00
-6.997513362969584705e+00
-8.922605103501823010e+00
-1.084769684403406131e+01
-1.277278858456629962e+01
-1.469788032509853792e+01
-1.662297206563077623e+01
-1.854806380616301453e+01
-2.157009866264243669e+01
-2.464738233019278368e+01
-2.777780579218469015e+01
-3.095922361262606159e+01
-3.418945540653677284e+01
-3.746628733427576208e+01
-4.078747361879618438e+01
-4.415073808478890527e+01
-4.621022490478864597e+01
-4.827934352852789601e+01
-5.045533430373927075e+01
-5.263132507895064549e+01
-5.480731585416202023e+01
-5.698330662937339497e+01
-5.915929740458476971e+01
-6.133528817979614445e+01
-6.351127895500751919e+01
-6.568726973021890103e+01
-6.786326050543027577e+01
-7.003925128064165051e+01
-7.221524205585302525e+01
-7.439123283106439999e+01
-7.656722360627577473e+01
-7.874321438148714947e+01
-8.091920515669852421e+01
-8.309519593190989895e+01
-8.527118670712127368e+01
-8.744717748233264842e+01
-8.962316825754402316e+01
-9.179915903275539790e+01
-9.397514980796677264e+01
-9.615114058317814738e+01
-9.954679997343410491e+01
-1.029803454147210431e+02
-1.064494237263719754e+02
-1.099516573752640909e+02
-1.134846461052613620e+02
-1.170459685822302021e+02
-1.206331840535010684e+02
-1.242438340206385874e+02
-1.277459287972872914e+02
-1.312643245966614529e+02
-1.347970682179423250e+02
-1.383421984952671835e+02
-1.418977473864499927e+02
-1.454617410655196466e+02
-1.490322010184690100e+02
-1.526071451416061677e+02
-1.535770624375197144e+02
-1.545441710603700471e+02
-1.555076835364578187e+02
-1.564668153202667042e+02
-1.574207854332840384e+02
-1.583688170999168676e+02
-1.593101383799860571e+02
-1.602439827972829107e+02
-1.639830215294657592e+02
-1.677473093827972548e+02
-1.715336734842805129e+02
-1.753389223531144978e+02
-1.791598485907545637e+02
-1.829932315843902870e+02
-1.868358402215614547e+02
-1.906844356136236058e+02
-1.939858915859872468e+02
-1.972878824946398879e+02
-2.005893336924802668e+02
-2.038891707080584297e+02
-2.071863195952668661e+02
-2.104797072828609998e+02
-2.137682619236948653e+02
-2.170509132435581421e+02
-2.206386022053504234e+02
-2.242137024704497037e+02
-2.277740898783783905e+02
-2.313176490103634251e+02
-2.348422744462208129e+02
-2.383458720152997614e+02
-2.418263600407427134e+02
-2.452816705763221421e+02
-2.464677555545178507e+02
-2.476612288078324298e+02
-2.488614378984667326e+02
-2.500677267063315128e+02
-2.512794357877293692e+02
-2.524959027358539458e+02
-2.537164625429088005e+02
-2.549404479636481540e+02
-2.584705014975771746e+02
-2.619881697112114693e+02
-2.654915459159735747e+02
-2.689787311700115424e+02
-2.724478353074859456e+02
-2.758969779631005395e+02
-2.793242895913198822e+02
-2.827279124797231589e+02
-2.858885511857864685e+02
-2.890290815947561782e+02
-2.921484154003921958e+02
-2.952454716418365024e+02
-2.983191770782048025e+02
-3.013684665605027249e+02
-3.043922834007384495e+02
-3.073895797381024977e+02
-3.094648433728502255e+02
-3.115501648249735354e+02
-3.137108742077976444e+02
-3.158715835906217535e+02
-3.180322929734458626e+02
-3.201930023562699716e+02
-3.223537117390940807e+02
-3.245144211219181898e+02
-3.255159288167257046e+02
-3.265284400470378614e+02
-3.275512608881949745e+02
-3.285836903498444030e+02
-3.296250208563648698e+02
-3.306745387318029543e+02
-3.317315246889915556e+02
-3.327952543225127897e+02
-3.352515175191196590e+02
-3.376936322361796670e+02
-3.400214469353805384e+02
-3.423492616345814099e+02
-3.446770763337822814e+02
-3.470048910329831529e+02
-3.493327057321840243e+02
-3.516605204313848958e+02
-3.527291782276493564e+02
-3.538032571159939152e+02
-3.548820209763589446e+02
-3.559647304778388275e+02
-3.570506435853824883e+02
-3.581390160683472459e+02
-3.592291020105571988e+02
-3.603201543215168385e+02
-3.615422434333205501e+02
-3.627640372339053556e+02
-3.639848574571557833e+02
-3.652040263774276809e+02
-3.664208671857805371e+02
-3.676347043657009976e+02
-3.688448640681085635e+02
-3.700506744854364456e+02
-3.735843267666488146e+02
-3.771279974737693124e+02
-3.806797628463071987e+02
-3.842376947294022784e+02
-3.877998616205671283e+02
-3.913643297182458127e+02
-3.949291639716213353e+02
-3.984924291311007778e+02
-4.020795572463520102e+02
-4.056610206470429603e+02
-4.092347822256043059e+02
-4.127988092552013200e+02
-4.163510745459322493e+02
-4.198895575978777401e+02
-4.234122457503452210e+02
-4.269171353266537494e+02
-4.278743469000857544e+02
-4.288360186712344557e+02
-4.298013660122367696e+02
-4.307696012963326098e+02
-4.317399345404896849e+02
-4.327115740499503431e+02
-4.336837270641751161e+02
-4.346556004036562513e+02
-4.385064904300968465e+02
-4.423534992692545416e+02
-4.461933836803644908e+02
-4.500229064289476923e+02
-4.538388390159785786e+02
-4.576379643996877462e+02
-4.614170797077059660e+02
-4.651729989372619229e+02
-4.661043953747251294e+02
-4.670402562637929123e+02
-4.679797900578489021e+02
-4.689222021037513741e+02
-4.698666953139470479e+02
-4.708124708406440959e+02
-4.717587287514734840e+02
-4.727046687060679915e+02
-4.739403775537778643e+02
-4.751746595314594970e+02
-4.764068462235177321e+02
-4.776362703490426611e+02
-4.788622661231702295e+02
-4.800841696176329378e+02
-4.813013191203048109e+02
-4.825130554935463465e+02
-4.849852406445623956e+02
-4.874469721524133661e+02
-4.898057984297537359e+02
-4.921646247070941058e+02
-4.945234509844344757e+02
-4.968822772617748456e+02
-4.992411035391152154e+02
-5.015999298164555853e+02
-5.029218342088450981e+02
-5.042374163033241530e+02
-5.055460990420737062e+02
-5.068473083935600698e+02
-5.081404736043246544e+02
-5.094250274493348343e+02
-5.107004064807879899e+02
-5.119660512752581667e+02
-5.153219048690156114e+02
-5.187036714874898280e+02
-5.221095562852844978e+02
-5.255377516164732015e+02
-5.289864379939940591e+02
-5.324537850553272165e+02
-5.359379525339451220e+02
-5.394370912360194552e+02
-5.429910817000692305e+02
-5.465567814220887612e+02
-5.501321578059694275e+02
-5.537151727395061016e+02
-5.573037837562047798e+02
-5.608959451995727932e+02
-5.644896093892277804e+02
-5.680827277881599002e+02
-5.716690770956465713e+02
-5.752508160502156898e+02
-5.788259172149162168e+02
-5.823923569101062867e+02
-5.859481163589535981e+02
-5.894911828301598007e+02
-5.930195507772646124e+02
-5.965312229738802898e+02
-5.997728481255981023e+02
-6.029999149294752669e+02
-6.062113112128157582e+02
-6.094059302035946075e+02
-6.125826709118940698e+02
-6.157404385093475412e+02
-6.188781447064602617e+02
-6.219947081276760628e+02
-6.229446241158261728e+02
-6.239027968041351642e+02
-6.248684730795288260e+02
-6.258408939311966606e+02
-6.268192950471665199e+02
-6.278029074150449560e+02
-6.287909579264522790e+02
-6.297826699846777956e+02
-6.310075921331712152e+02
-6.322351206011697968e+02
-6.334645846346604685e+02
-6.346953124219859319e+02
-6.359266314609404844e+02
-6.371578689262428270e+02
-6.383883520371856548e+02
-6.396174084252609191e+02
-6.434417556236306837e+02
-6.472674903095439731e+02
-6.510915014083777805e+02
-6.549106792471250174e+02
-6.587219180831687027e+02
-6.625221186298629164e+02
-6.663081905768611932e+02
-6.700770551031472451e+02
-6.733199048997485079e+02
-6.765507234358543656e+02
-6.797684532045310561e+02
-6.829720409830410972e+02
-6.861604381775833872e+02
-6.893326011665174065e+02
-6.924874916419591955e+02
-6.956240769496398570e+02
-6.990317908833523006e+02
-7.024088411962393366e+02
-7.057532222493408653e+02
-7.090629478060552628e+02
-7.123360522117703795e+02
-7.155705915612705894e+02
-7.187646448532277645e+02
-7.219163151310883677e+02
-7.249976096290274654e+02
-7.280344367127210035e+02
-7.310250845310146133e+02
-7.339678672638802936e+02
-7.368611260727084300e+02
-7.397032300353903338e+02
-7.424925770656644772e+02
-7.452275948162090344e+02
-7.469647968586721163e+02
-7.487141933121398552e+02
-7.505450204292899343e+02
-7.523758475464400135e+02
-7.542066746635900927e+02
-7.560375017807401719e+02
-7.578683288978902510e+02
-7.596991560150403302e+02
-7.624761033381657853e+02
-7.651877420603746032e+02
-7.678322137598321433e+02
-7.704077060476292900e+02
-7.729124538099025585e+02
-7.753447404175548172e+02
-7.777028989027479611e+02
-7.799853131013589973e+02
-7.813782485575392229e+02
-7.827834340803078703e+02
-7.842610420831331339e+02
-7.857386500859583975e+02
-7.872162580887836612e+02
-7.886938660916089248e+02
-7.901714740944341884e+02
-7.916490820972594520e+02
-7.937227994101374406e+02
-7.957383943139692519e+02
-7.976949827021646797e+02
-7.995917063503432018e+02
-8.014277332927790667e+02
-8.032022581873292211e+02
-8.049145026686832125e+02
-8.065637156897790874e+02
-8.071940528097940160e+02
-8.078490422441199144e+02
-8.085283363623894957e+02
-8.092315746347204595e+02
-8.099583838230636275e+02
-8.107083781792957780e+02
-8.114811596499527013e+02
-8.122763180874926547e+02
-8.132271740082829865e+02
-8.141987131038241614e+02
-8.151905978187850224e+02
-8.162024835288726763e+02
-8.172340186605709960e+02
-8.182848448132917838e+02
-8.193545968838996032e+02
-8.204429031935640069e+02
-8.230070585350327974e+02
-8.255148751491088888e+02
-8.279650485181427939e+02
-8.303563041093849506e+02
-8.326873980379729119e+02
-8.349571177139767997e+02
-8.371642824731643486e+02
-8.393077441911600545e+02
-8.406893302997424371e+02
-8.420815427116198180e+02
-8.435358652869616662e+02
-8.449901878623035145e+02
-8.464445104376453628e+02
-8.478988330129872111e+02
-8.493531555883290594e+02
-8.508074781636709076e+02
-8.516582197525631273e+02
-8.525308055542598140e+02
-8.534248528237677647e+02
-8.543399694023842130e+02
-8.552757538897104723e+02
-8.562317958197198777e+02
-8.572076758408009027e+02
-8.582029658996993930e+02
-8.600282599064075839e+02
-8.618426857863604482e+02
-8.635884930615735584e+02
-8.653343003367866686e+02
-8.670801076119997788e+02
-8.688259148872128890e+02
-8.705717221624259992e+02
-8.723175294376391093e+02
-8.747826363229376057e+02
-8.771967404107272159e+02
-8.795587827951090958e+02
-8.818677274061694789e+02
-8.841225614644342841e+02
-8.863222959251077100e+02
-8.884659659118996160e+02
-8.905526311402524016e+02
-8.911848864528749345e+02
-8.918383035017919838e+02
-8.925123599553832037e+02
-8.932065169832029596e+02
-8.939202196867133807e+02
-8.946528975428615240e+02
-8.954039648601469708e+02
-8.961728212468143511e+02
-8.988767277473510831e+02
-9.015237926905030008e+02
-9.041125203465609275e+02
-9.066414479494247871e+02
-9.091091465231424991e+02
-9.115142216893555087e+02
-9.138553144551962077e+02
-9.161311019811887491e+02
-9.169424174941235606e+02
-9.177751982152497021e+02
-9.186289912379420457e+02
-9.195033322280653465e+02
-9.203977456765005627e+02
-9.213117451577506927e+02
-9.222448335944825430e+02
-9.231965035278607274e+02
-9.260613789994380340e+02
-9.288528193850565913e+02
-9.315685555735191201e+02
-9.342063799921957070e+02
-9.367641484015190372e+02
-9.392397816379980213e+02
-9.416312673043319137e+02
-9.439366614052516979e+02
-9.458725358379923591e+02
-9.477596400644907817e+02
-9.495973563627755993e+02
-9.513850831774481094e+02
-9.531222353165951517e+02
-9.548082441433448366e+02
-9.564425577620031618e+02
-9.580246411987108104e+02
-9.585429444930948648e+02
-9.590850078377067121e+02
-9.596504066099524834e+02
-9.602386979075480440e+02
-9.608494208954647320e+02
-9.614820971669222445e+02
-9.621362311181460427e+02
-9.628113103365960797e+02
-9.638226641198745028e+02
-9.648537741785496564e+02
-9.659043010370738784e+02
-9.669738988272459892e+02
-9.680622154020836660e+02
