6.764477232839456065e+02
6.769741172249575811e+02
6.770733160396191579e+02
6.769850345812163823e+02
6.768186066193866282e+02
6.766261531964638607e+02
6.764330156526738165e+02
6.762512154460878264e+02
6.760858986850388419e+02
6.759386207867931944e+02
6.758090913649859885e+02
6.756961221274880245e+02
6.755981447707171128e+02
6.755134908412375125e+02
6.754405380927781835e+02
6.753777817691897098e+02
6.753238639964341701e+02
6.752775802772570160e+02
6.752378739735049749e+02
6.752038249806209933e+02
6.751746360837837528e+02
6.751496189091063798e+02
6.751281804717517616e+02
6.751098108002371418e+02
6.750940718214369554e+02
6.750805875291553093e+02
6.750690353748317420e+02
6.750591387790976796e+02
6.750506606481462768e+02
6.750433977778773169e+02
6.750371760349080432e+02
6.750318462130062471e+02
6.750272804741489381e+02
6.750233692940628316e+02
6.750200188421594021e+02
6.750171487349509789e+02
6.750146901102384618e+02
6.750125839765915998e+02
6.750107797989664959e+02
6.750092342867973230e+02
6.750079103556516884e+02
6.750067762376377232e+02
6.750058047192812865e+02
6.750049724886250715e+02
6.750042595759074402e+02
6.750036488744151484e+02
6.750031257300208836e+02
6.750026775895635183e+02
6.750022936996360841e+02
6.750019648485565540e+02
6.750016831453309578e+02
6.750014418303062484e+02
6.750012351129690842e+02
6.750010580329995946e+02
6.750009063412455816e+02
6.750007763977616833e+02
6.750006650844667320e+02
6.750005697303231500e+02
6.750004880472439481e+02
6.750004180751885769e+02
6.750003581351302273e+02
6.750003067887666930e+02
6.750002628040072068e+02
6.750002251254077237e+02
6.750001928488449039e+02
6.750001651998205716e+02
6.750001415148777824e+02
6.750001212256803456e+02
6.750001038453751789e+02
6.750000889569100764e+02
6.750000762030261967e+02
6.750000652776855077e+02
6.750000559187270710e+02
6.750000479015764085e+02
6.750000410338565189e+02
6.750000351507717369e+02
6.750000301111535919e+02
6.750000257940729398e+02
6.750000220959385615e+02
6.750000189280111726e+02
6.750000162142741829e+02
6.750000138896097042e+02
6.750000118982358117e+02
6.750000101923681086e+02
6.750000087310731942e+02
6.750000074792862961e+02
6.750000064069699874e+02
6.750000054883931853e+02
6.750000047015141718e+02
6.750000040274511548e+02
6.750000034500295669e+02
6.750000029553937111e+02
6.750000025316745678e+02
6.750000021687046683e+02
6.750000018577742367e+02
6.750000015914223468e+02
6.750000013632577520e+02
6.750000011678055216e+02
6.750000010003755051e+02
6.750000008569502370e+02
6.750000007340879620e+02
6.750000006288406666e+02
6.750000005386827979e+02
6.750000004614510090e+02
6.750000003952920906e+02
6.750000003386185199e+02
6.750000002900702611e+02
6.750000002484824790e+02
6.750000002128572305e+02
6.750000001823395905e+02
6.750000001561973022e+02
6.750000001338030415e+02
6.750000001146195245e+02
6.750000000981863195e+02
6.750000000841091605e+02
6.750000000720502840e+02
6.750000000617203568e+02
6.750000000528714281e+02
6.750000000452911308e+02
6.750000000387976797e+02
6.750000000332352101e+02
6.750000000284702537e+02
6.750000000243884415e+02
6.750000000208918891e+02
6.750000000178965820e+02
6.750000000153306701e+02
6.750000000131326487e+02
6.750000000112497673e+02
6.750000000096368922e+02
6.750000000082552560e+02
6.750000000070716624e+02
6.750000000060578031e+02
6.750000000051892357e+02
6.750000000044452690e+02
6.750000000038079406e+02
6.750000000032620164e+02
6.750000000027943088e+02
6.750000000023936764e+02
6.750000000020504558e+02
6.750000000017564616e+02
6.750000000015046453e+02
6.750000000012888677e+02
6.750000000011041266e+02
6.750000000009458745e+02
6.750000000008102461e+02
6.750000000006940581e+02
6.750000000005945822e+02
6.750000000005093170e+02
6.750000000004363301e+02
6.750000000003738023e+02
6.750000000003202558e+02
6.750000000002743263e+02
6.750000000002349907e+02
6.750000000002013394e+02
6.750000000001724629e+02
6.750000000001477929e+02
6.750000000001266471e+02
6.750000000001084572e+02
6.750000000000928821e+02
6.750000000000795808e+02
6.750000000000682121e+02
6.750000000000584350e+02
6.750000000000500222e+02
6.750000000000428599e+02
6.750000000000367208e+02
6.750000000000314913e+02
6.750000000000269438e+02
6.750000000000230784e+02
6.750000000000197815e+02
6.750000000000169393e+02
6.750000000000145519e+02
6.750000000000125056e+02
6.750000000000106866e+02
6.750000000000092086e+02
6.750000000000078444e+02
6.750000000000067075e+02
6.750000000000057980e+02
6.750000000000050022e+02
6.750000000000043201e+02
6.750000000000037517e+02
6.750000000000031832e+02
6.750000000000027285e+02
6.750000000000023874e+02
6.750000000000020464e+02
6.750000000000017053e+02
6.750000000000014779e+02
6.750000000000012506e+02
6.750000000000010232e+02
6.750000000000009095e+02
6.750000000000007958e+02
6.750000000000006821e+02
6.750000000000005684e+02
6.750000000000004547e+02
6.750000000000003411e+02
6.750000000000003411e+02
6.750000000000003411e+02
6.750000000000003411e+02
6.750000000000003411e+02
6.750000000000003411e+02
6.750000000000003411e+02
6.750000000000003411e+02
6.750000000000003411e+02
6.750000000000003411e+02
6.750000000000003411e+02
6.750000000000003411e+02
6.750000000000003411e+02
6.750000000000003411e+02
6.750000000000003411e+02
6.750000000000003411e+02
6.750000000000003411e+02
6.750000000000003411e+02
6.750000000000003411e+02
6.750000000000003411e+02
6.750000000000003411e+02
6.750000000000003411e+02
6.750000000000003411e+02
6.750000000000003411e+02
6.750000000000003411e+02
6.750000000000003411e+02
6.750000000000003411e+02
6.750000000000003411e+02
6.750000000000003411e+02
6.750000000000003411e+02
6.750000000000003411e+02
6.750000000000003411e+02
6.750000000000003411e+02
6.750000000000003411e+02
6.750000000000003411e+02
6.750000000000003411e+02
6.750000000000003411e+02
6.750000000000003411e+02
6.750000000000003411e+02
6.750000000000003411e+02
6.750000000000003411e+02
6.750000000000003411e+02
6.750000000000003411e+02
6.750000000000003411e+02
6.750000000000003411e+02
6.750000000000003411e+02
6.750000000000003411e+02
6.750000000000003411e+02
6.750000000000003411e+02
6.750000000000003411e+02
6.750000000000003411e+02
6.750000000000003411e+02
6.750000000000003411e+02
6.750000000000003411e+02
6.750000000000003411e+02
6.750000000000003411e+02
6.750000000000003411e+02
6.750000000000003411e+02
6.750000000000003411e+02
6.750000000000003411e+02
6.750000000000003411e+02
6.750000000000003411e+02
6.750000000000003411e+02
6.750000000000003411e+02
6.750000000000003411e+02
6.750000000000003411e+02
6.750000000000003411e+02
6.750000000000003411e+02
6.750000000000003411e+02
6.750000000000003411e+02
6.750000000000003411e+02
6.750000000000003411e+02
6.750000000000003411e+02
6.750000000000003411e+02
6.750000000000003411e+02
6.750000000000003411e+02
6.750000000000003411e+02
6.750000000000003411e+02
6.750000000000003411e+02
6.750000000000003411e+02
6.750000000000003411e+02
6.750000000000003411e+02
6.750000000000003411e+02
6.750000000000003411e+02
6.750000000000003411e+02
6.750000000000003411e+02
6.750000000000003411e+02
6.750000000000003411e+02
6.750000000000003411e+02
6.750000000000003411e+02
6.750000000000003411e+02
6.750000000000003411e+02
6.750000000000003411e+02
6.750000000000003411e+02
6.750000000000003411e+02
6.750000000000003411e+02
6.750000000000003411e+02
6.750000000000003411e+02
6.750000000000003411e+02
6.750000000000003411e+02
6.750000000000003411e+02
6.750000000000003411e+02
6.750000000000003411e+02
6.750000000000003411e+02
6.750000000000003411e+02
6.750000000000003411e+02
6.750000000000003411e+02
6.750000000000003411e+02
6.750000000000003411e+02
6.750000000000003411e+02
6.750000000000003411e+02
6.750000000000003411e+02
6.750000000000003411e+02
6.750000000000003411e+02
6.750000000000003411e+02
6.750000000000003411e+02
6.750000000000003411e+02
6.750000000000003411e+02
6.750000000000003411e+02
6.750000000000003411e+02
6.750000000000003411e+02
6.750000000000003411e+02
6.750000000000003411e+02
6.750000000000003411e+02
6.750000000000003411e+02
6.750000000000003411e+02
6.750000000000003411e+02
6.750000000000003411e+02
6.750000000000003411e+02
6.750000000000003411e+02
6.750000000000003411e+02
6.750000000000003411e+02
6.750000000000003411e+02
6.750000000000003411e+02
6.750000000000003411e+02
6.750000000000003411e+02
6.750000000000003411e+02
6.750000000000003411e+02
6.750000000000003411e+02
6.750000000000003411e+02
6.750000000000003411e+02
6.750000000000003411e+02
6.750000000000003411e+02
6.750000000000003411e+02
6.750000000000003411e+02
6.750000000000003411e+02
6.750000000000003411e+02
6.750000000000003411e+02
6.750000000000003411e+02
6.750000000000003411e+02
6.750000000000003411e+02
6.750000000000003411e+02
6.750000000000003411e+02
6.750000000000003411e+02
6.750000000000003411e+02
6.750000000000003411e+02
6.750000000000003411e+02
6.750000000000003411e+02
6.750000000000003411e+02
6.750000000000003411e+02
6.750000000000003411e+02
6.750000000000003411e+02
6.750000000000003411e+02
6.750000000000003411e+02
6.750000000000003411e+02
6.750000000000003411e+02
6.750000000000003411e+02
6.750000000000003411e+02
6.750000000000003411e+02
6.750000000000003411e+02
6.750000000000003411e+02
6.750000000000003411e+02
6.750000000000003411e+02
6.750000000000003411e+02
6.750000000000003411e+02
6.750000000000003411e+02
6.750000000000003411e+02
6.750000000000003411e+02
6.750000000000003411e+02
6.750000000000003411e+02
6.750000000000003411e+02
6.750000000000003411e+02
6.750000000000003411e+02
6.750000000000003411e+02
6.750000000000003411e+02
6.750000000000003411e+02
6.750000000000003411e+02
6.750000000000003411e+02
6.750000000000003411e+02
6.750000000000003411e+02
6.750000000000003411e+02
6.750000000000003411e+02
6.750000000000003411e+02
6.750000000000003411e+02
6.750000000000003411e+02
6.750000000000003411e+02
6.750000000000003411e+02
6.750000000000003411e+02
6.750000000000003411e+02
6.750000000000003411e+02
6.750000000000003411e+02
6.750000000000003411e+02
6.750000000000003411e+02
6.750000000000003411e+02
6.750000000000003411e+02
6.750000000000003411e+02
6.750000000000003411e+02
6.750000000000003411e+02
6.750000000000003411e+02
6.750000000000003411e+02
6.750000000000003411e+02
6.750000000000003411e+02
6.750000000000003411e+02
6.750000000000003411e+02
6.750000000000003411e+02
6.750000000000003411e+02
6.750000000000003411e+02
6.750000000000003411e+02
6.750000000000003411e+02
6.750000000000003411e+02
6.750000000000003411e+02
6.750000000000003411e+02
6.750000000000003411e+02
6.750000000000003411e+02
6.750000000000003411e+02
6.750000000000003411e+02
6.750000000000003411e+02
6.750000000000003411e+02
6.750000000000003411e+02
6.750000000000003411e+02
6.750000000000003411e+02
6.750000000000003411e+02
6.750000000000003411e+02
6.750000000000003411e+02
6.750000000000003411e+02
6.750000000000003411e+02
6.750000000000003411e+02
6.750000000000003411e+02
6.750000000000003411e+02
6.750000000000003411e+02
6.750000000000003411e+02
6.750000000000003411e+02
6.750000000000003411e+02
6.750000000000003411e+02
6.750000000000003411e+02
6.750000000000003411e+02
6.750000000000003411e+02
6.750000000000003411e+02
6.750000000000003411e+02
6.750000000000003411e+02
6.750000000000003411e+02
6.750000000000003411e+02
6.750000000000003411e+02
6.750000000000003411e+02
6.750000000000003411e+02
6.750000000000003411e+02
6.750000000000003411e+02
6.750000000000003411e+02
6.750000000000003411e+02
6.750000000000003411e+02
6.750000000000003411e+02
6.750000000000003411e+02
6.750000000000003411e+02
6.750000000000003411e+02
6.750000000000003411e+02
6.750000000000003411e+02
6.750000000000003411e+02
6.750000000000003411e+02
6.750000000000003411e+02
6.750000000000003411e+02
6.750000000000003411e+02
6.750000000000003411e+02
6.750000000000003411e+02
6.750000000000003411e+02
6.750000000000003411e+02
6.750000000000003411e+02
6.750000000000003411e+02
6.750000000000003411e+02
6.750000000000003411e+02
6.750000000000003411e+02
6.750000000000003411e+02
6.750000000000003411e+02
6.750000000000003411e+02
6.750000000000003411e+02
6.750000000000003411e+02
6.750000000000003411e+02
6.750000000000003411e+02
6.750000000000003411e+02
6.750000000000003411e+02
6.750000000000003411e+02
6.750000000000003411e+02
6.750000000000003411e+02
6.750000000000003411e+02
6.750000000000003411e+02
6.750000000000003411e+02
6.750000000000003411e+02
6.750000000000003411e+02
6.750000000000003411e+02
6.750000000000003411e+02
6.750000000000003411e+02
6.750000000000003411e+02
6.750000000000003411e+02
6.750000000000003411e+02
6.750000000000003411e+02
6.750000000000003411e+02
6.750000000000003411e+02
6.750000000000003411e+02
6.750000000000003411e+02
6.750000000000003411e+02
6.750000000000003411e+02
6.750000000000003411e+02
6.750000000000003411e+02
6.750000000000003411e+02
6.750000000000003411e+02
6.750000000000003411e+02
6.750000000000003411e+02
6.750000000000003411e+02
6.750000000000003411e+02
6.750000000000003411e+02
6.750000000000003411e+02
6.750000000000003411e+02
6.750000000000003411e+02
6.750000000000003411e+02
6.750000000000003411e+02
6.750000000000003411e+02
6.750000000000003411e+02
6.750000000000003411e+02
6.750000000000003411e+02
6.750000000000003411e+02
6.750000000000003411e+02
6.750000000000003411e+02
6.750000000000003411e+02
6.750000000000003411e+02
6.750000000000003411e+02
6.750000000000003411e+02
6.750000000000003411e+02
6.750000000000003411e+02
6.750000000000003411e+02
6.750000000000003411e+02
6.750000000000003411e+02
6.750000000000003411e+02
6.750000000000003411e+02
6.750000000000003411e+02
6.750000000000003411e+02
6.750000000000003411e+02
6.750000000000003411e+02
6.750000000000003411e+02
6.750000000000003411e+02
6.750000000000003411e+02
6.750000000000003411e+02
6.750000000000003411e+02
6.750000000000003411e+02
6.750000000000003411e+02
6.750000000000003411e+02
6.750000000000003411e+02
6.750000000000003411e+02
6.750000000000003411e+02
6.750000000000003411e+02
6.750000000000003411e+02
6.750000000000003411e+02
6.750000000000003411e+02
6.750000000000003411e+02
6.750000000000003411e+02
6.750000000000003411e+02
6.750000000000003411e+02
6.750000000000003411e+02
6.750000000000003411e+02
6.750000000000003411e+02
6.750000000000003411e+02
6.750000000000003411e+02
6.750000000000003411e+02
6.750000000000003411e+02
6.750000000000003411e+02
6.750000000000003411e+02
6.750000000000003411e+02
6.750000000000003411e+02
6.750000000000003411e+02
6.750000000000003411e+02
6.750000000000003411e+02
6.750000000000003411e+02
6.750000000000003411e+02
6.750000000000003411e+02
6.750000000000003411e+02
6.750000000000003411e+02
6.750000000000003411e+02
6.750000000000003411e+02
6.750000000000003411e+02
6.750000000000003411e+02
6.750000000000003411e+02
6.750000000000003411e+02
6.750000000000003411e+02
6.750000000000003411e+02
6.750000000000003411e+02
6.750000000000003411e+02
6.750000000000003411e+02
6.750000000000003411e+02
6.750000000000003411e+02
6.750000000000003411e+02
6.750000000000003411e+02
6.750000000000003411e+02
6.750000000000003411e+02
6.750000000000003411e+02
6.750000000000003411e+02
6.750000000000003411e+02
6.750000000000003411e+02
6.750000000000003411e+02
6.750000000000003411e+02
6.750000000000003411e+02
6.750000000000003411e+02
6.750000000000003411e+02
6.750000000000003411e+02
6.750000000000003411e+02
6.750000000000003411e+02
6.750000000000003411e+02
6.750000000000003411e+02
6.750000000000003411e+02
6.750000000000003411e+02
6.750000000000003411e+02
6.750000000000003411e+02
6.750000000000003411e+02
6.750000000000003411e+02
6.750000000000003411e+02
6.750000000000003411e+02
6.750000000000003411e+02
6.750000000000003411e+02
6.750000000000003411e+02
6.750000000000003411e+02
6.750000000000003411e+02
6.750000000000003411e+02
6.750000000000003411e+02
6.750000000000003411e+02
6.750000000000003411e+02
6.750000000000003411e+02
6.750000000000003411e+02
6.750000000000003411e+02
6.750000000000003411e+02
6.750000000000003411e+02
6.750000000000003411e+02
6.750000000000003411e+02
6.750000000000003411e+02
6.750000000000003411e+02
6.750000000000003411e+02
6.750000000000003411e+02
6.750000000000003411e+02
6.750000000000003411e+02
6.750000000000003411e+02
6.750000000000003411e+02
6.750000000000003411e+02
6.750000000000003411e+02
6.750000000000003411e+02
6.750000000000003411e+02
6.750000000000003411e+02
6.750000000000003411e+02
6.750000000000003411e+02
6.750000000000003411e+02
6.750000000000003411e+02
6.750000000000003411e+02
6.750000000000003411e+02
6.750000000000003411e+02
6.750000000000003411e+02
6.750000000000003411e+02
6.750000000000003411e+02
6.750000000000003411e+02
6.750000000000003411e+02
6.750000000000003411e+02
6.750000000000003411e+02
6.750000000000003411e+02
6.750000000000003411e+02
6.750000000000003411e+02
6.750000000000003411e+02
6.750000000000003411e+02
6.750000000000003411e+02
6.750000000000003411e+02
6.750000000000003411e+02
6.750000000000003411e+02
6.750000000000003411e+02
6.750000000000003411e+02
6.750000000000003411e+02
6.750000000000003411e+02
6.750000000000003411e+02
6.750000000000003411e+02
6.750000000000003411e+02
6.750000000000003411e+02
6.750000000000003411e+02
6.750000000000003411e+02
6.750000000000003411e+02
6.750000000000003411e+02
6.750000000000003411e+02
6.750000000000003411e+02
6.750000000000003411e+02
6.750000000000003411e+02
6.750000000000003411e+02
6.750000000000003411e+02
6.750000000000003411e+02
6.750000000000003411e+02
6.750000000000003411e+02
6.750000000000003411e+02
6.750000000000003411e+02
6.750000000000003411e+02
6.750000000000003411e+02
6.750000000000003411e+02
6.750000000000003411e+02
6.750000000000003411e+02
6.750000000000003411e+02
6.750000000000003411e+02
6.750000000000003411e+02
6.750000000000003411e+02
6.750000000000003411e+02
6.750000000000003411e+02
6.750000000000003411e+02
6.750000000000003411e+02
6.750000000000003411e+02
6.750000000000003411e+02
6.750000000000003411e+02
6.750000000000003411e+02
6.750000000000003411e+02
6.750000000000003411e+02
6.750000000000003411e+02
6.750000000000003411e+02
6.750000000000003411e+02
6.750000000000003411e+02
6.750000000000003411e+02
6.750000000000003411e+02
6.750000000000003411e+02
6.750000000000003411e+02
6.750000000000003411e+02
6.750000000000003411e+02
6.750000000000003411e+02
6.750000000000003411e+02
6.750000000000003411e+02
6.750000000000003411e+02
6.750000000000003411e+02
6.750000000000003411e+02
6.750000000000003411e+02
6.750000000000003411e+02
6.750000000000003411e+02
6.750000000000003411e+02
6.750000000000003411e+02
6.750000000000003411e+02
6.750000000000003411e+02
6.750000000000003411e+02
6.750000000000003411e+02
6.750000000000003411e+02
6.750000000000003411e+02
6.750000000000003411e+02
6.750000000000003411e+02
6.750000000000003411e+02
6.750000000000003411e+02
6.750000000000003411e+02
6.750000000000003411e+02
6.750000000000003411e+02
6.750000000000003411e+02
6.750000000000003411e+02
6.750000000000003411e+02
6.750000000000003411e+02
6.750000000000003411e+02
6.750000000000003411e+02
6.750000000000003411e+02
6.750000000000003411e+02
6.750000000000003411e+02
6.750000000000003411e+02
6.750000000000003411e+02
6.750000000000003411e+02
6.750000000000003411e+02
6.750000000000003411e+02
6.750000000000003411e+02
6.750000000000003411e+02
6.750000000000003411e+02
6.750000000000003411e+02
6.750000000000003411e+02
6.750000000000003411e+02
6.750000000000003411e+02
6.750000000000003411e+02
6.750000000000003411e+02
6.750000000000003411e+02
6.750000000000003411e+02
6.750000000000003411e+02
6.750000000000003411e+02
6.750000000000003411e+02
6.750000000000003411e+02
6.750000000000003411e+02
6.750000000000003411e+02
6.750000000000003411e+02
6.750000000000003411e+02
6.750000000000003411e+02
6.750000000000003411e+02
6.750000000000003411e+02
6.750000000000003411e+02
6.750000000000003411e+02
6.750000000000003411e+02
6.750000000000003411e+02
6.750000000000003411e+02
6.750000000000003411e+02
6.750000000000003411e+02
6.750000000000003411e+02
6.750000000000003411e+02
6.750000000000003411e+02
6.750000000000003411e+02
6.750000000000003411e+02
6.750000000000003411e+02
6.750000000000003411e+02
6.750000000000003411e+02
6.750000000000003411e+02
6.750000000000003411e+02
6.750000000000003411e+02
6.750000000000003411e+02
6.750000000000003411e+02
6.750000000000003411e+02
6.750000000000003411e+02
6.750000000000003411e+02
6.750000000000003411e+02
6.750000000000003411e+02
6.750000000000003411e+02
6.750000000000003411e+02
6.750000000000003411e+02
6.750000000000003411e+02
6.750000000000003411e+02
6.750000000000003411e+02
6.750000000000003411e+02
6.750000000000003411e+02
6.750000000000003411e+02
6.750000000000003411e+02
6.750000000000003411e+02
6.750000000000003411e+02
6.750000000000003411e+02
6.750000000000003411e+02
6.750000000000003411e+02
6.750000000000003411e+02
6.750000000000003411e+02
6.750000000000003411e+02
6.750000000000003411e+02
6.750000000000003411e+02
6.750000000000003411e+02
6.750000000000003411e+02
6.750000000000003411e+02
6.750000000000003411e+02
6.750000000000003411e+02
6.750000000000003411e+02
6.750000000000003411e+02
6.750000000000003411e+02
6.750000000000003411e+02
6.750000000000003411e+02
6.750000000000003411e+02
6.750000000000003411e+02
6.750000000000003411e+02
6.750000000000003411e+02
6.750000000000003411e+02
6.750000000000003411e+02
6.750000000000003411e+02
6.750000000000003411e+02
6.750000000000003411e+02
6.750000000000003411e+02
6.750000000000003411e+02
6.750000000000003411e+02
6.750000000000003411e+02
6.750000000000003411e+02
6.750000000000003411e+02
6.750000000000003411e+02
6.750000000000003411e+02
6.750000000000003411e+02
6.750000000000003411e+02
6.750000000000003411e+02
6.750000000000003411e+02
6.750000000000003411e+02
6.750000000000003411e+02
6.750000000000003411e+02
6.750000000000003411e+02
6.750000000000003411e+02
6.750000000000003411e+02
6.750000000000003411e+02
6.750000000000003411e+02
6.750000000000003411e+02
6.750000000000003411e+02
6.750000000000003411e+02
6.750000000000003411e+02
6.750000000000003411e+02
6.750000000000003411e+02
6.750000000000003411e+02
6.750000000000003411e+02
6.750000000000003411e+02
6.750000000000003411e+02
6.750000000000003411e+02
6.750000000000003411e+02
6.750000000000003411e+02
6.750000000000003411e+02
6.750000000000003411e+02
6.750000000000003411e+02
6.750000000000003411e+02
6.750000000000003411e+02
6.750000000000003411e+02
6.750000000000003411e+02
6.750000000000003411e+02
6.750000000000003411e+02
6.750000000000003411e+02
6.750000000000003411e+02
6.750000000000003411e+02
6.750000000000003411e+02
6.750000000000003411e+02
6.750000000000003411e+02
6.750000000000003411e+02
6.750000000000003411e+02
6.750000000000003411e+02
6.750000000000003411e+02
6.750000000000003411e+02
6.750000000000003411e+02
6.750000000000003411e+02
6.750000000000003411e+02
6.750000000000003411e+02
6.750000000000003411e+02
6.750000000000003411e+02
6.750000000000003411e+02
6.750000000000003411e+02
6.750000000000003411e+02
6.750000000000003411e+02
6.750000000000003411e+02
6.750000000000003411e+02
6.750000000000003411e+02
6.750000000000003411e+02
6.750000000000003411e+02
6.750000000000003411e+02
6.750000000000003411e+02
6.750000000000003411e+02
6.750000000000003411e+02
6.750000000000003411e+02
6.750000000000003411e+02
6.750000000000003411e+02
6.750000000000003411e+02
6.750000000000003411e+02
6.750000000000003411e+02
6.750000000000003411e+02
6.750000000000003411e+02
6.750000000000003411e+02
6.750000000000003411e+02
6.750000000000003411e+02
6.750000000000003411e+02
6.750000000000003411e+02
6.750000000000003411e+02
6.750000000000003411e+02
6.750000000000003411e+02
6.750000000000003411e+02
6.750000000000003411e+02
6.750000000000003411e+02
6.750000000000003411e+02
6.750000000000003411e+02
6.750000000000003411e+02
6.750000000000003411e+02
6.750000000000003411e+02
6.750000000000003411e+02
6.750000000000003411e+02
6.750000000000003411e+02
6.750000000000003411e+02
6.750000000000003411e+02
6.750000000000003411e+02
6.750000000000003411e+02
6.750000000000003411e+02
6.750000000000003411e+02
6.750000000000003411e+02
6.750000000000003411e+02
6.750000000000003411e+02
6.750000000000003411e+02
6.750000000000003411e+02
6.750000000000003411e+02
6.750000000000003411e+02
6.750000000000003411e+02
6.750000000000003411e+02
6.750000000000003411e+02
6.750000000000003411e+02
6.750000000000003411e+02
6.750000000000003411e+02
6.750000000000003411e+02
6.750000000000003411e+02
6.750000000000003411e+02
6.750000000000003411e+02
6.750000000000003411e+02
6.750000000000003411e+02
6.750000000000003411e+02
6.750000000000003411e+02
6.750000000000003411e+02
6.750000000000003411e+02
6.750000000000003411e+02
6.750000000000003411e+02
6.750000000000003411e+02
6.750000000000003411e+02
6.750000000000003411e+02
6.750000000000003411e+02
6.750000000000003411e+02
6.750000000000003411e+02
6.750000000000003411e+02
6.750000000000003411e+02
6.750000000000003411e+02
6.750000000000003411e+02
6.750000000000003411e+02
6.750000000000003411e+02
6.750000000000003411e+02
6.750000000000003411e+02
6.750000000000003411e+02
6.750000000000003411e+02
6.750000000000003411e+02
6.750000000000003411e+02
6.750000000000003411e+02
6.750000000000003411e+02
6.750000000000003411e+02
6.750000000000003411e+02
6.750000000000003411e+02
6.750000000000003411e+02
6.750000000000003411e+02
6.750000000000003411e+02
6.750000000000003411e+02
6.750000000000003411e+02
6.750000000000003411e+02
6.750000000000003411e+02
6.750000000000003411e+02
6.750000000000003411e+02
6.750000000000003411e+02
6.750000000000003411e+02
6.750000000000003411e+02
6.750000000000003411e+02
6.750000000000003411e+02
6.750000000000003411e+02
6.750000000000003411e+02
6.750000000000003411e+02
6.750000000000003411e+02
6.750000000000003411e+02
6.750000000000003411e+02
6.750000000000003411e+02
6.750000000000003411e+02
6.750000000000003411e+02
6.750000000000003411e+02
6.750000000000003411e+02
6.750000000000003411e+02
6.750000000000003411e+02
6.750000000000003411e+02
6.750000000000003411e+02
6.750000000000003411e+02
6.750000000000003411e+02
6.750000000000003411e+02
6.750000000000003411e+02
6.750000000000003411e+02
6.750000000000003411e+02
6.750000000000003411e+02
6.750000000000003411e+02
6.750000000000003411e+02
6.750000000000003411e+02
6.750000000000003411e+02
6.750000000000003411e+02
6.750000000000003411e+02
6.750000000000003411e+02
6.750000000000003411e+02
6.750000000000003411e+02
6.750000000000003411e+02
6.750000000000003411e+02
6.750000000000003411e+02
6.750000000000003411e+02
6.750000000000003411e+02
6.750000000000003411e+02
6.750000000000003411e+02
6.750000000000003411e+02
6.750000000000003411e+02
6.750000000000003411e+02
6.750000000000003411e+02
6.750000000000003411e+02
6.750000000000003411e+02
6.750000000000003411e+02
6.750000000000003411e+02
6.750000000000003411e+02
6.750000000000003411e+02
6.750000000000003411e+02
6.750000000000003411e+02
6.750000000000003411e+02
6.750000000000003411e+02
6.750000000000003411e+02
6.750000000000003411e+02
6.750000000000003411e+02
6.750000000000003411e+02
6.750000000000003411e+02
6.750000000000003411e+02
6.750000000000003411e+02
6.750000000000003411e+02
6.750000000000003411e+02
6.750000000000003411e+02
6.750000000000003411e+02
6.750000000000003411e+02
6.750000000000003411e+02
6.750000000000003411e+02
6.750000000000003411e+02
6.750000000000003411e+02
6.750000000000003411e+02
6.750000000000003411e+02
6.750000000000003411e+02
6.750000000000003411e+02
6.750000000000003411e+02
6.750000000000003411e+02
6.750000000000003411e+02
6.750000000000003411e+02
6.750000000000003411e+02
6.750000000000003411e+02
6.750000000000003411e+02
6.750000000000003411e+02
6.750000000000003411e+02
6.750000000000003411e+02
6.750000000000003411e+02
6.750000000000003411e+02
6.750000000000003411e+02
6.750000000000003411e+02
6.750000000000003411e+02
6.750000000000003411e+02
6.750000000000003411e+02
6.750000000000003411e+02
6.750000000000003411e+02
6.750000000000003411e+02
6.750000000000003411e+02
6.750000000000003411e+02
6.750000000000003411e+02
6.750000000000003411e+02
6.750000000000003411e+02
6.750000000000003411e+02
6.750000000000003411e+02
6.750000000000003411e+02
6.750000000000003411e+02
6.750000000000003411e+02
6.750000000000003411e+02
6.750000000000003411e+02
6.750000000000003411e+02
6.750000000000003411e+02
6.750000000000003411e+02
6.750000000000003411e+02
6.750000000000003411e+02
6.750000000000003411e+02
6.750000000000003411e+02
6.750000000000003411e+02
6.750000000000003411e+02
6.750000000000003411e+02
6.750000000000003411e+02
6.750000000000003411e+02
6.750000000000003411e+02
6.750000000000003411e+02
6.750000000000003411e+02
6.750000000000003411e+02
6.750000000000003411e+02
6.750000000000003411e+02
6.750000000000003411e+02
6.750000000000003411e+02
6.750000000000003411e+02
6.750000000000003411e+02
6.750000000000003411e+02
6.750000000000003411e+02
6.750000000000003411e+02
6.750000000000003411e+02
6.750000000000003411e+02
6.750000000000003411e+02
6.750000000000003411e+02
6.750000000000003411e+02
6.750000000000003411e+02
6.750000000000003411e+02
6.750000000000003411e+02
6.750000000000003411e+02
6.750000000000003411e+02
6.750000000000003411e+02
6.750000000000003411e+02
6.750000000000003411e+02
6.750000000000003411e+02
6.750000000000003411e+02
6.750000000000003411e+02
6.750000000000003411e+02
6.750000000000003411e+02
6.750000000000003411e+02
6.750000000000003411e+02
6.750000000000003411e+02
6.750000000000003411e+02
6.750000000000003411e+02
6.750000000000003411e+02
6.750000000000003411e+02
6.750000000000003411e+02
6.750000000000003411e+02
6.750000000000003411e+02
6.750000000000003411e+02
6.750000000000003411e+02
6.750000000000003411e+02
6.750000000000003411e+02
6.750000000000003411e+02
6.750000000000003411e+02
6.750000000000003411e+02
6.750000000000003411e+02
6.750000000000003411e+02
6.750000000000003411e+02
6.750000000000003411e+02
6.750000000000003411e+02
6.750000000000003411e+02
6.750000000000003411e+02
6.750000000000003411e+02
6.750000000000003411e+02
6.750000000000003411e+02
6.750000000000003411e+02
6.750000000000003411e+02
6.750000000000003411e+02
6.750000000000003411e+02
6.750000000000003411e+02
6.750000000000003411e+02
6.750000000000003411e+02
6.750000000000003411e+02
6.750000000000003411e+02
6.750000000000003411e+02
6.750000000000003411e+02
6.750000000000003411e+02
6.750000000000003411e+02
6.750000000000003411e+02
6.750000000000003411e+02
6.750000000000003411e+02
6.750000000000003411e+02
6.750000000000003411e+02
6.750000000000003411e+02
6.750000000000003411e+02
6.750000000000003411e+02
6.750000000000003411e+02
6.750000000000003411e+02
6.750000000000003411e+02
6.750000000000003411e+02
6.750000000000003411e+02
6.750000000000003411e+02
6.750000000000003411e+02
6.750000000000003411e+02
6.750000000000003411e+02
6.750000000000003411e+02
6.750000000000003411e+02
6.750000000000003411e+02
6.750000000000003411e+02
6.750000000000003411e+02
6.750000000000003411e+02
6.750000000000003411e+02
6.750000000000003411e+02
6.750000000000003411e+02
6.750000000000003411e+02
6.750000000000003411e+02
6.750000000000003411e+02
6.750000000000003411e+02
6.750000000000003411e+02
6.750000000000003411e+02
6.750000000000003411e+02
6.750000000000003411e+02
6.750000000000003411e+02
6.750000000000003411e+02
6.750000000000003411e+02
6.750000000000003411e+02
6.750000000000003411e+02
6.750000000000003411e+02
6.750000000000003411e+02
6.750000000000003411e+02
6.750000000000003411e+02
6.750000000000003411e+02
6.750000000000003411e+02
6.750000000000003411e+02
6.750000000000003411e+02
6.750000000000003411e+02
6.750000000000003411e+02
6.750000000000003411e+02
6.750000000000003411e+02
6.750000000000003411e+02
6.750000000000003411e+02
6.750000000000003411e+02
6.750000000000003411e+02
6.750000000000003411e+02
6.750000000000003411e+02
6.750000000000003411e+02
6.750000000000003411e+02
6.750000000000003411e+02
6.750000000000003411e+02
6.750000000000003411e+02
6.750000000000003411e+02
6.750000000000003411e+02
6.750000000000003411e+02
6.750000000000003411e+02
6.750000000000003411e+02
6.750000000000003411e+02
6.750000000000003411e+02
6.750000000000003411e+02
6.750000000000003411e+02
6.750000000000003411e+02
6.750000000000003411e+02
6.750000000000003411e+02
6.750000000000003411e+02
6.750000000000003411e+02
6.750000000000003411e+02
6.750000000000003411e+02
6.750000000000003411e+02
6.750000000000003411e+02
6.750000000000003411e+02
6.750000000000003411e+02
6.750000000000003411e+02
6.750000000000003411e+02
6.750000000000003411e+02
6.750000000000003411e+02
6.750000000000003411e+02
6.750000000000003411e+02
6.750000000000003411e+02
6.750000000000003411e+02
6.750000000000003411e+02
6.750000000000003411e+02
6.750000000000003411e+02
6.750000000000003411e+02
6.750000000000003411e+02
6.750000000000003411e+02
6.750000000000003411e+02
6.750000000000003411e+02
6.750000000000003411e+02
6.750000000000003411e+02
6.750000000000003411e+02
6.750000000000003411e+02
6.750000000000003411e+02
6.750000000000003411e+02
6.750000000000003411e+02
6.750000000000003411e+02
6.750000000000003411e+02
6.750000000000003411e+02
6.750000000000003411e+02
6.750000000000003411e+02
6.750000000000003411e+02
6.750000000000003411e+02
6.750000000000003411e+02
6.750000000000003411e+02
6.750000000000003411e+02
6.750000000000003411e+02
6.750000000000003411e+02
6.750000000000003411e+02
6.750000000000003411e+02
6.750000000000003411e+02
6.750000000000003411e+02
6.750000000000003411e+02
6.750000000000003411e+02
6.750000000000003411e+02
6.750000000000003411e+02
6.750000000000003411e+02
6.750000000000003411e+02
6.750000000000003411e+02
6.750000000000003411e+02
6.750000000000003411e+02
6.750000000000003411e+02
6.750000000000003411e+02
6.750000000000003411e+02
6.750000000000003411e+02
6.750000000000003411e+02
6.750000000000003411e+02
6.750000000000003411e+02
6.750000000000003411e+02
6.750000000000003411e+02
6.750000000000003411e+02
6.750000000000003411e+02
6.750000000000003411e+02
6.750000000000003411e+02
6.750000000000003411e+02
6.750000000000003411e+02
6.750000000000003411e+02
6.750000000000003411e+02
6.750000000000003411e+02
6.750000000000003411e+02
6.750000000000003411e+02
6.750000000000003411e+02
6.750000000000003411e+02
6.750000000000003411e+02
6.750000000000003411e+02
6.750000000000003411e+02
6.750000000000003411e+02
6.750000000000003411e+02
6.750000000000003411e+02
6.750000000000003411e+02
6.750000000000003411e+02
6.750000000000003411e+02
6.750000000000003411e+02
6.750000000000003411e+02
6.750000000000003411e+02
6.750000000000003411e+02
6.750000000000003411e+02
6.750000000000003411e+02
6.750000000000003411e+02
6.750000000000003411e+02
6.750000000000003411e+02
6.750000000000003411e+02
6.750000000000003411e+02
6.750000000000003411e+02
6.750000000000003411e+02
6.750000000000003411e+02
6.750000000000003411e+02
6.750000000000003411e+02
6.750000000000003411e+02
6.750000000000003411e+02
6.750000000000003411e+02
6.750000000000003411e+02
6.750000000000003411e+02
6.750000000000003411e+02
6.750000000000003411e+02
6.750000000000003411e+02
6.750000000000003411e+02
6.750000000000003411e+02
6.750000000000003411e+02
6.750000000000003411e+02
6.750000000000003411e+02
6.750000000000003411e+02
6.750000000000003411e+02
6.750000000000003411e+02
6.750000000000003411e+02
6.750000000000003411e+02
6.750000000000003411e+02
6.750000000000003411e+02
6.750000000000003411e+02
6.750000000000003411e+02
6.750000000000003411e+02
6.750000000000003411e+02
6.750000000000003411e+02
6.750000000000003411e+02
6.750000000000003411e+02
6.750000000000003411e+02
6.750000000000003411e+02
6.750000000000003411e+02
6.750000000000003411e+02
6.750000000000003411e+02
6.750000000000003411e+02
6.750000000000003411e+02
6.750000000000003411e+02
6.750000000000003411e+02
6.750000000000003411e+02
6.750000000000003411e+02
6.750000000000003411e+02
6.750000000000003411e+02
6.750000000000003411e+02
6.750000000000003411e+02
6.750000000000003411e+02
6.750000000000003411e+02
6.750000000000003411e+02
6.750000000000003411e+02
6.750000000000003411e+02
6.750000000000003411e+02
6.750000000000003411e+02
6.750000000000003411e+02
6.750000000000003411e+02
6.750000000000003411e+02
6.750000000000003411e+02
6.750000000000003411e+02
6.750000000000003411e+02
6.750000000000003411e+02
6.750000000000003411e+02
6.750000000000003411e+02
6.750000000000003411e+02
6.750000000000003411e+02
6.750000000000003411e+02
6.750000000000003411e+02
6.750000000000003411e+02
6.750000000000003411e+02
6.750000000000003411e+02
6.750000000000003411e+02
6.750000000000003411e+02
6.750000000000003411e+02
6.750000000000003411e+02
6.750000000000003411e+02
6.750000000000003411e+02
6.750000000000003411e+02
6.750000000000003411e+02
6.750000000000003411e+02
6.750000000000003411e+02
6.750000000000003411e+02
6.750000000000003411e+02
6.750000000000003411e+02
6.750000000000003411e+02
6.750000000000003411e+02
6.750000000000003411e+02
6.750000000000003411e+02
6.750000000000003411e+02
6.750000000000003411e+02
6.750000000000003411e+02
6.750000000000003411e+02
6.750000000000003411e+02
6.750000000000003411e+02
6.750000000000003411e+02
6.750000000000003411e+02
6.750000000000003411e+02
6.750000000000003411e+02
6.750000000000003411e+02
6.750000000000003411e+02
6.750000000000003411e+02
6.750000000000003411e+02
6.750000000000003411e+02
6.750000000000003411e+02
6.750000000000003411e+02
6.750000000000003411e+02
6.750000000000003411e+02
6.750000000000003411e+02
6.750000000000003411e+02
6.750000000000003411e+02
6.750000000000003411e+02
6.750000000000003411e+02
6.750000000000003411e+02
6.750000000000003411e+02
6.750000000000003411e+02
6.750000000000003411e+02
6.750000000000003411e+02
6.750000000000003411e+02
6.750000000000003411e+02
6.750000000000003411e+02
6.750000000000003411e+02
6.750000000000003411e+02
6.750000000000003411e+02
6.750000000000003411e+02
6.750000000000003411e+02
6.750000000000003411e+02
6.750000000000003411e+02
6.750000000000003411e+02
6.750000000000003411e+02
6.750000000000003411e+02
6.750000000000003411e+02
6.750000000000003411e+02
