2.010000000000000000e+02
2.017999999999999545e+02
2.025999999999999091e+02
2.033999999999998636e+02
2.041999999999998181e+02
2.049999999999997726e+02
2.057999999999997272e+02
2.065999999999996817e+02
2.073999999999996362e+02
2.081999999999995907e+02
2.089999999999995453e+02
2.097999999999994998e+02
2.105999999999994543e+02
2.113999999999994088e+02
2.121999999999993634e+02
2.129999999999993179e+02
2.137999999999992724e+02
2.145999999999992269e+02
2.153999999999991815e+02
2.161999999999991360e+02
2.169999999999990905e+02
2.177999999999990450e+02
2.185999999999989996e+02
2.193999999999989541e+02
2.201999999999989086e+02
2.209999999999988631e+02
2.217999999999988177e+02
2.225999999999987722e+02
2.233999999999987267e+02
2.241999999999986812e+02
2.249999999999986358e+02
2.257999999999985903e+02
2.265999999999985448e+02
2.273999999999984993e+02
2.281999999999984539e+02
2.289999999999984084e+02
2.297999999999983629e+02
2.305999999999983174e+02
2.313999999999982720e+02
2.321999999999982265e+02
2.329999999999981810e+02
2.337999999999981355e+02
2.345999999999980901e+02
2.353999999999980446e+02
2.361999999999979991e+02
2.369999999999979536e+02
2.377999999999979082e+02
2.385999999999978627e+02
2.393999999999978172e+02
2.401999999999977717e+02
2.409999999999977263e+02
2.417999999999976808e+02
2.425999999999976353e+02
2.433999999999975898e+02
2.441999999999975444e+02
2.449999999999974989e+02
2.457999999999974534e+02
2.465999999999974079e+02
2.473999999999973625e+02
2.481999999999973170e+02
2.489999999999972715e+02
2.497999999999972260e+02
2.505999999999971806e+02
2.513999999999971351e+02
2.521999999999970896e+02
2.529999999999970441e+02
2.537999999999969987e+02
2.545999999999969532e+02
2.553999999999969077e+02
2.561999999999968622e+02
2.569999999999968168e+02
2.577999999999967713e+02
2.585999999999967258e+02
2.593999999999966803e+02
2.601999999999966349e+02
2.609999999999965894e+02
2.617999999999965439e+02
2.625999999999964984e+02
2.633999999999964530e+02
2.641999999999964075e+02
2.649999999999963620e+02
2.657999999999963165e+02
2.665999999999962711e+02
2.673999999999962256e+02
2.681999999999961801e+02
2.689999999999961346e+02
2.697999999999960892e+02
2.705999999999960437e+02
2.713999999999959982e+02
2.721999999999959527e+02
2.729999999999959073e+02
2.737999999999958618e+02
2.745999999999958163e+02
2.753999999999957708e+02
2.761999999999957254e+02
2.769999999999956799e+02
2.777999999999956344e+02
2.785999999999955890e+02
2.793999999999955435e+02
2.801999999999954980e+02
2.809999999999954525e+02
2.817999999999954071e+02
2.825999999999953616e+02
2.833999999999953161e+02
2.841999999999952706e+02
2.849999999999952252e+02
2.857999999999951797e+02
2.865999999999951342e+02
2.873999999999950887e+02
2.881999999999950433e+02
2.889999999999949978e+02
2.897999999999949523e+02
2.905999999999949068e+02
2.913999999999948614e+02
2.921999999999948159e+02
2.929999999999947704e+02
2.937999999999947249e+02
2.945999999999946795e+02
2.953999999999946340e+02
2.961999999999945885e+02
2.969999999999945430e+02
2.977999999999944976e+02
2.985999999999944521e+02
2.993999999999944066e+02
3.001999999999943611e+02
3.009999999999943157e+02
3.017999999999942702e+02
3.025999999999942247e+02
3.033999999999941792e+02
3.041999999999941338e+02
3.049999999999940883e+02
3.057999999999940428e+02
3.065999999999939973e+02
3.073999999999939519e+02
3.081999999999939064e+02
3.089999999999938609e+02
3.097999999999938154e+02
3.105999999999937700e+02
3.113999999999937245e+02
3.121999999999936790e+02
3.129999999999936335e+02
3.137999999999935881e+02
3.145999999999935426e+02
3.153999999999934971e+02
3.161999999999934516e+02
3.169999999999934062e+02
3.177999999999933607e+02
3.185999999999933152e+02
3.193999999999932697e+02
3.201999999999932243e+02
3.209999999999931788e+02
3.217999999999931333e+02
3.225999999999930878e+02
3.233999999999930424e+02
3.241999999999929969e+02
3.249999999999929514e+02
3.257999999999929059e+02
3.265999999999928605e+02
3.273999999999928150e+02
3.281999999999927695e+02
3.289999999999927240e+02
3.297999999999926786e+02
3.305999999999926331e+02
3.313999999999925876e+02
3.321999999999925421e+02
3.329999999999924967e+02
3.337999999999924512e+02
3.345999999999924057e+02
3.353999999999923602e+02
3.361999999999923148e+02
3.369999999999922693e+02
3.377999999999922238e+02
3.385999999999921783e+02
3.393999999999921329e+02
3.401999999999920874e+02
3.409999999999920419e+02
3.417999999999919964e+02
3.425999999999919510e+02
3.433999999999919055e+02
3.441999999999918600e+02
3.449999999999918145e+02
3.457999999999917691e+02
3.465999999999917236e+02
3.473999999999916781e+02
3.481999999999916326e+02
3.489999999999915872e+02
3.497999999999915417e+02
3.505999999999914962e+02
3.513999999999914507e+02
3.521999999999914053e+02
3.529999999999913598e+02
3.537999999999913143e+02
3.545999999999912689e+02
3.553999999999912234e+02
3.561999999999911779e+02
3.569999999999911324e+02
3.577999999999910870e+02
3.585999999999910415e+02
3.593999999999909960e+02
3.601999999999909505e+02
3.609999999999909051e+02
3.617999999999908596e+02
3.625999999999908141e+02
3.633999999999907686e+02
3.641999999999907232e+02
3.649999999999906777e+02
3.657999999999906322e+02
3.665999999999905867e+02
3.673999999999905413e+02
3.681999999999904958e+02
3.689999999999904503e+02
3.697999999999904048e+02
3.705999999999903594e+02
3.713999999999903139e+02
3.721999999999902684e+02
3.729999999999902229e+02
3.737999999999901775e+02
3.745999999999901320e+02
3.753999999999900865e+02
3.761999999999900410e+02
3.769999999999899956e+02
3.777999999999899501e+02
3.785999999999899046e+02
3.793999999999898591e+02
3.801999999999898137e+02
3.809999999999897682e+02
3.817999999999897227e+02
3.825999999999896772e+02
3.833999999999896318e+02
3.841999999999895863e+02
3.849999999999895408e+02
3.857999999999894953e+02
3.865999999999894499e+02
3.873999999999894044e+02
3.881999999999893589e+02
3.889999999999893134e+02
3.897999999999892680e+02
3.905999999999892225e+02
3.913999999999891770e+02
3.921999999999891315e+02
3.929999999999890861e+02
3.937999999999890406e+02
3.945999999999889951e+02
3.953999999999889496e+02
3.961999999999889042e+02
3.969999999999888587e+02
3.977999999999888132e+02
3.985999999999887677e+02
3.993999999999887223e+02
4.001999999999886768e+02
4.009999999999886313e+02
4.017999999999885858e+02
4.025999999999885404e+02
4.033999999999884949e+02
4.041999999999884494e+02
4.049999999999884039e+02
4.057999999999883585e+02
4.065999999999883130e+02
4.073999999999882675e+02
4.081999999999882220e+02
4.089999999999881766e+02
4.097999999999881311e+02
4.105999999999880856e+02
4.113999999999880401e+02
4.121999999999879947e+02
4.129999999999879492e+02
4.137999999999879037e+02
4.145999999999878582e+02
4.153999999999878128e+02
4.161999999999877673e+02
4.169999999999877218e+02
4.177999999999876763e+02
4.185999999999876309e+02
4.193999999999875854e+02
4.201999999999875399e+02
4.209999999999874944e+02
4.217999999999874490e+02
4.225999999999874035e+02
4.233999999999873580e+02
4.241999999999873125e+02
4.249999999999872671e+02
4.257999999999872216e+02
4.265999999999871761e+02
4.273999999999871306e+02
4.281999999999870852e+02
4.289999999999870397e+02
4.297999999999869942e+02
4.305999999999869488e+02
4.313999999999869033e+02
4.321999999999868578e+02
4.329999999999868123e+02
4.337999999999867669e+02
4.345999999999867214e+02
4.353999999999866759e+02
4.361999999999866304e+02
4.369999999999865850e+02
4.377999999999865395e+02
4.385999999999864940e+02
4.393999999999864485e+02
4.401999999999864031e+02
4.409999999999863576e+02
4.417999999999863121e+02
4.425999999999862666e+02
4.433999999999862212e+02
4.441999999999861757e+02
4.449999999999861302e+02
4.457999999999860847e+02
4.465999999999860393e+02
4.473999999999859938e+02
4.481999999999859483e+02
4.489999999999859028e+02
4.497999999999858574e+02
4.505999999999858119e+02
4.513999999999857664e+02
4.521999999999857209e+02
4.529999999999856755e+02
4.537999999999856300e+02
4.545999999999855845e+02
4.553999999999855390e+02
4.561999999999854936e+02
4.569999999999854481e+02
4.577999999999854026e+02
4.585999999999853571e+02
4.593999999999853117e+02
4.601999999999852662e+02
4.609999999999852207e+02
4.617999999999851752e+02
4.625999999999851298e+02
4.633999999999850843e+02
4.641999999999850388e+02
4.649999999999849933e+02
4.657999999999849479e+02
4.665999999999849024e+02
4.673999999999848569e+02
4.681999999999848114e+02
4.689999999999847660e+02
4.697999999999847205e+02
4.705999999999846750e+02
4.713999999999846295e+02
4.721999999999845841e+02
4.729999999999845386e+02
4.737999999999844931e+02
4.745999999999844476e+02
4.753999999999844022e+02
4.761999999999843567e+02
4.769999999999843112e+02
4.777999999999842657e+02
4.785999999999842203e+02
4.793999999999841748e+02
4.801999999999841293e+02
4.809999999999840838e+02
4.817999999999840384e+02
4.825999999999839929e+02
4.833999999999839474e+02
4.841999999999839019e+02
4.849999999999838565e+02
4.857999999999838110e+02
4.865999999999837655e+02
4.873999999999837200e+02
4.881999999999836746e+02
4.889999999999836291e+02
4.897999999999835836e+02
4.905999999999835381e+02
4.913999999999834927e+02
4.921999999999834472e+02
4.929999999999834017e+02
4.937999999999833562e+02
4.945999999999833108e+02
4.953999999999832653e+02
4.961999999999832198e+02
4.969999999999831743e+02
4.977999999999831289e+02
4.985999999999830834e+02
4.993999999999830379e+02
5.001999999999829924e+02
5.009999999999829470e+02
5.017999999999829015e+02
5.025999999999828560e+02
5.033999999999828106e+02
5.041999999999827651e+02
5.049999999999827196e+02
5.057999999999826741e+02
5.065999999999826287e+02
5.073999999999825832e+02
5.081999999999825377e+02
5.089999999999824922e+02
5.097999999999824468e+02
5.105999999999824013e+02
5.113999999999823558e+02
5.121999999999823103e+02
5.129999999999822649e+02
5.137999999999822194e+02
5.145999999999821739e+02
5.153999999999821284e+02
5.161999999999820830e+02
5.169999999999820375e+02
5.177999999999819920e+02
5.185999999999819465e+02
5.193999999999819011e+02
5.201999999999818556e+02
5.209999999999818101e+02
5.217999999999817646e+02
5.225999999999817192e+02
5.233999999999816737e+02
5.241999999999816282e+02
5.249999999999815827e+02
5.257999999999815373e+02
5.265999999999814918e+02
5.273999999999814463e+02
5.281999999999814008e+02
5.289999999999813554e+02
5.297999999999813099e+02
5.305999999999812644e+02
5.313999999999812189e+02
5.321999999999811735e+02
5.329999999999811280e+02
5.337999999999810825e+02
5.345999999999810370e+02
5.353999999999809916e+02
5.361999999999809461e+02
5.369999999999809006e+02
5.377999999999808551e+02
5.385999999999808097e+02
5.393999999999807642e+02
5.401999999999807187e+02
5.409999999999806732e+02
5.417999999999806278e+02
5.425999999999805823e+02
5.433999999999805368e+02
5.441999999999804913e+02
5.449999999999804459e+02
5.457999999999804004e+02
5.465999999999803549e+02
5.473999999999803094e+02
5.481999999999802640e+02
5.489999999999802185e+02
5.497999999999801730e+02
5.505999999999801275e+02
5.513999999999800821e+02
5.521999999999800366e+02
5.529999999999799911e+02
5.537999999999799456e+02
5.545999999999799002e+02
5.553999999999798547e+02
5.561999999999798092e+02
5.569999999999797637e+02
5.577999999999797183e+02
5.585999999999796728e+02
5.593999999999796273e+02
5.601999999999795818e+02
5.609999999999795364e+02
5.617999999999794909e+02
5.625999999999794454e+02
5.633999999999793999e+02
5.641999999999793545e+02
5.649999999999793090e+02
5.657999999999792635e+02
5.665999999999792180e+02
5.673999999999791726e+02
5.681999999999791271e+02
5.689999999999790816e+02
5.697999999999790361e+02
5.705999999999789907e+02
5.713999999999789452e+02
5.721999999999788997e+02
5.729999999999788542e+02
5.737999999999788088e+02
5.745999999999787633e+02
5.753999999999787178e+02
5.761999999999786723e+02
5.769999999999786269e+02
5.777999999999785814e+02
5.785999999999785359e+02
5.793999999999784905e+02
5.801999999999784450e+02
5.809999999999783995e+02
5.817999999999783540e+02
5.825999999999783086e+02
5.833999999999782631e+02
5.841999999999782176e+02
5.849999999999781721e+02
5.857999999999781267e+02
5.865999999999780812e+02
5.873999999999780357e+02
5.881999999999779902e+02
5.889999999999779448e+02
5.897999999999778993e+02
5.905999999999778538e+02
5.913999999999778083e+02
5.921999999999777629e+02
5.929999999999777174e+02
5.937999999999776719e+02
5.945999999999776264e+02
5.953999999999775810e+02
5.961999999999775355e+02
5.969999999999774900e+02
5.977999999999774445e+02
5.985999999999773991e+02
5.993999999999773536e+02
6.001999999999773081e+02
6.009999999999772626e+02
6.017999999999772172e+02
6.025999999999771717e+02
6.033999999999771262e+02
6.041999999999770807e+02
6.049999999999770353e+02
6.057999999999769898e+02
6.065999999999769443e+02
6.073999999999768988e+02
6.081999999999768534e+02
6.089999999999768079e+02
6.097999999999767624e+02
6.105999999999767169e+02
6.113999999999766715e+02
6.121999999999766260e+02
6.129999999999765805e+02
6.137999999999765350e+02
6.145999999999764896e+02
6.153999999999764441e+02
6.161999999999763986e+02
6.169999999999763531e+02
6.177999999999763077e+02
6.185999999999762622e+02
6.193999999999762167e+02
6.201999999999761712e+02
6.209999999999761258e+02
6.217999999999760803e+02
6.225999999999760348e+02
6.233999999999759893e+02
6.241999999999759439e+02
6.249999999999758984e+02
6.257999999999758529e+02
6.265999999999758074e+02
6.273999999999757620e+02
6.281999999999757165e+02
6.289999999999756710e+02
6.297999999999756255e+02
6.305999999999755801e+02
6.313999999999755346e+02
6.321999999999754891e+02
6.329999999999754436e+02
6.337999999999753982e+02
6.345999999999753527e+02
6.353999999999753072e+02
6.361999999999752617e+02
6.369999999999752163e+02
6.377999999999751708e+02
6.385999999999751253e+02
6.393999999999750798e+02
6.401999999999750344e+02
6.409999999999749889e+02
6.417999999999749434e+02
6.425999999999748979e+02
6.433999999999748525e+02
6.441999999999748070e+02
6.449999999999747615e+02
6.457999999999747160e+02
6.465999999999746706e+02
6.473999999999746251e+02
6.481999999999745796e+02
6.489999999999745341e+02
6.497999999999744887e+02
6.505999999999744432e+02
6.513999999999743977e+02
6.521999999999743522e+02
6.529999999999743068e+02
6.537999999999742613e+02
6.545999999999742158e+02
6.553999999999741704e+02
6.561999999999741249e+02
6.569999999999740794e+02
6.577999999999740339e+02
6.585999999999739885e+02
6.593999999999739430e+02
6.601999999999738975e+02
6.609999999999738520e+02
6.617999999999738066e+02
6.625999999999737611e+02
6.633999999999737156e+02
6.641999999999736701e+02
6.649999999999736247e+02
6.657999999999735792e+02
6.665999999999735337e+02
6.673999999999734882e+02
6.681999999999734428e+02
6.689999999999733973e+02
6.697999999999733518e+02
6.705999999999733063e+02
6.713999999999732609e+02
6.721999999999732154e+02
6.729999999999731699e+02
6.737999999999731244e+02
6.745999999999730790e+02
6.753999999999730335e+02
6.761999999999729880e+02
6.769999999999729425e+02
6.777999999999728971e+02
6.785999999999728516e+02
6.793999999999728061e+02
6.801999999999727606e+02
6.809999999999727152e+02
6.817999999999726697e+02
6.825999999999726242e+02
6.833999999999725787e+02
6.841999999999725333e+02
6.849999999999724878e+02
6.857999999999724423e+02
6.865999999999723968e+02
6.873999999999723514e+02
6.881999999999723059e+02
6.889999999999722604e+02
6.897999999999722149e+02
6.905999999999721695e+02
6.913999999999721240e+02
6.921999999999720785e+02
6.929999999999720330e+02
6.937999999999719876e+02
6.945999999999719421e+02
6.953999999999718966e+02
6.961999999999718511e+02
6.969999999999718057e+02
6.977999999999717602e+02
6.985999999999717147e+02
6.993999999999716692e+02
7.001999999999716238e+02
7.009999999999715783e+02
7.017999999999715328e+02
7.025999999999714873e+02
7.033999999999714419e+02
7.041999999999713964e+02
7.049999999999713509e+02
7.057999999999713054e+02
7.065999999999712600e+02
7.073999999999712145e+02
7.081999999999711690e+02
7.089999999999711235e+02
7.097999999999710781e+02
7.105999999999710326e+02
7.113999999999709871e+02
7.121999999999709416e+02
7.129999999999708962e+02
7.137999999999708507e+02
7.145999999999708052e+02
7.153999999999707597e+02
7.161999999999707143e+02
7.169999999999706688e+02
7.177999999999706233e+02
7.185999999999705778e+02
7.193999999999705324e+02
7.201999999999704869e+02
7.209999999999704414e+02
7.217999999999703959e+02
7.225999999999703505e+02
7.233999999999703050e+02
7.241999999999702595e+02
7.249999999999702140e+02
7.257999999999701686e+02
7.265999999999701231e+02
7.273999999999700776e+02
7.281999999999700321e+02
7.289999999999699867e+02
7.297999999999699412e+02
7.305999999999698957e+02
7.313999999999698503e+02
7.321999999999698048e+02
7.329999999999697593e+02
7.337999999999697138e+02
7.345999999999696684e+02
7.353999999999696229e+02
7.361999999999695774e+02
7.369999999999695319e+02
7.377999999999694865e+02
7.385999999999694410e+02
7.393999999999693955e+02
7.401999999999693500e+02
7.409999999999693046e+02
7.417999999999692591e+02
7.425999999999692136e+02
7.433999999999691681e+02
7.441999999999691227e+02
7.449999999999690772e+02
7.457999999999690317e+02
7.465999999999689862e+02
7.473999999999689408e+02
7.481999999999688953e+02
7.489999999999688498e+02
7.497999999999688043e+02
7.505999999999687589e+02
7.513999999999687134e+02
7.521999999999686679e+02
7.529999999999686224e+02
7.537999999999685770e+02
7.545999999999685315e+02
7.553999999999684860e+02
7.561999999999684405e+02
7.569999999999683951e+02
7.577999999999683496e+02
7.585999999999683041e+02
7.593999999999682586e+02
7.601999999999682132e+02
7.609999999999681677e+02
7.617999999999681222e+02
7.625999999999680767e+02
7.633999999999680313e+02
7.641999999999679858e+02
7.649999999999679403e+02
7.657999999999678948e+02
7.665999999999678494e+02
7.673999999999678039e+02
7.681999999999677584e+02
7.689999999999677129e+02
7.697999999999676675e+02
7.705999999999676220e+02
7.713999999999675765e+02
7.721999999999675310e+02
7.729999999999674856e+02
7.737999999999674401e+02
7.745999999999673946e+02
7.753999999999673491e+02
7.761999999999673037e+02
7.769999999999672582e+02
7.777999999999672127e+02
7.785999999999671672e+02
7.793999999999671218e+02
7.801999999999670763e+02
7.809999999999670308e+02
7.817999999999669853e+02
7.825999999999669399e+02
7.833999999999668944e+02
7.841999999999668489e+02
7.849999999999668034e+02
7.857999999999667580e+02
7.865999999999667125e+02
7.873999999999666670e+02
7.881999999999666215e+02
7.889999999999665761e+02
7.897999999999665306e+02
7.905999999999664851e+02
7.913999999999664396e+02
7.921999999999663942e+02
7.929999999999663487e+02
7.937999999999663032e+02
7.945999999999662577e+02
7.953999999999662123e+02
7.961999999999661668e+02
7.969999999999661213e+02
7.977999999999660758e+02
7.985999999999660304e+02
7.993999999999659849e+02
8.001999999999659394e+02
8.009999999999658939e+02
8.017999999999658485e+02
8.025999999999658030e+02
8.033999999999657575e+02
8.041999999999657120e+02
8.049999999999656666e+02
8.057999999999656211e+02
8.065999999999655756e+02
8.073999999999655302e+02
8.081999999999654847e+02
8.089999999999654392e+02
8.097999999999653937e+02
8.105999999999653483e+02
8.113999999999653028e+02
8.121999999999652573e+02
8.129999999999652118e+02
8.137999999999651664e+02
8.145999999999651209e+02
8.153999999999650754e+02
8.161999999999650299e+02
8.169999999999649845e+02
8.177999999999649390e+02
8.185999999999648935e+02
8.193999999999648480e+02
8.201999999999648026e+02
8.209999999999647571e+02
8.217999999999647116e+02
8.225999999999646661e+02
8.233999999999646207e+02
8.241999999999645752e+02
8.249999999999645297e+02
8.257999999999644842e+02
8.265999999999644388e+02
8.273999999999643933e+02
8.281999999999643478e+02
8.289999999999643023e+02
8.297999999999642569e+02
8.305999999999642114e+02
8.313999999999641659e+02
8.321999999999641204e+02
8.329999999999640750e+02
8.337999999999640295e+02
8.345999999999639840e+02
8.353999999999639385e+02
8.361999999999638931e+02
8.369999999999638476e+02
8.377999999999638021e+02
8.385999999999637566e+02
8.393999999999637112e+02
8.401999999999636657e+02
8.409999999999636202e+02
8.417999999999635747e+02
8.425999999999635293e+02
8.433999999999634838e+02
8.441999999999634383e+02
8.449999999999633928e+02
8.457999999999633474e+02
8.465999999999633019e+02
8.473999999999632564e+02
8.481999999999632109e+02
8.489999999999631655e+02
8.497999999999631200e+02
8.505999999999630745e+02
8.513999999999630290e+02
8.521999999999629836e+02
8.529999999999629381e+02
8.537999999999628926e+02
8.545999999999628471e+02
8.553999999999628017e+02
8.561999999999627562e+02
8.569999999999627107e+02
8.577999999999626652e+02
8.585999999999626198e+02
8.593999999999625743e+02
8.601999999999625288e+02
8.609999999999624833e+02
8.617999999999624379e+02
8.625999999999623924e+02
8.633999999999623469e+02
8.641999999999623014e+02
8.649999999999622560e+02
8.657999999999622105e+02
8.665999999999621650e+02
8.673999999999621195e+02
8.681999999999620741e+02
8.689999999999620286e+02
8.697999999999619831e+02
8.705999999999619376e+02
8.713999999999618922e+02
8.721999999999618467e+02
8.729999999999618012e+02
8.737999999999617557e+02
8.745999999999617103e+02
8.753999999999616648e+02
8.761999999999616193e+02
8.769999999999615738e+02
8.777999999999615284e+02
8.785999999999614829e+02
8.793999999999614374e+02
8.801999999999613919e+02
8.809999999999613465e+02
8.817999999999613010e+02
8.825999999999612555e+02
8.833999999999612101e+02
8.841999999999611646e+02
8.849999999999611191e+02
8.857999999999610736e+02
8.865999999999610282e+02
8.873999999999609827e+02
8.881999999999609372e+02
8.889999999999608917e+02
8.897999999999608463e+02
8.905999999999608008e+02
8.913999999999607553e+02
8.921999999999607098e+02
8.929999999999606644e+02
8.937999999999606189e+02
8.945999999999605734e+02
8.953999999999605279e+02
8.961999999999604825e+02
8.969999999999604370e+02
8.977999999999603915e+02
8.985999999999603460e+02
8.993999999999603006e+02
9.001999999999602551e+02
9.009999999999602096e+02
9.017999999999601641e+02
9.025999999999601187e+02
9.033999999999600732e+02
9.041999999999600277e+02
9.049999999999599822e+02
9.057999999999599368e+02
9.065999999999598913e+02
9.073999999999598458e+02
9.081999999999598003e+02
9.089999999999597549e+02
9.097999999999597094e+02
9.105999999999596639e+02
9.113999999999596184e+02
9.121999999999595730e+02
9.129999999999595275e+02
9.137999999999594820e+02
9.145999999999594365e+02
9.153999999999593911e+02
9.161999999999593456e+02
9.169999999999593001e+02
9.177999999999592546e+02
9.185999999999592092e+02
9.193999999999591637e+02
9.201999999999591182e+02
9.209999999999590727e+02
9.217999999999590273e+02
9.225999999999589818e+02
9.233999999999589363e+02
9.241999999999588908e+02
9.249999999999588454e+02
9.257999999999587999e+02
9.265999999999587544e+02
9.273999999999587089e+02
9.281999999999586635e+02
9.289999999999586180e+02
9.297999999999585725e+02
9.305999999999585270e+02
9.313999999999584816e+02
9.321999999999584361e+02
9.329999999999583906e+02
9.337999999999583451e+02
9.345999999999582997e+02
9.353999999999582542e+02
9.361999999999582087e+02
9.369999999999581632e+02
9.377999999999581178e+02
9.385999999999580723e+02
9.393999999999580268e+02
9.401999999999579813e+02
9.409999999999579359e+02
9.417999999999578904e+02
9.425999999999578449e+02
9.433999999999577994e+02
9.441999999999577540e+02
9.449999999999577085e+02
9.457999999999576630e+02
9.465999999999576175e+02
9.473999999999575721e+02
9.481999999999575266e+02
9.489999999999574811e+02
9.497999999999574356e+02
9.505999999999573902e+02
9.513999999999573447e+02
9.521999999999572992e+02
9.529999999999572537e+02
9.537999999999572083e+02
9.545999999999571628e+02
9.553999999999571173e+02
9.561999999999570719e+02
9.569999999999570264e+02
9.577999999999569809e+02
9.585999999999569354e+02
9.593999999999568900e+02
9.601999999999568445e+02
9.609999999999567990e+02
9.617999999999567535e+02
9.625999999999567081e+02
9.633999999999566626e+02
9.641999999999566171e+02
9.649999999999565716e+02
9.657999999999565262e+02
9.665999999999564807e+02
9.673999999999564352e+02
9.681999999999563897e+02
9.689999999999563443e+02
9.697999999999562988e+02
9.705999999999562533e+02
9.713999999999562078e+02
9.721999999999561624e+02
9.729999999999561169e+02
9.737999999999560714e+02
9.745999999999560259e+02
9.753999999999559805e+02
9.761999999999559350e+02
9.769999999999558895e+02
9.777999999999558440e+02
9.785999999999557986e+02
9.793999999999557531e+02
9.801999999999557076e+02
9.809999999999556621e+02
9.817999999999556167e+02
9.825999999999555712e+02
9.833999999999555257e+02
9.841999999999554802e+02
9.849999999999554348e+02
9.857999999999553893e+02
9.865999999999553438e+02
9.873999999999552983e+02
9.881999999999552529e+02
9.889999999999552074e+02
9.897999999999551619e+02
9.905999999999551164e+02
9.913999999999550710e+02
9.921999999999550255e+02
9.929999999999549800e+02
9.937999999999549345e+02
9.945999999999548891e+02
9.953999999999548436e+02
9.961999999999547981e+02
9.969999999999547526e+02
9.977999999999547072e+02
9.985999999999546617e+02
9.993999999999546162e+02
1.000199999999954571e+03
1.000999999999954525e+03
1.001799999999954480e+03
1.002599999999954434e+03
1.003399999999954389e+03
1.004199999999954343e+03
1.004999999999954298e+03
1.005799999999954252e+03
1.006599999999954207e+03
1.007399999999954161e+03
1.008199999999954116e+03
1.008999999999954071e+03
1.009799999999954025e+03
1.010599999999953980e+03
1.011399999999953934e+03
1.012199999999953889e+03
1.012999999999953843e+03
1.013799999999953798e+03
1.014599999999953752e+03
1.015399999999953707e+03
1.016199999999953661e+03
1.016999999999953616e+03
1.017799999999953570e+03
1.018599999999953525e+03
1.019399999999953479e+03
1.020199999999953434e+03
1.020999999999953388e+03
1.021799999999953343e+03
1.022599999999953297e+03
1.023399999999953252e+03
1.024199999999953206e+03
1.024999999999953161e+03
1.025799999999953116e+03
1.026599999999953070e+03
1.027399999999953025e+03
1.028199999999952979e+03
1.028999999999952934e+03
1.029799999999952888e+03
1.030599999999952843e+03
1.031399999999952797e+03
1.032199999999952752e+03
1.032999999999952706e+03
1.033799999999952661e+03
1.034599999999952615e+03
1.035399999999952570e+03
1.036199999999952524e+03
1.036999999999952479e+03
1.037799999999952433e+03
1.038599999999952388e+03
1.039399999999952342e+03
1.040199999999952297e+03
1.040999999999952252e+03
1.041799999999952206e+03
1.042599999999952161e+03
1.043399999999952115e+03
1.044199999999952070e+03
1.044999999999952024e+03
1.045799999999951979e+03
1.046599999999951933e+03
1.047399999999951888e+03
1.048199999999951842e+03
1.048999999999951797e+03
1.049799999999951751e+03
1.050599999999951706e+03
1.051399999999951660e+03
1.052199999999951615e+03
1.052999999999951569e+03
1.053799999999951524e+03
1.054599999999951478e+03
1.055399999999951433e+03
1.056199999999951388e+03
1.056999999999951342e+03
1.057799999999951297e+03
1.058599999999951251e+03
1.059399999999951206e+03
1.060199999999951160e+03
1.060999999999951115e+03
1.061799999999951069e+03
1.062599999999951024e+03
1.063399999999950978e+03
1.064199999999950933e+03
1.064999999999950887e+03
1.065799999999950842e+03
1.066599999999950796e+03
1.067399999999950751e+03
1.068199999999950705e+03
1.068999999999950660e+03
1.069799999999950614e+03
1.070599999999950569e+03
1.071399999999950523e+03
1.072199999999950478e+03
1.072999999999950433e+03
1.073799999999950387e+03
1.074599999999950342e+03
1.075399999999950296e+03
1.076199999999950251e+03
1.076999999999950205e+03
1.077799999999950160e+03
1.078599999999950114e+03
1.079399999999950069e+03
1.080199999999950023e+03
1.080999999999949978e+03
1.081799999999949932e+03
1.082599999999949887e+03
1.083399999999949841e+03
1.084199999999949796e+03
1.084999999999949750e+03
1.085799999999949705e+03
1.086599999999949659e+03
1.087399999999949614e+03
1.088199999999949569e+03
1.088999999999949523e+03
1.089799999999949478e+03
1.090599999999949432e+03
1.091399999999949387e+03
1.092199999999949341e+03
1.092999999999949296e+03
1.093799999999949250e+03
1.094599999999949205e+03
1.095399999999949159e+03
1.096199999999949114e+03
1.096999999999949068e+03
1.097799999999949023e+03
1.098599999999948977e+03
1.099399999999948932e+03
1.100199999999948886e+03
1.100999999999948841e+03
1.101799999999948795e+03
1.102599999999948750e+03
1.103399999999948704e+03
1.104199999999948659e+03
1.104999999999948614e+03
1.105799999999948568e+03
1.106599999999948523e+03
1.107399999999948477e+03
1.108199999999948432e+03
1.108999999999948386e+03
1.109799999999948341e+03
1.110599999999948295e+03
1.111399999999948250e+03
1.112199999999948204e+03
1.112999999999948159e+03
1.113799999999948113e+03
1.114599999999948068e+03
1.115399999999948022e+03
1.116199999999947977e+03
1.116999999999947931e+03
1.117799999999947886e+03
1.118599999999947840e+03
1.119399999999947795e+03
1.120199999999947750e+03
1.120999999999947704e+03
1.121799999999947659e+03
1.122599999999947613e+03
1.123399999999947568e+03
1.124199999999947522e+03
1.124999999999947477e+03
1.125799999999947431e+03
1.126599999999947386e+03
1.127399999999947340e+03
1.128199999999947295e+03
1.128999999999947249e+03
1.129799999999947204e+03
1.130599999999947158e+03
1.131399999999947113e+03
1.132199999999947067e+03
1.132999999999947022e+03
1.133799999999946976e+03
1.134599999999946931e+03
1.135399999999946886e+03
1.136199999999946840e+03
1.136999999999946795e+03
1.137799999999946749e+03
1.138599999999946704e+03
1.139399999999946658e+03
1.140199999999946613e+03
1.140999999999946567e+03
1.141799999999946522e+03
1.142599999999946476e+03
1.143399999999946431e+03
1.144199999999946385e+03
1.144999999999946340e+03
1.145799999999946294e+03
1.146599999999946249e+03
1.147399999999946203e+03
1.148199999999946158e+03
1.148999999999946112e+03
1.149799999999946067e+03
1.150599999999946021e+03
1.151399999999945976e+03
1.152199999999945931e+03
1.152999999999945885e+03
1.153799999999945840e+03
1.154599999999945794e+03
1.155399999999945749e+03
1.156199999999945703e+03
1.156999999999945658e+03
1.157799999999945612e+03
1.158599999999945567e+03
1.159399999999945521e+03
1.160199999999945476e+03
1.160999999999945430e+03
1.161799999999945385e+03
1.162599999999945339e+03
1.163399999999945294e+03
1.164199999999945248e+03
1.164999999999945203e+03
1.165799999999945157e+03
1.166599999999945112e+03
1.167399999999945067e+03
1.168199999999945021e+03
1.168999999999944976e+03
1.169799999999944930e+03
1.170599999999944885e+03
1.171399999999944839e+03
1.172199999999944794e+03
1.172999999999944748e+03
1.173799999999944703e+03
1.174599999999944657e+03
1.175399999999944612e+03
1.176199999999944566e+03
1.176999999999944521e+03
1.177799999999944475e+03
1.178599999999944430e+03
1.179399999999944384e+03
1.180199999999944339e+03
1.180999999999944293e+03
1.181799999999944248e+03
1.182599999999944203e+03
1.183399999999944157e+03
1.184199999999944112e+03
1.184999999999944066e+03
1.185799999999944021e+03
1.186599999999943975e+03
1.187399999999943930e+03
1.188199999999943884e+03
1.188999999999943839e+03
1.189799999999943793e+03
1.190599999999943748e+03
1.191399999999943702e+03
1.192199999999943657e+03
1.192999999999943611e+03
1.193799999999943566e+03
1.194599999999943520e+03
1.195399999999943475e+03
1.196199999999943429e+03
1.196999999999943384e+03
1.197799999999943338e+03
1.198599999999943293e+03
1.199399999999943248e+03
1.200199999999943202e+03
1.200999999999943157e+03
1.201799999999943111e+03
1.202599999999943066e+03
1.203399999999943020e+03
1.204199999999942975e+03
1.204999999999942929e+03
1.205799999999942884e+03
1.206599999999942838e+03
1.207399999999942793e+03
1.208199999999942747e+03
1.208999999999942702e+03
1.209799999999942656e+03
1.210599999999942611e+03
1.211399999999942565e+03
1.212199999999942520e+03
1.212999999999942474e+03
1.213799999999942429e+03
1.214599999999942384e+03
1.215399999999942338e+03
1.216199999999942293e+03
1.216999999999942247e+03
1.217799999999942202e+03
1.218599999999942156e+03
1.219399999999942111e+03
1.220199999999942065e+03
1.220999999999942020e+03
1.221799999999941974e+03
1.222599999999941929e+03
1.223399999999941883e+03
1.224199999999941838e+03
1.224999999999941792e+03
1.225799999999941747e+03
1.226599999999941701e+03
1.227399999999941656e+03
1.228199999999941610e+03
1.228999999999941565e+03
1.229799999999941519e+03
1.230599999999941474e+03
1.231399999999941429e+03
1.232199999999941383e+03
1.232999999999941338e+03
1.233799999999941292e+03
1.234599999999941247e+03
1.235399999999941201e+03
1.236199999999941156e+03
1.236999999999941110e+03
1.237799999999941065e+03
1.238599999999941019e+03
1.239399999999940974e+03
1.240199999999940928e+03
1.240999999999940883e+03
1.241799999999940837e+03
1.242599999999940792e+03
1.243399999999940746e+03
1.244199999999940701e+03
1.244999999999940655e+03
1.245799999999940610e+03
1.246599999999940565e+03
1.247399999999940519e+03
1.248199999999940474e+03
1.248999999999940428e+03
1.249799999999940610e+03
1.250599999999940792e+03
1.251399999999940974e+03
1.252199999999941156e+03
1.252999999999941338e+03
1.253799999999941519e+03
1.254599999999941701e+03
1.255399999999941883e+03
1.256199999999942065e+03
1.256999999999942247e+03
1.257799999999942429e+03
1.258599999999942611e+03
1.259399999999942793e+03
1.260199999999942975e+03
1.260999999999943157e+03
1.261799999999943338e+03
1.262599999999943520e+03
1.263399999999943702e+03
1.264199999999943884e+03
1.264999999999944066e+03
1.265799999999944248e+03
1.266599999999944430e+03
1.267399999999944612e+03
1.268199999999944794e+03
1.268999999999944976e+03
1.269799999999945157e+03
1.270599999999945339e+03
1.271399999999945521e+03
1.272199999999945703e+03
1.272999999999945885e+03
1.273799999999946067e+03
1.274599999999946249e+03
1.275399999999946431e+03
1.276199999999946613e+03
1.276999999999946795e+03
1.277799999999946976e+03
1.278599999999947158e+03
1.279399999999947340e+03
1.280199999999947522e+03
1.280999999999947704e+03
1.281799999999947886e+03
1.282599999999948068e+03
1.283399999999948250e+03
1.284199999999948432e+03
1.284999999999948614e+03
1.285799999999948795e+03
1.286599999999948977e+03
1.287399999999949159e+03
1.288199999999949341e+03
1.288999999999949523e+03
1.289799999999949705e+03
1.290599999999949887e+03
1.291399999999950069e+03
1.292199999999950251e+03
1.292999999999950433e+03
1.293799999999950614e+03
1.294599999999950796e+03
1.295399999999950978e+03
1.296199999999951160e+03
1.296999999999951342e+03
1.297799999999951524e+03
1.298599999999951706e+03
1.299399999999951888e+03
1.300199999999952070e+03
1.300999999999952252e+03
1.301799999999952433e+03
1.302599999999952615e+03
1.303399999999952797e+03
1.304199999999952979e+03
1.304999999999953161e+03
1.305799999999953343e+03
1.306599999999953525e+03
1.307399999999953707e+03
1.308199999999953889e+03
1.308999999999954071e+03
1.309799999999954252e+03
1.310599999999954434e+03
1.311399999999954616e+03
1.312199999999954798e+03
1.312999999999954980e+03
1.313799999999955162e+03
1.314599999999955344e+03
1.315399999999955526e+03
1.316199999999955708e+03
1.316999999999955890e+03
1.317799999999956071e+03
1.318599999999956253e+03
1.319399999999956435e+03
1.320199999999956617e+03
1.320999999999956799e+03
1.321799999999956981e+03
1.322599999999957163e+03
1.323399999999957345e+03
1.324199999999957527e+03
1.324999999999957708e+03
1.325799999999957890e+03
1.326599999999958072e+03
1.327399999999958254e+03
1.328199999999958436e+03
1.328999999999958618e+03
1.329799999999958800e+03
1.330599999999958982e+03
1.331399999999959164e+03
1.332199999999959346e+03
1.332999999999959527e+03
1.333799999999959709e+03
1.334599999999959891e+03
1.335399999999960073e+03
1.336199999999960255e+03
1.336999999999960437e+03
1.337799999999960619e+03
1.338599999999960801e+03
1.339399999999960983e+03
1.340199999999961165e+03
1.340999999999961346e+03
1.341799999999961528e+03
1.342599999999961710e+03
1.343399999999961892e+03
1.344199999999962074e+03
1.344999999999962256e+03
1.345799999999962438e+03
1.346599999999962620e+03
1.347399999999962802e+03
1.348199999999962984e+03
1.348999999999963165e+03
1.349799999999963347e+03
1.350599999999963529e+03
1.351399999999963711e+03
1.352199999999963893e+03
1.352999999999964075e+03
1.353799999999964257e+03
1.354599999999964439e+03
1.355399999999964621e+03
1.356199999999964803e+03
1.356999999999964984e+03
1.357799999999965166e+03
1.358599999999965348e+03
1.359399999999965530e+03
1.360199999999965712e+03
1.360999999999965894e+03
1.361799999999966076e+03
1.362599999999966258e+03
1.363399999999966440e+03
1.364199999999966622e+03
1.364999999999966803e+03
1.365799999999966985e+03
1.366599999999967167e+03
1.367399999999967349e+03
1.368199999999967531e+03
1.368999999999967713e+03
1.369799999999967895e+03
1.370599999999968077e+03
1.371399999999968259e+03
1.372199999999968441e+03
1.372999999999968622e+03
1.373799999999968804e+03
1.374599999999968986e+03
1.375399999999969168e+03
1.376199999999969350e+03
1.376999999999969532e+03
1.377799999999969714e+03
1.378599999999969896e+03
1.379399999999970078e+03
1.380199999999970260e+03
1.380999999999970441e+03
1.381799999999970623e+03
1.382599999999970805e+03
1.383399999999970987e+03
1.384199999999971169e+03
1.384999999999971351e+03
1.385799999999971533e+03
1.386599999999971715e+03
1.387399999999971897e+03
1.388199999999972079e+03
1.388999999999972260e+03
1.389799999999972442e+03
1.390599999999972624e+03
1.391399999999972806e+03
1.392199999999972988e+03
1.392999999999973170e+03
1.393799999999973352e+03
1.394599999999973534e+03
1.395399999999973716e+03
1.396199999999973898e+03
1.396999999999974079e+03
1.397799999999974261e+03
1.398599999999974443e+03
1.399399999999974625e+03
1.400199999999974807e+03
1.400999999999974989e+03
1.401799999999975171e+03
1.402599999999975353e+03
1.403399999999975535e+03
1.404199999999975716e+03
1.404999999999975898e+03
1.405799999999976080e+03
1.406599999999976262e+03
1.407399999999976444e+03
1.408199999999976626e+03
1.408999999999976808e+03
1.409799999999976990e+03
1.410599999999977172e+03
1.411399999999977354e+03
1.412199999999977535e+03
1.412999999999977717e+03
1.413799999999977899e+03
1.414599999999978081e+03
1.415399999999978263e+03
1.416199999999978445e+03
1.416999999999978627e+03
1.417799999999978809e+03
1.418599999999978991e+03
1.419399999999979173e+03
1.420199999999979354e+03
1.420999999999979536e+03
1.421799999999979718e+03
1.422599999999979900e+03
1.423399999999980082e+03
1.424199999999980264e+03
1.424999999999980446e+03
1.425799999999980628e+03
1.426599999999980810e+03
1.427399999999980992e+03
1.428199999999981173e+03
1.428999999999981355e+03
1.429799999999981537e+03
1.430599999999981719e+03
1.431399999999981901e+03
1.432199999999982083e+03
1.432999999999982265e+03
1.433799999999982447e+03
1.434599999999982629e+03
1.435399999999982811e+03
1.436199999999982992e+03
1.436999999999983174e+03
1.437799999999983356e+03
1.438599999999983538e+03
1.439399999999983720e+03
1.440199999999983902e+03
1.440999999999984084e+03
1.441799999999984266e+03
1.442599999999984448e+03
1.443399999999984630e+03
1.444199999999984811e+03
1.444999999999984993e+03
1.445799999999985175e+03
1.446599999999985357e+03
1.447399999999985539e+03
1.448199999999985721e+03
1.448999999999985903e+03
1.449799999999986085e+03
1.450599999999986267e+03
1.451399999999986449e+03
1.452199999999986630e+03
1.452999999999986812e+03
1.453799999999986994e+03
1.454599999999987176e+03
1.455399999999987358e+03
1.456199999999987540e+03
1.456999999999987722e+03
1.457799999999987904e+03
1.458599999999988086e+03
1.459399999999988268e+03
1.460199999999988449e+03
1.460999999999988631e+03
1.461799999999988813e+03
1.462599999999988995e+03
1.463399999999989177e+03
1.464199999999989359e+03
1.464999999999989541e+03
1.465799999999989723e+03
1.466599999999989905e+03
1.467399999999990087e+03
1.468199999999990268e+03
1.468999999999990450e+03
1.469799999999990632e+03
1.470599999999990814e+03
1.471399999999990996e+03
1.472199999999991178e+03
1.472999999999991360e+03
1.473799999999991542e+03
1.474599999999991724e+03
1.475399999999991905e+03
1.476199999999992087e+03
1.476999999999992269e+03
1.477799999999992451e+03
1.478599999999992633e+03
1.479399999999992815e+03
1.480199999999992997e+03
1.480999999999993179e+03
1.481799999999993361e+03
1.482599999999993543e+03
1.483399999999993724e+03
1.484199999999993906e+03
1.484999999999994088e+03
1.485799999999994270e+03
1.486599999999994452e+03
1.487399999999994634e+03
1.488199999999994816e+03
1.488999999999994998e+03
1.489799999999995180e+03
1.490599999999995362e+03
1.491399999999995543e+03
1.492199999999995725e+03
1.492999999999995907e+03
1.493799999999996089e+03
1.494599999999996271e+03
1.495399999999996453e+03
1.496199999999996635e+03
1.496999999999996817e+03
1.497799999999996999e+03
1.498599999999997181e+03
1.499399999999997362e+03
1.500199999999997544e+03
1.500999999999997726e+03
1.501799999999997908e+03
1.502599999999998090e+03
1.503399999999998272e+03
1.504199999999998454e+03
1.504999999999998636e+03
1.505799999999998818e+03
1.506599999999999000e+03
1.507399999999999181e+03
1.508199999999999363e+03
1.508999999999999545e+03
1.509799999999999727e+03
1.510599999999999909e+03
1.511400000000000091e+03
1.512200000000000273e+03
1.513000000000000455e+03
1.513800000000000637e+03
1.514600000000000819e+03
1.515400000000001000e+03
1.516200000000001182e+03
1.517000000000001364e+03
1.517800000000001546e+03
1.518600000000001728e+03
1.519400000000001910e+03
1.520200000000002092e+03
1.521000000000002274e+03
1.521800000000002456e+03
1.522600000000002638e+03
1.523400000000002819e+03
1.524200000000003001e+03
1.525000000000003183e+03
1.525800000000003365e+03
1.526600000000003547e+03
1.527400000000003729e+03
1.528200000000003911e+03
1.529000000000004093e+03
1.529800000000004275e+03
1.530600000000004457e+03
1.531400000000004638e+03
1.532200000000004820e+03
1.533000000000005002e+03
1.533800000000005184e+03
1.534600000000005366e+03
1.535400000000005548e+03
1.536200000000005730e+03
1.537000000000005912e+03
1.537800000000006094e+03
1.538600000000006276e+03
1.539400000000006457e+03
1.540200000000006639e+03
1.541000000000006821e+03
1.541800000000007003e+03
1.542600000000007185e+03
1.543400000000007367e+03
1.544200000000007549e+03
1.545000000000007731e+03
1.545800000000007913e+03
1.546600000000008095e+03
1.547400000000008276e+03
1.548200000000008458e+03
1.549000000000008640e+03
1.549800000000008822e+03
1.550600000000009004e+03
1.551400000000009186e+03
1.552200000000009368e+03
1.553000000000009550e+03
1.553800000000009732e+03
1.554600000000009913e+03
1.555400000000010095e+03
1.556200000000010277e+03
1.557000000000010459e+03
1.557800000000010641e+03
1.558600000000010823e+03
1.559400000000011005e+03
1.560200000000011187e+03
1.561000000000011369e+03
1.561800000000011551e+03
1.562600000000011732e+03
1.563400000000011914e+03
1.564200000000012096e+03
1.565000000000012278e+03
1.565800000000012460e+03
1.566600000000012642e+03
1.567400000000012824e+03
1.568200000000013006e+03
1.569000000000013188e+03
1.569800000000013370e+03
1.570600000000013551e+03
1.571400000000013733e+03
1.572200000000013915e+03
1.573000000000014097e+03
1.573800000000014279e+03
1.574600000000014461e+03
1.575400000000014643e+03
1.576200000000014825e+03
1.577000000000015007e+03
1.577800000000015189e+03
1.578600000000015370e+03
1.579400000000015552e+03
1.580200000000015734e+03
1.581000000000015916e+03
1.581800000000016098e+03
1.582600000000016280e+03
1.583400000000016462e+03
1.584200000000016644e+03
1.585000000000016826e+03
1.585800000000017008e+03
1.586600000000017189e+03
1.587400000000017371e+03
1.588200000000017553e+03
1.589000000000017735e+03
1.589800000000017917e+03
1.590600000000018099e+03
1.591400000000018281e+03
1.592200000000018463e+03
1.593000000000018645e+03
1.593800000000018827e+03
1.594600000000019008e+03
1.595400000000019190e+03
1.596200000000019372e+03
1.597000000000019554e+03
1.597800000000019736e+03
1.598600000000019918e+03
1.599400000000020100e+03
1.600200000000020282e+03
1.601000000000020464e+03
1.601800000000020646e+03
1.602600000000020827e+03
1.603400000000021009e+03
1.604200000000021191e+03
1.605000000000021373e+03
1.605800000000021555e+03
1.606600000000021737e+03
1.607400000000021919e+03
1.608200000000022101e+03
1.609000000000022283e+03
1.609800000000022465e+03
1.610600000000022646e+03
1.611400000000022828e+03
1.612200000000023010e+03
1.613000000000023192e+03
1.613800000000023374e+03
1.614600000000023556e+03
1.615400000000023738e+03
1.616200000000023920e+03
1.617000000000024102e+03
1.617800000000024284e+03
1.618600000000024465e+03
1.619400000000024647e+03
1.620200000000024829e+03
1.621000000000025011e+03
1.621800000000025193e+03
1.622600000000025375e+03
1.623400000000025557e+03
1.624200000000025739e+03
1.625000000000025921e+03
1.625800000000026102e+03
1.626600000000026284e+03
1.627400000000026466e+03
1.628200000000026648e+03
1.629000000000026830e+03
1.629800000000027012e+03
1.630600000000027194e+03
1.631400000000027376e+03
1.632200000000027558e+03
1.633000000000027740e+03
1.633800000000027921e+03
1.634600000000028103e+03
1.635400000000028285e+03
1.636200000000028467e+03
1.637000000000028649e+03
1.637800000000028831e+03
1.638600000000029013e+03
1.639400000000029195e+03
1.640200000000029377e+03
1.641000000000029559e+03
1.641800000000029740e+03
1.642600000000029922e+03
1.643400000000030104e+03
1.644200000000030286e+03
1.645000000000030468e+03
1.645800000000030650e+03
1.646600000000030832e+03
1.647400000000031014e+03
1.648200000000031196e+03
1.649000000000031378e+03
1.649800000000031559e+03
1.650600000000031741e+03
1.651400000000031923e+03
1.652200000000032105e+03
1.653000000000032287e+03
1.653800000000032469e+03
1.654600000000032651e+03
1.655400000000032833e+03
1.656200000000033015e+03
1.657000000000033197e+03
1.657800000000033378e+03
1.658600000000033560e+03
1.659400000000033742e+03
1.660200000000033924e+03
1.661000000000034106e+03
1.661800000000034288e+03
1.662600000000034470e+03
1.663400000000034652e+03
1.664200000000034834e+03
1.665000000000035016e+03
1.665800000000035197e+03
1.666600000000035379e+03
1.667400000000035561e+03
1.668200000000035743e+03
1.669000000000035925e+03
1.669800000000036107e+03
1.670600000000036289e+03
1.671400000000036471e+03
1.672200000000036653e+03
1.673000000000036835e+03
1.673800000000037016e+03
1.674600000000037198e+03
1.675400000000037380e+03
1.676200000000037562e+03
1.677000000000037744e+03
1.677800000000037926e+03
1.678600000000038108e+03
1.679400000000038290e+03
1.680200000000038472e+03
1.681000000000038654e+03
1.681800000000038835e+03
1.682600000000039017e+03
1.683400000000039199e+03
1.684200000000039381e+03
1.685000000000039563e+03
1.685800000000039745e+03
1.686600000000039927e+03
1.687400000000040109e+03
1.688200000000040291e+03
1.689000000000040473e+03
1.689800000000040654e+03
1.690600000000040836e+03
1.691400000000041018e+03
1.692200000000041200e+03
1.693000000000041382e+03
1.693800000000041564e+03
1.694600000000041746e+03
1.695400000000041928e+03
1.696200000000042110e+03
1.697000000000042292e+03
1.697800000000042473e+03
1.698600000000042655e+03
1.699400000000042837e+03
1.700200000000043019e+03
1.701000000000043201e+03
1.701800000000043383e+03
1.702600000000043565e+03
1.703400000000043747e+03
1.704200000000043929e+03
1.705000000000044110e+03
1.705800000000044292e+03
1.706600000000044474e+03
1.707400000000044656e+03
1.708200000000044838e+03
1.709000000000045020e+03
1.709800000000045202e+03
1.710600000000045384e+03
1.711400000000045566e+03
1.712200000000045748e+03
1.713000000000045929e+03
1.713800000000046111e+03
1.714600000000046293e+03
1.715400000000046475e+03
1.716200000000046657e+03
1.717000000000046839e+03
1.717800000000047021e+03
1.718600000000047203e+03
1.719400000000047385e+03
1.720200000000047567e+03
1.721000000000047748e+03
1.721800000000047930e+03
1.722600000000048112e+03
1.723400000000048294e+03
1.724200000000048476e+03
1.725000000000048658e+03
1.725800000000048840e+03
1.726600000000049022e+03
1.727400000000049204e+03
1.728200000000049386e+03
1.729000000000049567e+03
1.729800000000049749e+03
1.730600000000049931e+03
1.731400000000050113e+03
1.732200000000050295e+03
1.733000000000050477e+03
1.733800000000050659e+03
1.734600000000050841e+03
1.735400000000051023e+03
1.736200000000051205e+03
1.737000000000051386e+03
1.737800000000051568e+03
1.738600000000051750e+03
1.739400000000051932e+03
1.740200000000052114e+03
1.741000000000052296e+03
1.741800000000052478e+03
1.742600000000052660e+03
1.743400000000052842e+03
1.744200000000053024e+03
1.745000000000053205e+03
1.745800000000053387e+03
1.746600000000053569e+03
1.747400000000053751e+03
1.748200000000053933e+03
1.749000000000054115e+03
1.749800000000054297e+03
1.750600000000054479e+03
1.751400000000054661e+03
1.752200000000054843e+03
1.753000000000055024e+03
1.753800000000055206e+03
1.754600000000055388e+03
1.755400000000055570e+03
1.756200000000055752e+03
1.757000000000055934e+03
1.757800000000056116e+03
1.758600000000056298e+03
1.759400000000056480e+03
1.760200000000056662e+03
1.761000000000056843e+03
1.761800000000057025e+03
1.762600000000057207e+03
1.763400000000057389e+03
1.764200000000057571e+03
1.765000000000057753e+03
1.765800000000057935e+03
1.766600000000058117e+03
1.767400000000058299e+03
1.768200000000058481e+03
1.769000000000058662e+03
1.769800000000058844e+03
1.770600000000059026e+03
1.771400000000059208e+03
1.772200000000059390e+03
1.773000000000059572e+03
1.773800000000059754e+03
1.774600000000059936e+03
1.775400000000060118e+03
1.776200000000060299e+03
1.777000000000060481e+03
1.777800000000060663e+03
1.778600000000060845e+03
1.779400000000061027e+03
1.780200000000061209e+03
1.781000000000061391e+03
1.781800000000061573e+03
1.782600000000061755e+03
1.783400000000061937e+03
1.784200000000062118e+03
1.785000000000062300e+03
1.785800000000062482e+03
1.786600000000062664e+03
1.787400000000062846e+03
1.788200000000063028e+03
1.789000000000063210e+03
1.789800000000063392e+03
1.790600000000063574e+03
1.791400000000063756e+03
1.792200000000063937e+03
1.793000000000064119e+03
1.793800000000064301e+03
1.794600000000064483e+03
1.795400000000064665e+03
1.796200000000064847e+03
1.797000000000065029e+03
1.797800000000065211e+03
1.798600000000065393e+03
1.799400000000065575e+03
1.800200000000065756e+03
1.801000000000065938e+03
1.801800000000066120e+03
1.802600000000066302e+03
1.803400000000066484e+03
1.804200000000066666e+03
1.805000000000066848e+03
1.805800000000067030e+03
1.806600000000067212e+03
1.807400000000067394e+03
1.808200000000067575e+03
1.809000000000067757e+03
1.809800000000067939e+03
1.810600000000068121e+03
1.811400000000068303e+03
1.812200000000068485e+03
1.813000000000068667e+03
1.813800000000068849e+03
1.814600000000069031e+03
1.815400000000069213e+03
1.816200000000069394e+03
1.817000000000069576e+03
1.817800000000069758e+03
1.818600000000069940e+03
1.819400000000070122e+03
1.820200000000070304e+03
1.821000000000070486e+03
1.821800000000070668e+03
1.822600000000070850e+03
1.823400000000071032e+03
1.824200000000071213e+03
1.825000000000071395e+03
1.825800000000071577e+03
1.826600000000071759e+03
1.827400000000071941e+03
1.828200000000072123e+03
1.829000000000072305e+03
1.829800000000072487e+03
1.830600000000072669e+03
1.831400000000072851e+03
1.832200000000073032e+03
1.833000000000073214e+03
1.833800000000073396e+03
1.834600000000073578e+03
1.835400000000073760e+03
1.836200000000073942e+03
1.837000000000074124e+03
1.837800000000074306e+03
1.838600000000074488e+03
1.839400000000074670e+03
1.840200000000074851e+03
1.841000000000075033e+03
1.841800000000075215e+03
1.842600000000075397e+03
1.843400000000075579e+03
1.844200000000075761e+03
1.845000000000075943e+03
1.845800000000076125e+03
1.846600000000076307e+03
1.847400000000076489e+03
1.848200000000076670e+03
1.849000000000076852e+03
1.849800000000077034e+03
1.850600000000077216e+03
1.851400000000077398e+03
1.852200000000077580e+03
1.853000000000077762e+03
1.853800000000077944e+03
1.854600000000078126e+03
1.855400000000078307e+03
1.856200000000078489e+03
1.857000000000078671e+03
1.857800000000078853e+03
1.858600000000079035e+03
1.859400000000079217e+03
1.860200000000079399e+03
1.861000000000079581e+03
1.861800000000079763e+03
1.862600000000079945e+03
1.863400000000080126e+03
1.864200000000080308e+03
1.865000000000080490e+03
1.865800000000080672e+03
1.866600000000080854e+03
1.867400000000081036e+03
1.868200000000081218e+03
1.869000000000081400e+03
1.869800000000081582e+03
1.870600000000081764e+03
1.871400000000081945e+03
1.872200000000082127e+03
1.873000000000082309e+03
1.873800000000082491e+03
1.874600000000082673e+03
1.875400000000082855e+03
1.876200000000083037e+03
1.877000000000083219e+03
1.877800000000083401e+03
1.878600000000083583e+03
1.879400000000083764e+03
1.880200000000083946e+03
1.881000000000084128e+03
1.881800000000084310e+03
1.882600000000084492e+03
1.883400000000084674e+03
1.884200000000084856e+03
1.885000000000085038e+03
1.885800000000085220e+03
1.886600000000085402e+03
1.887400000000085583e+03
1.888200000000085765e+03
1.889000000000085947e+03
1.889800000000086129e+03
1.890600000000086311e+03
1.891400000000086493e+03
1.892200000000086675e+03
1.893000000000086857e+03
1.893800000000087039e+03
1.894600000000087221e+03
1.895400000000087402e+03
1.896200000000087584e+03
1.897000000000087766e+03
1.897800000000087948e+03
1.898600000000088130e+03
1.899400000000088312e+03
1.900200000000088494e+03
1.901000000000088676e+03
1.901800000000088858e+03
1.902600000000089040e+03
1.903400000000089221e+03
1.904200000000089403e+03
1.905000000000089585e+03
1.905800000000089767e+03
1.906600000000089949e+03
1.907400000000090131e+03
1.908200000000090313e+03
1.909000000000090495e+03
1.909800000000090677e+03
1.910600000000090859e+03
1.911400000000091040e+03
1.912200000000091222e+03
1.913000000000091404e+03
1.913800000000091586e+03
1.914600000000091768e+03
1.915400000000091950e+03
1.916200000000092132e+03
1.917000000000092314e+03
1.917800000000092496e+03
1.918600000000092678e+03
1.919400000000092859e+03
1.920200000000093041e+03
1.921000000000093223e+03
1.921800000000093405e+03
1.922600000000093587e+03
1.923400000000093769e+03
1.924200000000093951e+03
1.925000000000094133e+03
1.925800000000094315e+03
1.926600000000094496e+03
1.927400000000094678e+03
1.928200000000094860e+03
1.929000000000095042e+03
1.929800000000095224e+03
1.930600000000095406e+03
1.931400000000095588e+03
1.932200000000095770e+03
1.933000000000095952e+03
1.933800000000096134e+03
1.934600000000096315e+03
1.935400000000096497e+03
1.936200000000096679e+03
1.937000000000096861e+03
1.937800000000097043e+03
1.938600000000097225e+03
1.939400000000097407e+03
1.940200000000097589e+03
1.941000000000097771e+03
1.941800000000097953e+03
1.942600000000098134e+03
1.943400000000098316e+03
1.944200000000098498e+03
1.945000000000098680e+03
1.945800000000098862e+03
1.946600000000099044e+03
1.947400000000099226e+03
1.948200000000099408e+03
1.949000000000099590e+03
1.949800000000099772e+03
1.950600000000099953e+03
1.951400000000100135e+03
1.952200000000100317e+03
1.953000000000100499e+03
1.953800000000100681e+03
1.954600000000100863e+03
1.955400000000101045e+03
1.956200000000101227e+03
1.957000000000101409e+03
1.957800000000101591e+03
1.958600000000101772e+03
1.959400000000101954e+03
1.960200000000102136e+03
1.961000000000102318e+03
1.961800000000102500e+03
1.962600000000102682e+03
1.963400000000102864e+03
1.964200000000103046e+03
1.965000000000103228e+03
1.965800000000103410e+03
1.966600000000103591e+03
1.967400000000103773e+03
1.968200000000103955e+03
1.969000000000104137e+03
1.969800000000104319e+03
1.970600000000104501e+03
1.971400000000104683e+03
1.972200000000104865e+03
1.973000000000105047e+03
1.973800000000105229e+03
1.974600000000105410e+03
1.975400000000105592e+03
1.976200000000105774e+03
1.977000000000105956e+03
1.977800000000106138e+03
1.978600000000106320e+03
1.979400000000106502e+03
1.980200000000106684e+03
1.981000000000106866e+03
1.981800000000107048e+03
1.982600000000107229e+03
1.983400000000107411e+03
1.984200000000107593e+03
1.985000000000107775e+03
1.985800000000107957e+03
1.986600000000108139e+03
1.987400000000108321e+03
1.988200000000108503e+03
1.989000000000108685e+03
1.989800000000108867e+03
1.990600000000109048e+03
1.991400000000109230e+03
1.992200000000109412e+03
1.993000000000109594e+03
1.993800000000109776e+03
1.994600000000109958e+03
1.995400000000110140e+03
1.996200000000110322e+03
1.997000000000110504e+03
1.997800000000110686e+03
1.998600000000110867e+03
1.999400000000111049e+03
2.000200000000111231e+03
2.001000000000111413e+03
2.001800000000111595e+03
2.002600000000111777e+03
2.003400000000111959e+03
2.004200000000112141e+03
2.005000000000112323e+03
2.005800000000112504e+03
2.006600000000112686e+03
2.007400000000112868e+03
2.008200000000113050e+03
2.009000000000113232e+03
2.009800000000113414e+03
2.010600000000113596e+03
2.011400000000113778e+03
2.012200000000113960e+03
2.013000000000114142e+03
2.013800000000114323e+03
2.014600000000114505e+03
2.015400000000114687e+03
2.016200000000114869e+03
2.017000000000115051e+03
2.017800000000115233e+03
2.018600000000115415e+03
2.019400000000115597e+03
2.020200000000115779e+03
2.021000000000115961e+03
2.021800000000116142e+03
2.022600000000116324e+03
2.023400000000116506e+03
2.024200000000116688e+03
2.025000000000116870e+03
2.025800000000117052e+03
2.026600000000117234e+03
2.027400000000117416e+03
2.028200000000117598e+03
2.029000000000117780e+03
2.029800000000117961e+03
2.030600000000118143e+03
2.031400000000118325e+03
2.032200000000118507e+03
2.033000000000118689e+03
2.033800000000118871e+03
2.034600000000119053e+03
2.035400000000119235e+03
2.036200000000119417e+03
2.037000000000119599e+03
2.037800000000119780e+03
2.038600000000119962e+03
2.039400000000120144e+03
2.040200000000120326e+03
2.041000000000120508e+03
2.041800000000120690e+03
2.042600000000120872e+03
2.043400000000121054e+03
2.044200000000121236e+03
2.045000000000121418e+03
2.045800000000121599e+03
2.046600000000121781e+03
2.047400000000121963e+03
2.048200000000122145e+03
2.049000000000122327e+03
2.049800000000122509e+03
2.050600000000122691e+03
2.051400000000122873e+03
2.052200000000123055e+03
2.053000000000123237e+03
2.053800000000123418e+03
2.054600000000123600e+03
2.055400000000123782e+03
2.056200000000123964e+03
2.057000000000124146e+03
2.057800000000124328e+03
2.058600000000124510e+03
2.059400000000124692e+03
2.060200000000124874e+03
2.061000000000125056e+03
2.061800000000125237e+03
2.062600000000125419e+03
2.063400000000125601e+03
2.064200000000125783e+03
2.065000000000125965e+03
2.065800000000126147e+03
2.066600000000126329e+03
2.067400000000126511e+03
2.068200000000126693e+03
2.069000000000126875e+03
2.069800000000127056e+03
2.070600000000127238e+03
2.071400000000127420e+03
2.072200000000127602e+03
2.073000000000127784e+03
2.073800000000127966e+03
2.074600000000128148e+03
2.075400000000128330e+03
2.076200000000128512e+03
2.077000000000128694e+03
2.077800000000128875e+03
2.078600000000129057e+03
2.079400000000129239e+03
2.080200000000129421e+03
2.081000000000129603e+03
2.081800000000129785e+03
2.082600000000129967e+03
2.083400000000130149e+03
2.084200000000130331e+03
2.085000000000130512e+03
2.085800000000130694e+03
2.086600000000130876e+03
2.087400000000131058e+03
2.088200000000131240e+03
2.089000000000131422e+03
2.089800000000131604e+03
2.090600000000131786e+03
2.091400000000131968e+03
2.092200000000132150e+03
2.093000000000132331e+03
2.093800000000132513e+03
2.094600000000132695e+03
2.095400000000132877e+03
2.096200000000133059e+03
2.097000000000133241e+03
2.097800000000133423e+03
2.098600000000133605e+03
2.099400000000133787e+03
2.100200000000133969e+03
2.101000000000134150e+03
2.101800000000134332e+03
2.102600000000134514e+03
2.103400000000134696e+03
2.104200000000134878e+03
2.105000000000135060e+03
2.105800000000135242e+03
2.106600000000135424e+03
2.107400000000135606e+03
2.108200000000135788e+03
2.109000000000135969e+03
2.109800000000136151e+03
2.110600000000136333e+03
2.111400000000136515e+03
2.112200000000136697e+03
2.113000000000136879e+03
2.113800000000137061e+03
2.114600000000137243e+03
2.115400000000137425e+03
2.116200000000137607e+03
2.117000000000137788e+03
2.117800000000137970e+03
2.118600000000138152e+03
2.119400000000138334e+03
2.120200000000138516e+03
2.121000000000138698e+03
2.121800000000138880e+03
2.122600000000139062e+03
2.123400000000139244e+03
2.124200000000139426e+03
2.125000000000139607e+03
2.125800000000139789e+03
2.126600000000139971e+03
2.127400000000140153e+03
2.128200000000140335e+03
2.129000000000140517e+03
2.129800000000140699e+03
2.130600000000140881e+03
2.131400000000141063e+03
2.132200000000141245e+03
2.133000000000141426e+03
2.133800000000141608e+03
2.134600000000141790e+03
2.135400000000141972e+03
2.136200000000142154e+03
2.137000000000142336e+03
2.137800000000142518e+03
2.138600000000142700e+03
2.139400000000142882e+03
2.140200000000143064e+03
2.141000000000143245e+03
2.141800000000143427e+03
2.142600000000143609e+03
2.143400000000143791e+03
2.144200000000143973e+03
2.145000000000144155e+03
2.145800000000144337e+03
2.146600000000144519e+03
2.147400000000144701e+03
2.148200000000144883e+03
2.149000000000145064e+03
2.149800000000145246e+03
2.150600000000145428e+03
2.151400000000145610e+03
2.152200000000145792e+03
2.153000000000145974e+03
2.153800000000146156e+03
2.154600000000146338e+03
2.155400000000146520e+03
2.156200000000146701e+03
2.157000000000146883e+03
2.157800000000147065e+03
2.158600000000147247e+03
2.159400000000147429e+03
2.160200000000147611e+03
2.161000000000147793e+03
2.161800000000147975e+03
2.162600000000148157e+03
2.163400000000148339e+03
2.164200000000148520e+03
2.165000000000148702e+03
2.165800000000148884e+03
2.166600000000149066e+03
2.167400000000149248e+03
2.168200000000149430e+03
2.169000000000149612e+03
2.169800000000149794e+03
2.170600000000149976e+03
2.171400000000150158e+03
2.172200000000150339e+03
2.173000000000150521e+03
2.173800000000150703e+03
2.174600000000150885e+03
2.175400000000151067e+03
2.176200000000151249e+03
2.177000000000151431e+03
2.177800000000151613e+03
2.178600000000151795e+03
2.179400000000151977e+03
2.180200000000152158e+03
2.181000000000152340e+03
2.181800000000152522e+03
2.182600000000152704e+03
2.183400000000152886e+03
2.184200000000153068e+03
2.185000000000153250e+03
2.185800000000153432e+03
2.186600000000153614e+03
2.187400000000153796e+03
2.188200000000153977e+03
2.189000000000154159e+03
2.189800000000154341e+03
2.190600000000154523e+03
2.191400000000154705e+03
2.192200000000154887e+03
2.193000000000155069e+03
2.193800000000155251e+03
2.194600000000155433e+03
2.195400000000155615e+03
2.196200000000155796e+03
2.197000000000155978e+03
2.197800000000156160e+03
2.198600000000156342e+03
2.199400000000156524e+03
2.200200000000156706e+03
2.201000000000156888e+03
2.201800000000157070e+03
2.202600000000157252e+03
2.203400000000157434e+03
2.204200000000157615e+03
2.205000000000157797e+03
2.205800000000157979e+03
2.206600000000158161e+03
2.207400000000158343e+03
2.208200000000158525e+03
2.209000000000158707e+03
2.209800000000158889e+03
2.210600000000159071e+03
2.211400000000159253e+03
2.212200000000159434e+03
2.213000000000159616e+03
2.213800000000159798e+03
2.214600000000159980e+03
2.215400000000160162e+03
2.216200000000160344e+03
2.217000000000160526e+03
2.217800000000160708e+03
2.218600000000160890e+03
2.219400000000161072e+03
2.220200000000161253e+03
2.221000000000161435e+03
2.221800000000161617e+03
2.222600000000161799e+03
2.223400000000161981e+03
2.224200000000162163e+03
2.225000000000162345e+03
2.225800000000162527e+03
2.226600000000162709e+03
2.227400000000162891e+03
2.228200000000163072e+03
2.229000000000163254e+03
2.229800000000163436e+03
2.230600000000163618e+03
2.231400000000163800e+03
2.232200000000163982e+03
2.233000000000164164e+03
2.233800000000164346e+03
2.234600000000164528e+03
2.235400000000164709e+03
2.236200000000164891e+03
2.237000000000165073e+03
2.237800000000165255e+03
2.238600000000165437e+03
2.239400000000165619e+03
2.240200000000165801e+03
2.241000000000165983e+03
2.241800000000166165e+03
2.242600000000166347e+03
2.243400000000166528e+03
2.244200000000166710e+03
2.245000000000166892e+03
2.245800000000167074e+03
2.246600000000167256e+03
2.247400000000167438e+03
2.248200000000167620e+03
2.249000000000167802e+03
2.249800000000167984e+03
2.250600000000168166e+03
2.251400000000168347e+03
2.252200000000168529e+03
2.253000000000168711e+03
2.253800000000168893e+03
2.254600000000169075e+03
2.255400000000169257e+03
2.256200000000169439e+03
2.257000000000169621e+03
2.257800000000169803e+03
2.258600000000169985e+03
2.259400000000170166e+03
2.260200000000170348e+03
2.261000000000170530e+03
2.261800000000170712e+03
2.262600000000170894e+03
2.263400000000171076e+03
2.264200000000171258e+03
2.265000000000171440e+03
2.265800000000171622e+03
2.266600000000171804e+03
2.267400000000171985e+03
2.268200000000172167e+03
2.269000000000172349e+03
2.269800000000172531e+03
2.270600000000172713e+03
2.271400000000172895e+03
2.272200000000173077e+03
2.273000000000173259e+03
2.273800000000173441e+03
2.274600000000173623e+03
2.275400000000173804e+03
2.276200000000173986e+03
2.277000000000174168e+03
2.277800000000174350e+03
2.278600000000174532e+03
2.279400000000174714e+03
2.280200000000174896e+03
2.281000000000175078e+03
2.281800000000175260e+03
2.282600000000175442e+03
2.283400000000175623e+03
2.284200000000175805e+03
2.285000000000175987e+03
2.285800000000176169e+03
2.286600000000176351e+03
2.287400000000176533e+03
2.288200000000176715e+03
2.289000000000176897e+03
2.289800000000177079e+03
2.290600000000177261e+03
2.291400000000177442e+03
2.292200000000177624e+03
2.293000000000177806e+03
2.293800000000177988e+03
2.294600000000178170e+03
2.295400000000178352e+03
2.296200000000178534e+03
2.297000000000178716e+03
2.297800000000178898e+03
2.298600000000179080e+03
2.299400000000179261e+03
2.300200000000179443e+03
2.301000000000179625e+03
2.301800000000179807e+03
2.302600000000179989e+03
2.303400000000180171e+03
2.304200000000180353e+03
2.305000000000180535e+03
2.305800000000180717e+03
2.306600000000180898e+03
2.307400000000181080e+03
2.308200000000181262e+03
2.309000000000181444e+03
2.309800000000181626e+03
2.310600000000181808e+03
2.311400000000181990e+03
2.312200000000182172e+03
2.313000000000182354e+03
2.313800000000182536e+03
2.314600000000182717e+03
2.315400000000182899e+03
2.316200000000183081e+03
2.317000000000183263e+03
2.317800000000183445e+03
2.318600000000183627e+03
2.319400000000183809e+03
2.320200000000183991e+03
2.321000000000184173e+03
2.321800000000184355e+03
2.322600000000184536e+03
2.323400000000184718e+03
2.324200000000184900e+03
2.325000000000185082e+03
2.325800000000185264e+03
2.326600000000185446e+03
2.327400000000185628e+03
2.328200000000185810e+03
2.329000000000185992e+03
2.329800000000186174e+03
2.330600000000186355e+03
2.331400000000186537e+03
2.332200000000186719e+03
2.333000000000186901e+03
2.333800000000187083e+03
2.334600000000187265e+03
2.335400000000187447e+03
2.336200000000187629e+03
2.337000000000187811e+03
2.337800000000187993e+03
2.338600000000188174e+03
2.339400000000188356e+03
2.340200000000188538e+03
2.341000000000188720e+03
2.341800000000188902e+03
2.342600000000189084e+03
2.343400000000189266e+03
2.344200000000189448e+03
2.345000000000189630e+03
2.345800000000189812e+03
2.346600000000189993e+03
2.347400000000190175e+03
2.348200000000190357e+03
2.349000000000190539e+03
2.349800000000190721e+03
2.350600000000190903e+03
2.351400000000191085e+03
2.352200000000191267e+03
2.353000000000191449e+03
2.353800000000191631e+03
2.354600000000191812e+03
2.355400000000191994e+03
2.356200000000192176e+03
2.357000000000192358e+03
2.357800000000192540e+03
2.358600000000192722e+03
2.359400000000192904e+03
2.360200000000193086e+03
2.361000000000193268e+03
2.361800000000193450e+03
2.362600000000193631e+03
2.363400000000193813e+03
2.364200000000193995e+03
2.365000000000194177e+03
2.365800000000194359e+03
2.366600000000194541e+03
2.367400000000194723e+03
2.368200000000194905e+03
2.369000000000195087e+03
2.369800000000195269e+03
2.370600000000195450e+03
2.371400000000195632e+03
2.372200000000195814e+03
2.373000000000195996e+03
2.373800000000196178e+03
2.374600000000196360e+03
2.375400000000196542e+03
2.376200000000196724e+03
2.377000000000196906e+03
2.377800000000197088e+03
2.378600000000197269e+03
2.379400000000197451e+03
2.380200000000197633e+03
2.381000000000197815e+03
2.381800000000197997e+03
2.382600000000198179e+03
2.383400000000198361e+03
2.384200000000198543e+03
2.385000000000198725e+03
2.385800000000198906e+03
2.386600000000199088e+03
2.387400000000199270e+03
2.388200000000199452e+03
2.389000000000199634e+03
2.389800000000199816e+03
2.390600000000199998e+03
2.391400000000200180e+03
2.392200000000200362e+03
2.393000000000200544e+03
2.393800000000200725e+03
2.394600000000200907e+03
2.395400000000201089e+03
2.396200000000201271e+03
2.397000000000201453e+03
2.397800000000201635e+03
2.398600000000201817e+03
2.399400000000201999e+03
2.400200000000202181e+03
2.401000000000202363e+03
2.401800000000202544e+03
2.402600000000202726e+03
2.403400000000202908e+03
2.404200000000203090e+03
2.405000000000203272e+03
2.405800000000203454e+03
2.406600000000203636e+03
2.407400000000203818e+03
2.408200000000204000e+03
2.409000000000204182e+03
2.409800000000204363e+03
2.410600000000204545e+03
2.411400000000204727e+03
2.412200000000204909e+03
2.413000000000205091e+03
2.413800000000205273e+03
2.414600000000205455e+03
2.415400000000205637e+03
2.416200000000205819e+03
2.417000000000206001e+03
2.417800000000206182e+03
2.418600000000206364e+03
2.419400000000206546e+03
2.420200000000206728e+03
2.421000000000206910e+03
2.421800000000207092e+03
2.422600000000207274e+03
2.423400000000207456e+03
2.424200000000207638e+03
2.425000000000207820e+03
2.425800000000208001e+03
2.426600000000208183e+03
2.427400000000208365e+03
2.428200000000208547e+03
2.429000000000208729e+03
2.429800000000208911e+03
2.430600000000209093e+03
2.431400000000209275e+03
2.432200000000209457e+03
2.433000000000209639e+03
2.433800000000209820e+03
2.434600000000210002e+03
2.435400000000210184e+03
2.436200000000210366e+03
2.437000000000210548e+03
2.437800000000210730e+03
2.438600000000210912e+03
2.439400000000211094e+03
2.440200000000211276e+03
2.441000000000211458e+03
2.441800000000211639e+03
2.442600000000211821e+03
2.443400000000212003e+03
2.444200000000212185e+03
2.445000000000212367e+03
2.445800000000212549e+03
2.446600000000212731e+03
2.447400000000212913e+03
2.448200000000213095e+03
2.449000000000213277e+03
2.449800000000213458e+03
2.450600000000213640e+03
2.451400000000213822e+03
2.452200000000214004e+03
2.453000000000214186e+03
2.453800000000214368e+03
2.454600000000214550e+03
2.455400000000214732e+03
2.456200000000214914e+03
2.457000000000215095e+03
2.457800000000215277e+03
2.458600000000215459e+03
2.459400000000215641e+03
2.460200000000215823e+03
2.461000000000216005e+03
2.461800000000216187e+03
2.462600000000216369e+03
2.463400000000216551e+03
2.464200000000216733e+03
2.465000000000216914e+03
2.465800000000217096e+03
2.466600000000217278e+03
2.467400000000217460e+03
2.468200000000217642e+03
2.469000000000217824e+03
2.469800000000218006e+03
2.470600000000218188e+03
2.471400000000218370e+03
2.472200000000218552e+03
2.473000000000218733e+03
2.473800000000218915e+03
2.474600000000219097e+03
2.475400000000219279e+03
2.476200000000219461e+03
2.477000000000219643e+03
2.477800000000219825e+03
2.478600000000220007e+03
2.479400000000220189e+03
2.480200000000220371e+03
2.481000000000220552e+03
2.481800000000220734e+03
2.482600000000220916e+03
2.483400000000221098e+03
2.484200000000221280e+03
2.485000000000221462e+03
2.485800000000221644e+03
2.486600000000221826e+03
2.487400000000222008e+03
2.488200000000222190e+03
2.489000000000222371e+03
2.489800000000222553e+03
2.490600000000222735e+03
2.491400000000222917e+03
2.492200000000223099e+03
2.493000000000223281e+03
2.493800000000223463e+03
2.494600000000223645e+03
2.495400000000223827e+03
2.496200000000224009e+03
2.497000000000224190e+03
2.497800000000224372e+03
2.498600000000224554e+03
2.499400000000224736e+03
2.500200000000224918e+03
2.501000000000225100e+03
2.501800000000225282e+03
2.502600000000225464e+03
2.503400000000225646e+03
2.504200000000225828e+03
2.505000000000226009e+03
2.505800000000226191e+03
2.506600000000226373e+03
2.507400000000226555e+03
2.508200000000226737e+03
2.509000000000226919e+03
2.509800000000227101e+03
2.510600000000227283e+03
2.511400000000227465e+03
2.512200000000227647e+03
2.513000000000227828e+03
2.513800000000228010e+03
2.514600000000228192e+03
2.515400000000228374e+03
2.516200000000228556e+03
2.517000000000228738e+03
2.517800000000228920e+03
2.518600000000229102e+03
2.519400000000229284e+03
2.520200000000229466e+03
2.521000000000229647e+03
2.521800000000229829e+03
2.522600000000230011e+03
2.523400000000230193e+03
2.524200000000230375e+03
2.525000000000230557e+03
2.525800000000230739e+03
2.526600000000230921e+03
2.527400000000231103e+03
2.528200000000231285e+03
2.529000000000231466e+03
2.529800000000231648e+03
2.530600000000231830e+03
2.531400000000232012e+03
2.532200000000232194e+03
2.533000000000232376e+03
2.533800000000232558e+03
2.534600000000232740e+03
2.535400000000232922e+03
2.536200000000233103e+03
2.537000000000233285e+03
2.537800000000233467e+03
2.538600000000233649e+03
2.539400000000233831e+03
2.540200000000234013e+03
2.541000000000234195e+03
2.541800000000234377e+03
2.542600000000234559e+03
2.543400000000234741e+03
2.544200000000234922e+03
2.545000000000235104e+03
2.545800000000235286e+03
2.546600000000235468e+03
2.547400000000235650e+03
2.548200000000235832e+03
2.549000000000236014e+03
2.549800000000236196e+03
2.550600000000236378e+03
2.551400000000236560e+03
2.552200000000236741e+03
2.553000000000236923e+03
2.553800000000237105e+03
2.554600000000237287e+03
2.555400000000237469e+03
2.556200000000237651e+03
2.557000000000237833e+03
2.557800000000238015e+03
2.558600000000238197e+03
2.559400000000238379e+03
2.560200000000238560e+03
2.561000000000238742e+03
2.561800000000238924e+03
2.562600000000239106e+03
2.563400000000239288e+03
2.564200000000239470e+03
2.565000000000239652e+03
2.565800000000239834e+03
2.566600000000240016e+03
2.567400000000240198e+03
2.568200000000240379e+03
2.569000000000240561e+03
2.569800000000240743e+03
2.570600000000240925e+03
2.571400000000241107e+03
2.572200000000241289e+03
2.573000000000241471e+03
2.573800000000241653e+03
2.574600000000241835e+03
2.575400000000242017e+03
2.576200000000242198e+03
2.577000000000242380e+03
2.577800000000242562e+03
2.578600000000242744e+03
2.579400000000242926e+03
2.580200000000243108e+03
2.581000000000243290e+03
2.581800000000243472e+03
2.582600000000243654e+03
2.583400000000243836e+03
2.584200000000244017e+03
2.585000000000244199e+03
2.585800000000244381e+03
2.586600000000244563e+03
2.587400000000244745e+03
2.588200000000244927e+03
2.589000000000245109e+03
2.589800000000245291e+03
2.590600000000245473e+03
2.591400000000245655e+03
2.592200000000245836e+03
2.593000000000246018e+03
2.593800000000246200e+03
2.594600000000246382e+03
2.595400000000246564e+03
2.596200000000246746e+03
2.597000000000246928e+03
2.597800000000247110e+03
2.598600000000247292e+03
2.599400000000247474e+03
2.600200000000247655e+03
2.601000000000247837e+03
2.601800000000248019e+03
2.602600000000248201e+03
2.603400000000248383e+03
2.604200000000248565e+03
2.605000000000248747e+03
2.605800000000248929e+03
2.606600000000249111e+03
2.607400000000249292e+03
2.608200000000249474e+03
2.609000000000249656e+03
2.609800000000249838e+03
2.610600000000250020e+03
2.611400000000250202e+03
2.612200000000250384e+03
2.613000000000250566e+03
2.613800000000250748e+03
2.614600000000250930e+03
2.615400000000251111e+03
2.616200000000251293e+03
2.617000000000251475e+03
2.617800000000251657e+03
2.618600000000251839e+03
2.619400000000252021e+03
2.620200000000252203e+03
2.621000000000252385e+03
2.621800000000252567e+03
2.622600000000252749e+03
2.623400000000252930e+03
2.624200000000253112e+03
2.625000000000253294e+03
2.625800000000253476e+03
2.626600000000253658e+03
2.627400000000253840e+03
2.628200000000254022e+03
2.629000000000254204e+03
2.629800000000254386e+03
2.630600000000254568e+03
2.631400000000254749e+03
2.632200000000254931e+03
2.633000000000255113e+03
2.633800000000255295e+03
2.634600000000255477e+03
2.635400000000255659e+03
2.636200000000255841e+03
2.637000000000256023e+03
2.637800000000256205e+03
2.638600000000256387e+03
2.639400000000256568e+03
2.640200000000256750e+03
2.641000000000256932e+03
2.641800000000257114e+03
2.642600000000257296e+03
2.643400000000257478e+03
2.644200000000257660e+03
2.645000000000257842e+03
2.645800000000258024e+03
2.646600000000258206e+03
2.647400000000258387e+03
2.648200000000258569e+03
2.649000000000258751e+03
2.649800000000258933e+03
2.650600000000259115e+03
2.651400000000259297e+03
2.652200000000259479e+03
2.653000000000259661e+03
2.653800000000259843e+03
2.654600000000260025e+03
2.655400000000260206e+03
2.656200000000260388e+03
2.657000000000260570e+03
2.657800000000260752e+03
2.658600000000260934e+03
2.659400000000261116e+03
2.660200000000261298e+03
2.661000000000261480e+03
2.661800000000261662e+03
2.662600000000261844e+03
2.663400000000262025e+03
2.664200000000262207e+03
2.665000000000262389e+03
2.665800000000262571e+03
2.666600000000262753e+03
2.667400000000262935e+03
2.668200000000263117e+03
2.669000000000263299e+03
2.669800000000263481e+03
2.670600000000263663e+03
2.671400000000263844e+03
2.672200000000264026e+03
2.673000000000264208e+03
2.673800000000264390e+03
2.674600000000264572e+03
2.675400000000264754e+03
2.676200000000264936e+03
2.677000000000265118e+03
2.677800000000265300e+03
2.678600000000265482e+03
2.679400000000265663e+03
2.680200000000265845e+03
2.681000000000266027e+03
2.681800000000266209e+03
2.682600000000266391e+03
2.683400000000266573e+03
2.684200000000266755e+03
2.685000000000266937e+03
2.685800000000267119e+03
2.686600000000267300e+03
2.687400000000267482e+03
2.688200000000267664e+03
2.689000000000267846e+03
2.689800000000268028e+03
2.690600000000268210e+03
2.691400000000268392e+03
2.692200000000268574e+03
2.693000000000268756e+03
2.693800000000268938e+03
2.694600000000269119e+03
2.695400000000269301e+03
2.696200000000269483e+03
2.697000000000269665e+03
2.697800000000269847e+03
2.698600000000270029e+03
2.699400000000270211e+03
2.700200000000270393e+03
2.701000000000270575e+03
2.701800000000270757e+03
2.702600000000270938e+03
2.703400000000271120e+03
2.704200000000271302e+03
2.705000000000271484e+03
2.705800000000271666e+03
2.706600000000271848e+03
2.707400000000272030e+03
2.708200000000272212e+03
2.709000000000272394e+03
2.709800000000272576e+03
2.710600000000272757e+03
2.711400000000272939e+03
2.712200000000273121e+03
2.713000000000273303e+03
2.713800000000273485e+03
2.714600000000273667e+03
2.715400000000273849e+03
2.716200000000274031e+03
2.717000000000274213e+03
2.717800000000274395e+03
2.718600000000274576e+03
2.719400000000274758e+03
2.720200000000274940e+03
2.721000000000275122e+03
2.721800000000275304e+03
2.722600000000275486e+03
2.723400000000275668e+03
2.724200000000275850e+03
2.725000000000276032e+03
2.725800000000276214e+03
2.726600000000276395e+03
2.727400000000276577e+03
2.728200000000276759e+03
2.729000000000276941e+03
2.729800000000277123e+03
2.730600000000277305e+03
2.731400000000277487e+03
2.732200000000277669e+03
2.733000000000277851e+03
2.733800000000278033e+03
2.734600000000278214e+03
2.735400000000278396e+03
2.736200000000278578e+03
2.737000000000278760e+03
2.737800000000278942e+03
2.738600000000279124e+03
2.739400000000279306e+03
2.740200000000279488e+03
2.741000000000279670e+03
2.741800000000279852e+03
2.742600000000280033e+03
2.743400000000280215e+03
2.744200000000280397e+03
2.745000000000280579e+03
2.745800000000280761e+03
2.746600000000280943e+03
2.747400000000281125e+03
2.748200000000281307e+03
2.749000000000281489e+03
2.749800000000281671e+03
2.750600000000281852e+03
2.751400000000282034e+03
2.752200000000282216e+03
2.753000000000282398e+03
2.753800000000282580e+03
2.754600000000282762e+03
2.755400000000282944e+03
2.756200000000283126e+03
2.757000000000283308e+03
2.757800000000283489e+03
2.758600000000283671e+03
2.759400000000283853e+03
2.760200000000284035e+03
2.761000000000284217e+03
2.761800000000284399e+03
2.762600000000284581e+03
2.763400000000284763e+03
2.764200000000284945e+03
2.765000000000285127e+03
2.765800000000285308e+03
2.766600000000285490e+03
2.767400000000285672e+03
2.768200000000285854e+03
2.769000000000286036e+03
2.769800000000286218e+03
2.770600000000286400e+03
2.771400000000286582e+03
2.772200000000286764e+03
2.773000000000286946e+03
2.773800000000287127e+03
2.774600000000287309e+03
2.775400000000287491e+03
2.776200000000287673e+03
2.777000000000287855e+03
2.777800000000288037e+03
2.778600000000288219e+03
2.779400000000288401e+03
2.780200000000288583e+03
2.781000000000288765e+03
2.781800000000288946e+03
2.782600000000289128e+03
2.783400000000289310e+03
2.784200000000289492e+03
2.785000000000289674e+03
2.785800000000289856e+03
2.786600000000290038e+03
2.787400000000290220e+03
2.788200000000290402e+03
2.789000000000290584e+03
2.789800000000290765e+03
2.790600000000290947e+03
2.791400000000291129e+03
2.792200000000291311e+03
2.793000000000291493e+03
2.793800000000291675e+03
2.794600000000291857e+03
2.795400000000292039e+03
2.796200000000292221e+03
2.797000000000292403e+03
2.797800000000292584e+03
2.798600000000292766e+03
2.799400000000292948e+03
2.800200000000293130e+03
2.801000000000293312e+03
2.801800000000293494e+03
2.802600000000293676e+03
2.803400000000293858e+03
2.804200000000294040e+03
2.805000000000294222e+03
2.805800000000294403e+03
2.806600000000294585e+03
2.807400000000294767e+03
2.808200000000294949e+03
2.809000000000295131e+03
2.809800000000295313e+03
2.810600000000295495e+03
2.811400000000295677e+03
2.812200000000295859e+03
2.813000000000296041e+03
2.813800000000296222e+03
2.814600000000296404e+03
2.815400000000296586e+03
2.816200000000296768e+03
2.817000000000296950e+03
2.817800000000297132e+03
2.818600000000297314e+03
2.819400000000297496e+03
2.820200000000297678e+03
2.821000000000297860e+03
2.821800000000298041e+03
2.822600000000298223e+03
2.823400000000298405e+03
2.824200000000298587e+03
2.825000000000298769e+03
2.825800000000298951e+03
2.826600000000299133e+03
2.827400000000299315e+03
2.828200000000299497e+03
2.829000000000299679e+03
2.829800000000299860e+03
2.830600000000300042e+03
2.831400000000300224e+03
2.832200000000300406e+03
2.833000000000300588e+03
2.833800000000300770e+03
2.834600000000300952e+03
2.835400000000301134e+03
2.836200000000301316e+03
2.837000000000301497e+03
2.837800000000301679e+03
2.838600000000301861e+03
2.839400000000302043e+03
2.840200000000302225e+03
2.841000000000302407e+03
2.841800000000302589e+03
2.842600000000302771e+03
2.843400000000302953e+03
2.844200000000303135e+03
2.845000000000303316e+03
2.845800000000303498e+03
2.846600000000303680e+03
2.847400000000303862e+03
2.848200000000304044e+03
2.849000000000304226e+03
2.849800000000304408e+03
2.850600000000304590e+03
2.851400000000304772e+03
2.852200000000304954e+03
2.853000000000305135e+03
2.853800000000305317e+03
2.854600000000305499e+03
2.855400000000305681e+03
2.856200000000305863e+03
2.857000000000306045e+03
2.857800000000306227e+03
2.858600000000306409e+03
2.859400000000306591e+03
2.860200000000306773e+03
2.861000000000306954e+03
2.861800000000307136e+03
2.862600000000307318e+03
2.863400000000307500e+03
2.864200000000307682e+03
2.865000000000307864e+03
2.865800000000308046e+03
2.866600000000308228e+03
2.867400000000308410e+03
2.868200000000308592e+03
2.869000000000308773e+03
2.869800000000308955e+03
2.870600000000309137e+03
2.871400000000309319e+03
2.872200000000309501e+03
2.873000000000309683e+03
2.873800000000309865e+03
2.874600000000310047e+03
2.875400000000310229e+03
2.876200000000310411e+03
2.877000000000310592e+03
2.877800000000310774e+03
2.878600000000310956e+03
2.879400000000311138e+03
2.880200000000311320e+03
2.881000000000311502e+03
2.881800000000311684e+03
2.882600000000311866e+03
2.883400000000312048e+03
2.884200000000312230e+03
2.885000000000312411e+03
2.885800000000312593e+03
2.886600000000312775e+03
2.887400000000312957e+03
2.888200000000313139e+03
2.889000000000313321e+03
2.889800000000313503e+03
2.890600000000313685e+03
2.891400000000313867e+03
2.892200000000314049e+03
2.893000000000314230e+03
2.893800000000314412e+03
2.894600000000314594e+03
2.895400000000314776e+03
2.896200000000314958e+03
2.897000000000315140e+03
2.897800000000315322e+03
2.898600000000315504e+03
2.899400000000315686e+03
2.900200000000315868e+03
2.901000000000316049e+03
2.901800000000316231e+03
2.902600000000316413e+03
2.903400000000316595e+03
2.904200000000316777e+03
2.905000000000316959e+03
2.905800000000317141e+03
2.906600000000317323e+03
2.907400000000317505e+03
2.908200000000317686e+03
2.909000000000317868e+03
2.909800000000318050e+03
2.910600000000318232e+03
2.911400000000318414e+03
2.912200000000318596e+03
2.913000000000318778e+03
2.913800000000318960e+03
2.914600000000319142e+03
2.915400000000319324e+03
2.916200000000319505e+03
2.917000000000319687e+03
2.917800000000319869e+03
2.918600000000320051e+03
2.919400000000320233e+03
2.920200000000320415e+03
2.921000000000320597e+03
2.921800000000320779e+03
2.922600000000320961e+03
2.923400000000321143e+03
2.924200000000321324e+03
2.925000000000321506e+03
2.925800000000321688e+03
2.926600000000321870e+03
2.927400000000322052e+03
2.928200000000322234e+03
2.929000000000322416e+03
2.929800000000322598e+03
2.930600000000322780e+03
2.931400000000322962e+03
2.932200000000323143e+03
2.933000000000323325e+03
2.933800000000323507e+03
2.934600000000323689e+03
2.935400000000323871e+03
2.936200000000324053e+03
2.937000000000324235e+03
2.937800000000324417e+03
2.938600000000324599e+03
2.939400000000324781e+03
2.940200000000324962e+03
2.941000000000325144e+03
2.941800000000325326e+03
2.942600000000325508e+03
2.943400000000325690e+03
2.944200000000325872e+03
2.945000000000326054e+03
2.945800000000326236e+03
2.946600000000326418e+03
2.947400000000326600e+03
2.948200000000326781e+03
2.949000000000326963e+03
2.949800000000327145e+03
2.950600000000327327e+03
2.951400000000327509e+03
2.952200000000327691e+03
2.953000000000327873e+03
2.953800000000328055e+03
2.954600000000328237e+03
2.955400000000328419e+03
2.956200000000328600e+03
2.957000000000328782e+03
2.957800000000328964e+03
2.958600000000329146e+03
2.959400000000329328e+03
2.960200000000329510e+03
2.961000000000329692e+03
2.961800000000329874e+03
2.962600000000330056e+03
2.963400000000330238e+03
2.964200000000330419e+03
2.965000000000330601e+03
2.965800000000330783e+03
2.966600000000330965e+03
2.967400000000331147e+03
2.968200000000331329e+03
2.969000000000331511e+03
2.969800000000331693e+03
2.970600000000331875e+03
2.971400000000332057e+03
2.972200000000332238e+03
2.973000000000332420e+03
2.973800000000332602e+03
2.974600000000332784e+03
2.975400000000332966e+03
2.976200000000333148e+03
2.977000000000333330e+03
2.977800000000333512e+03
2.978600000000333694e+03
2.979400000000333876e+03
2.980200000000334057e+03
2.981000000000334239e+03
2.981800000000334421e+03
2.982600000000334603e+03
2.983400000000334785e+03
2.984200000000334967e+03
2.985000000000335149e+03
2.985800000000335331e+03
2.986600000000335513e+03
2.987400000000335694e+03
2.988200000000335876e+03
2.989000000000336058e+03
2.989800000000336240e+03
2.990600000000336422e+03
2.991400000000336604e+03
2.992200000000336786e+03
2.993000000000336968e+03
2.993800000000337150e+03
2.994600000000337332e+03
2.995400000000337513e+03
2.996200000000337695e+03
2.997000000000337877e+03
2.997800000000338059e+03
2.998600000000338241e+03
2.999400000000338423e+03
3.000200000000338605e+03
3.001000000000338787e+03
3.001800000000338969e+03
3.002600000000339151e+03
3.003400000000339332e+03
3.004200000000339514e+03
3.005000000000339696e+03
3.005800000000339878e+03
3.006600000000340060e+03
3.007400000000340242e+03
3.008200000000340424e+03
3.009000000000340606e+03
3.009800000000340788e+03
3.010600000000340970e+03
3.011400000000341151e+03
3.012200000000341333e+03
3.013000000000341515e+03
3.013800000000341697e+03
3.014600000000341879e+03
3.015400000000342061e+03
3.016200000000342243e+03
3.017000000000342425e+03
3.017800000000342607e+03
3.018600000000342789e+03
3.019400000000342970e+03
3.020200000000343152e+03
3.021000000000343334e+03
3.021800000000343516e+03
3.022600000000343698e+03
3.023400000000343880e+03
3.024200000000344062e+03
3.025000000000344244e+03
3.025800000000344426e+03
3.026600000000344608e+03
3.027400000000344789e+03
3.028200000000344971e+03
3.029000000000345153e+03
3.029800000000345335e+03
3.030600000000345517e+03
3.031400000000345699e+03
3.032200000000345881e+03
3.033000000000346063e+03
3.033800000000346245e+03
3.034600000000346427e+03
3.035400000000346608e+03
3.036200000000346790e+03
3.037000000000346972e+03
3.037800000000347154e+03
3.038600000000347336e+03
3.039400000000347518e+03
3.040200000000347700e+03
3.041000000000347882e+03
3.041800000000348064e+03
3.042600000000348246e+03
3.043400000000348427e+03
3.044200000000348609e+03
3.045000000000348791e+03
3.045800000000348973e+03
3.046600000000349155e+03
3.047400000000349337e+03
3.048200000000349519e+03
3.049000000000349701e+03
3.049800000000349883e+03
3.050600000000350065e+03
3.051400000000350246e+03
3.052200000000350428e+03
3.053000000000350610e+03
3.053800000000350792e+03
3.054600000000350974e+03
3.055400000000351156e+03
3.056200000000351338e+03
3.057000000000351520e+03
3.057800000000351702e+03
3.058600000000351884e+03
3.059400000000352065e+03
3.060200000000352247e+03
3.061000000000352429e+03
3.061800000000352611e+03
3.062600000000352793e+03
3.063400000000352975e+03
3.064200000000353157e+03
3.065000000000353339e+03
3.065800000000353521e+03
3.066600000000353702e+03
3.067400000000353884e+03
3.068200000000354066e+03
3.069000000000354248e+03
3.069800000000354430e+03
3.070600000000354612e+03
3.071400000000354794e+03
3.072200000000354976e+03
3.073000000000355158e+03
3.073800000000355340e+03
3.074600000000355521e+03
3.075400000000355703e+03
3.076200000000355885e+03
3.077000000000356067e+03
3.077800000000356249e+03
3.078600000000356431e+03
3.079400000000356613e+03
3.080200000000356795e+03
3.081000000000356977e+03
3.081800000000357159e+03
3.082600000000357340e+03
3.083400000000357522e+03
3.084200000000357704e+03
3.085000000000357886e+03
3.085800000000358068e+03
3.086600000000358250e+03
3.087400000000358432e+03
3.088200000000358614e+03
3.089000000000358796e+03
3.089800000000358978e+03
3.090600000000359159e+03
3.091400000000359341e+03
3.092200000000359523e+03
3.093000000000359705e+03
3.093800000000359887e+03
3.094600000000360069e+03
3.095400000000360251e+03
3.096200000000360433e+03
3.097000000000360615e+03
3.097800000000360797e+03
3.098600000000360978e+03
3.099400000000361160e+03
