4.729511770297845530e+00
4.729479205603203340e+00
4.729446634162316698e+00
4.729414055973166775e+00
4.729381471033748063e+00
4.729348879342063938e+00
4.729316280896135538e+00
4.729283675693997324e+00
4.729251063733705962e+00
4.729218445013337657e+00
4.729185819530993484e+00
4.729153187284794946e+00
4.729120548272895519e+00
4.729087902493470885e+00
4.729055249944730477e+00
4.729022590624910372e+00
4.728989924532279510e+00
4.728957251665139694e+00
4.728924572021822925e+00
4.728891885600699396e+00
4.728859192400171274e+00
4.728826492418678029e+00
4.728793785654692883e+00
4.728761072106728136e+00
4.728728351773333394e+00
4.728695624653094676e+00
4.728662890744637082e+00
4.728630150046623903e+00
4.728597402557758400e+00
4.728564648276782911e+00
4.728531887202478856e+00
4.728499119333669398e+00
4.728466344669215005e+00
4.728433563208019663e+00
4.728400774949027330e+00
4.728367979891221040e+00
4.728335178033628239e+00
4.728302369375313674e+00
4.728269553915386503e+00
4.728236731652996738e+00
4.728203902587335250e+00
4.728171066717635540e+00
4.728138224043172855e+00
4.728105374563262409e+00
4.728072518277264713e+00
4.728039655184580248e+00
4.728006785284651237e+00
4.727973908576963424e+00
4.727941025061043412e+00
4.727908134736461321e+00
4.727875237602829017e+00
4.727842333659799223e+00
4.727809422907068182e+00
4.727776505344375657e+00
4.727743580971501380e+00
4.727710649788267716e+00
4.727677711794541437e+00
4.727644766990228398e+00
4.727611815375279747e+00
4.727578856949686603e+00
4.727545891713484494e+00
4.727512919666747138e+00
4.727479940809596215e+00
4.727446955142191598e+00
4.727413962664735791e+00
4.727380963377473932e+00
4.727347957280693791e+00
4.727314944374724881e+00
4.727281924659938461e+00
4.727248898136748423e+00
4.727215864805609513e+00
4.727182824667019112e+00
4.727149777721518120e+00
4.727116723969685630e+00
4.727083663412146919e+00
4.727050596049566344e+00
4.727017521882650897e+00
4.726984440912148422e+00
4.726951353138850287e+00
4.726918258563588715e+00
4.726885157187236786e+00
4.726852049010710211e+00
4.726818934034966446e+00
4.726785812261003805e+00
4.726752683689861456e+00
4.726719548322622977e+00
4.726686406160409248e+00
4.726653257204386449e+00
4.726620101455758949e+00
4.726586938915775526e+00
4.726553769585723153e+00
4.726520593466931430e+00
4.726487410560772595e+00
4.726454220868657075e+00
4.726421024392039705e+00
4.726387821132413514e+00
4.726354611091314162e+00
4.726321394270318166e+00
4.726288170671042010e+00
4.726254940295144813e+00
4.726221703144324771e+00
4.726188459220322713e+00
4.726155208524919438e+00
4.726121951059934823e+00
4.726088686827233154e+00
4.726055415828716022e+00
4.726022138066326761e+00
4.725988853542049561e+00
4.725955562257910358e+00
4.725922264215972390e+00
4.725888959418343305e+00
4.725855647867167164e+00
4.725822329564631552e+00
4.725789004512963132e+00
4.725755672714429423e+00
4.725722334171336136e+00
4.725688988886032504e+00
4.725655636860905950e+00
4.725622278098384754e+00
4.725588912600935387e+00
4.725555540371066954e+00
4.725522161411326749e+00
4.725488775724304702e+00
4.725455383312626267e+00
4.725421984178961310e+00
4.725388578326016109e+00
4.725355165756538689e+00
4.725321746473316153e+00
4.725288320479176463e+00
4.725254887776983992e+00
4.725221455951674976e+00
4.725188027427166482e+00
4.725154602204446164e+00
4.725121180284471478e+00
4.725087761668172348e+00
4.725054346356451163e+00
4.725020934350181001e+00
4.724987525650213627e+00
4.724954120257374157e+00
4.724920718172465506e+00
4.724887319396268381e+00
4.724853923929542177e+00
4.724820531773026744e+00
4.724787142927445061e+00
4.724753757393500564e+00
4.724720375171881592e+00
4.724686996263262273e+00
4.724653620668302523e+00
4.724620248387648935e+00
4.724586879421938335e+00
4.724553513771798663e+00
4.724520151437845428e+00
4.724486792420691472e+00
4.724453436720941646e+00
4.724420084339195469e+00
4.724386735276050686e+00
4.724353389532103265e+00
4.724320047107948284e+00
4.724286708004182600e+00
4.724253372221403069e+00
4.982006161637412944e+00
4.981973691474128607e+00
4.981941220427785311e+00
4.981908748473537152e+00
4.981876275586346381e+00
4.981843801740984290e+00
4.981811326912027660e+00
4.981778851073858760e+00
4.981746374200669791e+00
4.981713896266454888e+00
4.981681417245016341e+00
4.981648937109959263e+00
4.981616455834693369e+00
4.981583973392434750e+00
4.981551489756199658e+00
4.981519004898809833e+00
4.981486518792888063e+00
4.981454031410860850e+00
4.981421542724954854e+00
4.981389052707198672e+00
4.981356561329421950e+00
4.981324068563255381e+00
4.981291574380127152e+00
4.981259078751266500e+00
4.981226581647703711e+00
4.981194083040263898e+00
4.981161582899572338e+00
4.981129081196052688e+00
4.981096577899924327e+00
4.981064072981205015e+00
4.981031566409707345e+00
4.980999058155042292e+00
4.980966548186612997e+00
4.980934036473622761e+00
4.980901522985064389e+00
4.980869007689728178e+00
4.980836490556198370e+00
4.980803971552851372e+00
4.980771450647857534e+00
4.980738927809180261e+00
4.980706403004575122e+00
4.980673876201588968e+00
4.980641347367562588e+00
4.980608816469623612e+00
4.980576283474695387e+00
4.980543748349489874e+00
4.980511211060507648e+00
4.980478671574040561e+00
4.980446129856169968e+00
4.980413585872766724e+00
4.980381039589488523e+00
4.980348490971785225e+00
4.980315939984889972e+00
4.980283386593827188e+00
4.980250830763407244e+00
4.980218272458229123e+00
4.980185711642676871e+00
4.980153148280922260e+00
4.980120582336923896e+00
4.980088013774425448e+00
4.980055442556955647e+00
4.980022868647831835e+00
4.979990292010153752e+00
4.979957712606807974e+00
4.979925130400465250e+00
4.979892545353579614e+00
4.979859950395912449e+00
4.979827342998616402e+00
4.979794723170535953e+00
4.979762090920585749e+00
4.979729446257757708e+00
4.979696789191113027e+00
4.979664119729789284e+00
4.979631437882996003e+00
4.979598743660016424e+00
4.979566037070204843e+00
4.979533318122991048e+00
4.979500586827876774e+00
4.979467843194437471e+00
4.979435087232320534e+00
4.979402318951246187e+00
4.979369538361009262e+00
4.979336745471475645e+00
4.979303940292584052e+00
4.979271122834347807e+00
4.979238293106849511e+00
4.979205451120249037e+00
4.979172596884773760e+00
4.979139730410728326e+00
4.979106851708486658e+00
4.979073960788497288e+00
4.979041057661279801e+00
4.979008142337427500e+00
4.978975214827603857e+00
4.978942275142546947e+00
4.978909323293066791e+00
4.978876359290045350e+00
4.978843383144436530e+00
4.978810394867265288e+00
4.978777394469632966e+00
4.978744381962707521e+00
4.978711357357732403e+00
4.978678320666023005e+00
4.978645271898965774e+00
4.978612211068019100e+00
4.978579138184713315e+00
4.978546053260652471e+00
4.978512956307509008e+00
4.978479847337029973e+00
4.978446726361033470e+00
4.978413593391408654e+00
4.978380448440116623e+00
4.978347291519192197e+00
4.978314122640736805e+00
4.978280941816929150e+00
4.978247749060016325e+00
4.978214544382316475e+00
4.978181327796221467e+00
4.978148099314193331e+00
4.978114858948764265e+00
4.978081606712540186e+00
4.978048342618197175e+00
4.978015066678481482e+00
4.977981778906213073e+00
4.977948479314280306e+00
4.977915167915645256e+00
4.977881844723338389e+00
4.977848509750463890e+00
4.977815163010195221e+00
4.977781804515778674e+00
4.977748434280528045e+00
4.977715052317831734e+00
4.977681658641147422e+00
4.977648253264002953e+00
4.977614836199998116e+00
4.977581407462802865e+00
4.977547967066159096e+00
4.977514515023876207e+00
4.977481051349838204e+00
4.977447576057997480e+00
4.977414089162376598e+00
4.977380590677069172e+00
4.977347080616240760e+00
4.977313558994125309e+00
4.977280025825027820e+00
4.977246481123324351e+00
4.977212924903460234e+00
4.977179357179951857e+00
4.977145777967384888e+00
4.977112187280416933e+00
4.977078585133774880e+00
4.977044971542254004e+00
4.977011346520722412e+00
4.976977710084117490e+00
4.976944062247445011e+00
4.976910403025782692e+00
4.976876732434277528e+00
4.976843050488146680e+00
4.976809357202675699e+00
4.976775652593222077e+00
5.233511297151102859e+00
5.233480100173898641e+00
5.233448892558990373e+00
5.233417674322108581e+00
5.233386445479057514e+00
5.233355206045708030e+00
5.233323956038004710e+00
5.233292695471957856e+00
5.233261424363650605e+00
5.233230142729234480e+00
5.233198850584932060e+00
5.233167547947035203e+00
5.233136234831903266e+00
5.233104911255970215e+00
5.233073577235734852e+00
5.233042232787767922e+00
5.233010877928709448e+00
5.232979512675269618e+00
5.232948137044227899e+00
5.232916751052431259e+00
5.232885354716798609e+00
5.232853948054317250e+00
5.232822531082044648e+00
5.232791103817105771e+00
5.232759666276697530e+00
5.232728218478085225e+00
5.232696760438600769e+00
5.232665292175648908e+00
5.232633813706701886e+00
5.232602325049302117e+00
5.232570826221059512e+00
5.232539317239654153e+00
5.232507798122834508e+00
5.232476268888419213e+00
5.232444729554294405e+00
5.232413180138417275e+00
5.232381620658810739e+00
5.232350051133569657e+00
5.232318471580856389e+00
5.232286882018902574e+00
5.232255282466006463e+00
5.232223672940539139e+00
5.232192053460937409e+00
5.232160424045706471e+00
5.232128784713421688e+00
5.232097135482726813e+00
5.232065476372333102e+00
5.232033807401021974e+00
5.232002128587641465e+00
5.231970439951108887e+00
5.231938741510411717e+00
5.231907033284603159e+00
5.231875315292805695e+00
5.231843587554210195e+00
5.231811850088076810e+00
5.231780102913732300e+00
5.231748346050572707e+00
5.231716579518061572e+00
5.231684803335731715e+00
5.231653017523182569e+00
5.231621222100082846e+00
5.231589417086169647e+00
5.231557602501245796e+00
5.231525778365185175e+00
5.231493944697926501e+00
5.231462101519479546e+00
5.231430248849919806e+00
5.231398386709390280e+00
5.231366515118105021e+00
5.231334634096342029e+00
5.231302743664448585e+00
5.231270843842840357e+00
5.231238934651999628e+00
5.231207016112477071e+00
5.231175088244890858e+00
5.231143151069925779e+00
5.231111204608335896e+00
5.231079248880941002e+00
5.231047283908630163e+00
5.231015309712358174e+00
5.230983326313148218e+00
5.230951333732090092e+00
5.230919331990342869e+00
5.230887321109131349e+00
5.230855301109746058e+00
5.230823272013548575e+00
5.230791233841964427e+00
5.230759186616487533e+00
5.230727130358680199e+00
5.230695065090168683e+00
5.230662990832650294e+00
5.230630907607886293e+00
5.230598815437706328e+00
5.230566714344005774e+00
5.230534604348749284e+00
5.230502485473965457e+00
5.230470357741753062e+00
5.230438221174273927e+00
5.230406075793760934e+00
5.230373921622510025e+00
5.230341758682885533e+00
5.230309586997318405e+00
5.230277406588307088e+00
5.230245217478415753e+00
5.230213019690273413e+00
5.230180813246580129e+00
5.230148598170098140e+00
5.230116374483657182e+00
5.230084142210157161e+00
5.230051901372558376e+00
5.230019651993893071e+00
5.229987394097255660e+00
5.229955127705809836e+00
5.229922852842783243e+00
5.229890569531471911e+00
5.229858277795237598e+00
5.229825977657507785e+00
5.229793669141775680e+00
5.229761352271601105e+00
5.229729027070610492e+00
5.229696693562496002e+00
5.229664351771015518e+00
5.229632001719993539e+00
5.229599643433321177e+00
5.229567276934952602e+00
5.229534902248911266e+00
5.229502519399284566e+00
5.229470128410225627e+00
5.229437729305955962e+00
5.229405322110759258e+00
5.229372906848988478e+00
5.229340483545058760e+00
5.229308052223452741e+00
5.229275612908719673e+00
5.229243165625472756e+00
5.229210710398392692e+00
5.229178247252222356e+00
5.229145776211773011e+00
5.229113297301922536e+00
5.229080810547610092e+00
5.229048315973843231e+00
5.229015813605695229e+00
5.228983303468303312e+00
5.228950785586869543e+00
5.228918259986663486e+00
5.228885726693018654e+00
5.228853185731332509e+00
5.228820637127070903e+00
5.228788080905761859e+00
5.228755517093000016e+00
5.228722945714444847e+00
5.228690366795821554e+00
5.228657780362918395e+00
5.228625186441591133e+00
5.228592585057758590e+00
5.228559976237406204e+00
5.228527360006581581e+00
5.228494736391400721e+00
5.228462105418042682e+00
5.228429467112750473e+00
5.484383899850098665e+00
5.484355701837857033e+00
5.484327498307611570e+00
5.484299289286923340e+00
5.484271074803421797e+00
5.484242854884803009e+00
5.484214629558826104e+00
5.484186398853321265e+00
5.484158162796180846e+00
5.484129921415366482e+00
5.484101674738903753e+00
5.484073422794885744e+00
5.484045165611472150e+00
5.484016903216886618e+00
5.483988635639422071e+00
5.483960362907433606e+00
5.483932085049346483e+00
5.483903802093648139e+00
5.483875514068896173e+00
5.483847221003710359e+00
5.483818922926778860e+00
5.483790619866853788e+00
5.483762311852755644e+00
5.483733998913368879e+00
5.483705681077644556e+00
5.483677358374599464e+00
5.483649030833314342e+00
5.483620698482940092e+00
5.483592361352689792e+00
5.483564019471842244e+00
5.483535672869743749e+00
5.483507321575804561e+00
5.483478965619502432e+00
5.483450605030379066e+00
5.483422239838041889e+00
5.483393870072165832e+00
5.483365495762488884e+00
5.483337116938815647e+00
5.483308733631015564e+00
5.483280345869024686e+00
5.483251953682844793e+00
5.483223557102540724e+00
5.483195156158243933e+00
5.483166750880152485e+00
5.483138341298527507e+00
5.483109927443698517e+00
5.483081509346056315e+00
5.483053087036060091e+00
5.483024660544232987e+00
5.482996229901162977e+00
5.482967795137504652e+00
5.482939356283976551e+00
5.482910913371362938e+00
5.482882466430512025e+00
5.482854015492337751e+00
5.482825560587820668e+00
5.482797101748003499e+00
5.482768639003996469e+00
5.482740172386972866e+00
5.482711701928172587e+00
5.482683227658897707e+00
5.482654749610519573e+00
5.482626267814470822e+00
5.482597782302249811e+00
5.482569293105418851e+00
5.482540800255607749e+00
5.482512303784509378e+00
5.482483803723880555e+00
5.482455300105542939e+00
5.482426792961384798e+00
5.482398282323357463e+00
5.482369768223476214e+00
5.482341250693823831e+00
5.482312729766544379e+00
5.482284205473847649e+00
5.482255677848009157e+00
5.482227146921367478e+00
5.482198612726326026e+00
5.482170075295353051e+00
5.482141534660980753e+00
5.482112990855806167e+00
5.482084443912490279e+00
5.482055893863758911e+00
5.482027340742400945e+00
5.481998784581271877e+00
5.481970225413290265e+00
5.481941663271437726e+00
5.481913098188761602e+00
5.481884530198373184e+00
5.481855959333447714e+00
5.481827385627225269e+00
5.481798809113008097e+00
5.481770229824165952e+00
5.481741647794128092e+00
5.481713063056392166e+00
5.481684475644517995e+00
5.481655885592129351e+00
5.481627292932913065e+00
5.481598697700622580e+00
5.481570099929073514e+00
5.481541499652143656e+00
5.481512896903779186e+00
5.481484291717985791e+00
5.481455684128834882e+00
5.481427074170462710e+00
5.481398461877066808e+00
5.481369847282911323e+00
5.481341230422320798e+00
5.481312611329686391e+00
5.481283990039462317e+00
5.481255366586164968e+00
5.481226741004377345e+00
5.481198113328741073e+00
5.481169483593967939e+00
5.481140851834827465e+00
5.481112218086155785e+00
5.481083582382852093e+00
5.481054944759878644e+00
5.481026305252261643e+00
5.480997663895090355e+00
5.480969020723517993e+00
5.480940375772759943e+00
5.480911729078096428e+00
5.480883080674869845e+00
5.480854430598487426e+00
5.480825778884418575e+00
5.480797125568195760e+00
5.480768470685415394e+00
5.480739814271737842e+00
5.480711156362883862e+00
5.480682496994640829e+00
5.480653836202856510e+00
5.480625174023444401e+00
5.480596510492378393e+00
5.480567845645698100e+00
5.480539179519504422e+00
5.480510512149961322e+00
5.480481843573297596e+00
5.480453173825803326e+00
5.480424502943831655e+00
5.480395830963798787e+00
5.480367157922184873e+00
5.480338483855532239e+00
5.480309808800445381e+00
5.480281132793593635e+00
5.480252455871706729e+00
5.480223778071578344e+00
5.480195099430066108e+00
5.480166419984088932e+00
5.480137739770629679e+00
5.480109058826731605e+00
5.480080377189502805e+00
5.480051694896113545e+00
5.480023011983798042e+00
5.479994328489850020e+00
5.479965644451628037e+00
5.479936959906552829e+00
5.479908274892108189e+00
5.479879589445840082e+00
5.479850903605356649e+00
5.735329695334687727e+00
5.735307247874395387e+00
5.735284803089419015e+00
5.735262361019936250e+00
5.735239921706184241e+00
5.735217485188471187e+00
5.735195051507167463e+00
5.735172620702710944e+00
5.735150192815606118e+00
5.735127767886421424e+00
5.735105345955791023e+00
5.735082927064414804e+00
5.735060511253061044e+00
5.735038098562560194e+00
5.735015689033810204e+00
5.734993282707772977e+00
5.734970879625478801e+00
5.734948479828021917e+00
5.734926083356561399e+00
5.734903690252323827e+00
5.734881300556598838e+00
5.734858914310743572e+00
5.734836531556181782e+00
5.734814152334398507e+00
5.734791776686948950e+00
5.734769404655451375e+00
5.734747036281588883e+00
5.734724671607112967e+00
5.734702310673836401e+00
5.734679953523642126e+00
5.734657600198473482e+00
5.734635250740343970e+00
5.734612905191328380e+00
5.734590563593570778e+00
5.734568225989276513e+00
5.734545892420720214e+00
5.734523562930238683e+00
5.734501237560236220e+00
5.734478916353180189e+00
5.734456599351606343e+00
5.734434286598111719e+00
5.734411978135362631e+00
5.734389674006088455e+00
5.734367374253084293e+00
5.734345078919209193e+00
5.734322788047389707e+00
5.734300501680615447e+00
5.734278219861943526e+00
5.734255942634494119e+00
5.734233670041453124e+00
5.734211402126071278e+00
5.734189138931665930e+00
5.734166880501617491e+00
5.734144626879373874e+00
5.734122378108445162e+00
5.734100134232408053e+00
5.734077895294904970e+00
5.734055661339642285e+00
5.734033432410392095e+00
5.734011208550991334e+00
5.733988989805339997e+00
5.733966776217407357e+00
5.733944567831223083e+00
5.733922364690885232e+00
5.733900166840554036e+00
5.733877974324457227e+00
5.733855787186885600e+00
5.733833605472195671e+00
5.733811429224808798e+00
5.733789258489211171e+00
5.733767093309952934e+00
5.733744933731651727e+00
5.733722779798985592e+00
5.733700631556702731e+00
5.733678489049611748e+00
5.733656352322587857e+00
5.733634221420571997e+00
5.733612096388568169e+00
5.733589977271645211e+00
5.733567864114938573e+00
5.733545756963646767e+00
5.733523655863033142e+00
5.733501560858425883e+00
5.733479471995218901e+00
5.733457389318869168e+00
5.733435312874899381e+00
5.733413242708897073e+00
5.733391178866513727e+00
5.733369121393465662e+00
5.733347070335534923e+00
5.733325025738564840e+00
5.733302987648468019e+00
5.733280956111217463e+00
5.733258931172854567e+00
5.733236912879482006e+00
5.733214901277268183e+00
5.733192896412447226e+00
5.733170898331316323e+00
5.733148907080238388e+00
5.733126922705638506e+00
5.733104945254008378e+00
5.733082974771905427e+00
5.733061011305947474e+00
5.733039054902819842e+00
5.733017105609272690e+00
5.732995163472118350e+00
5.732973228538234878e+00
5.732951300854566057e+00
5.732929380468116953e+00
5.732907467425960135e+00
5.732885561775229455e+00
5.732863663563126266e+00
5.732841772836914984e+00
5.732819889643923972e+00
5.732798014031546430e+00
5.732776146047239507e+00
5.732754285738524302e+00
5.732732433152987639e+00
5.732710588338280289e+00
5.732688751342116085e+00
5.732666922212273697e+00
5.732645100996596632e+00
5.732623287742992346e+00
5.732601482499433132e+00
5.732579685313953455e+00
5.732557896234655281e+00
5.732536115309700975e+00
5.732514342587320400e+00
5.732492578115806481e+00
5.732470821943515205e+00
5.732449074118869170e+00
5.732427334690352261e+00
5.732405603706514086e+00
5.732383881215969978e+00
5.732362167267394781e+00
5.732340461909533502e+00
5.732318765191189769e+00
5.732297077161234711e+00
5.732275397868602518e+00
5.732253727362291329e+00
5.732232065691364120e+00
5.732210412904946040e+00
5.732188769052229738e+00
5.732167134182468260e+00
5.732145508344979490e+00
5.732123891589147924e+00
5.732102283964419343e+00
5.732080685520305252e+00
5.732059096306378443e+00
5.732037516372280095e+00
5.732015945767710896e+00
5.731994384542439036e+00
5.731972832746293989e+00
5.731951290429170953e+00
5.731929757641028189e+00
5.731908234431889682e+00
5.731886720851839812e+00
5.731865216951029574e+00
5.731843722779673911e+00
5.731822238388049939e+00
5.987183825322854425e+00
5.987170167724896075e+00
5.987156524287265746e+00
5.987142895064261339e+00
5.987129280110250917e+00
5.987115679479674490e+00
5.987102093227036903e+00
5.987088521406915831e+00
5.987074964073955563e+00
5.987061421282870555e+00
5.987047893088444539e+00
5.987034379545530527e+00
5.987020880709049031e+00
5.987007396633990730e+00
5.986993927375416469e+00
5.986980472988455482e+00
5.986967033528304505e+00
5.986953609050232217e+00
5.986940199609573909e+00
5.986926805261735929e+00
5.986913426062192123e+00
5.986900062066487394e+00
5.986886713330233256e+00
5.986873379909113169e+00
5.986860061858877202e+00
5.986846759235345594e+00
5.986833472094408748e+00
5.986820200492024568e+00
5.986806944484220239e+00
5.986793704127093996e+00
5.986780479476810690e+00
5.986767270589606227e+00
5.986754077521784900e+00
5.986740900329719395e+00
5.986727739069852561e+00
5.986714593798696527e+00
5.986701464572831810e+00
5.986688351448909096e+00
5.986675254483647457e+00
5.986662173733834358e+00
5.986649109256328316e+00
5.986636061108056239e+00
5.986623029346013425e+00
5.986610014027265336e+00
5.986597015208945827e+00
5.986584032948258915e+00
5.986571067302476123e+00
5.986558118328941802e+00
5.986545186085064252e+00
5.986532270628324603e+00
5.986519372016273266e+00
5.986506490306527262e+00
5.986493625556775555e+00
5.986480777824774613e+00
5.986467947168351955e+00
5.986455133645400828e+00
5.986442337313887307e+00
5.986429558231845860e+00
5.986416796457378453e+00
5.986404052048658109e+00
5.986391325063926239e+00
5.986378615561493532e+00
5.986365923599740846e+00
5.986353249237116536e+00
5.986340592532140015e+00
5.986327953543399083e+00
5.986315332329549932e+00
5.986302728949319807e+00
5.986290143461504343e+00
5.986277575924968453e+00
5.986265026398646327e+00
5.986252494941540547e+00
5.986239981612725636e+00
5.986227486471342729e+00
5.986215009576603130e+00
5.986202550987788307e+00
5.986190110764247230e+00
5.986177688965399923e+00
5.986165285650733914e+00
5.986152900879808669e+00
5.986140534712251160e+00
5.986128187207757634e+00
5.986115858426094505e+00
5.986103548427096577e+00
5.986091257270668820e+00
5.986078985016785481e+00
5.986066731725490087e+00
5.986054497456894552e+00
5.986042282271181847e+00
5.986030086228602443e+00
5.986017909389479641e+00
5.986005751814201581e+00
5.985993613563228344e+00
5.985981494697090177e+00
5.985969395276384830e+00
5.985957315361779330e+00
5.985945255014013533e+00
5.985933214293892135e+00
5.985921193262292661e+00
5.985909191980159250e+00
5.985897210508509758e+00
5.985885248908425993e+00
5.985873307241064367e+00
5.985861385567647019e+00
5.985849483949468031e+00
5.985837602447888983e+00
5.985825741124343402e+00
5.985813900040330537e+00
5.985802079257424246e+00
5.985790278837263223e+00
5.985778498841558104e+00
5.985766739332088804e+00
5.985755000370703627e+00
5.985743282019322820e+00
5.985731584339933242e+00
5.985719907394594586e+00
5.985708251245432265e+00
5.985696615954644528e+00
5.985685001584498011e+00
5.985673408197328627e+00
5.985661835855541568e+00
5.985650284621613970e+00
5.985638754558090469e+00
5.985627245727584089e+00
5.985615758192780689e+00
5.985604292016434513e+00
5.985592847261368199e+00
5.985581423990475436e+00
5.985570022266719192e+00
5.985558642153132602e+00
5.985547283712818079e+00
5.985535947008947311e+00
5.985524632104761267e+00
5.985513339063573746e+00
5.985502067948763383e+00
5.985490818823783421e+00
5.985479591752152828e+00
5.985468386797463403e+00
5.985457204023374445e+00
5.985446043493617196e+00
5.985434905271989514e+00
5.985423789422362972e+00
5.985412696008675759e+00
5.985401625094938005e+00
5.985390576745228230e+00
5.985379551023696010e+00
5.985368547994559307e+00
5.985357567722106253e+00
5.985346610270697809e+00
5.985335675704758884e+00
5.985324764088790772e+00
5.985313875487360491e+00
5.985303009965105225e+00
5.985292167586734102e+00
5.985281348417024638e+00
5.985270552520825404e+00
5.985259779963053361e+00
5.985249030808695636e+00
5.985238305122811298e+00
5.985227602970528693e+00
6.240878512262014510e+00
6.240876941380870235e+00
6.240875399673719848e+00
6.240873887211186855e+00
6.240872404063969370e+00
6.240870950302848996e+00
6.240869525998677503e+00
6.240868131222387483e+00
6.240866766044987912e+00
6.240865430537565040e+00
6.240864124771281496e+00
6.240862848817377184e+00
6.240861602747171055e+00
6.240860386632055778e+00
6.240859200543503071e+00
6.240858044553062811e+00
6.240856918732361258e+00
6.240855823153101056e+00
6.240854757887063897e+00
6.240853723006106968e+00
6.240852718582166503e+00
6.240851744687253344e+00
6.240850801393460046e+00
6.240849888772953769e+00
6.240849006897978057e+00
6.240848155840857281e+00
6.240847335673989527e+00
6.240846546469853706e+00
6.240845788301003338e+00
6.240845061240072766e+00
6.240844365359770052e+00
6.240843700732884969e+00
6.240843067432281899e+00
6.240842465530903382e+00
6.240841895101771897e+00
6.240841356217982749e+00
6.240840848952714737e+00
6.240840373379221262e+00
6.240839929570833000e+00
6.240839517600960562e+00
6.240839137543090054e+00
6.240838789470787518e+00
6.240838473457695379e+00
6.240838189577535111e+00
6.240837937904105459e+00
6.240837718511283327e+00
6.240837531473022892e+00
6.240837376863356489e+00
6.240837254756396391e+00
6.240837165226331251e+00
6.240837108347427886e+00
6.240837084194030382e+00
6.240837092840563649e+00
6.240837134361528094e+00
6.240837208831504057e+00
6.240837316325148265e+00
6.240837456917196491e+00
6.240837630682465331e+00
6.240837837695845103e+00
6.240838078032308722e+00
6.240838351766903713e+00
6.240838658974759312e+00
6.240838999731080250e+00
6.240839374111152082e+00
6.240839782190338525e+00
6.240840224044078788e+00
6.240840699747895570e+00
6.240841209377385290e+00
6.240841753008226966e+00
6.240842330716175113e+00
6.240842942577064179e+00
6.240843588666808550e+00
6.240844269061398997e+00
6.240844983836906223e+00
6.240845733069479095e+00
6.240846516835345525e+00
6.240847335210813362e+00
6.240848188272267727e+00
6.240849076096173675e+00
6.240849998759073536e+00
6.240850956337590461e+00
6.240851948908424873e+00
6.240852976548358910e+00
6.240854039334250203e+00
6.240855137343038095e+00
6.240856270651740090e+00
6.240857439337451851e+00
6.240858643477348977e+00
6.240859883148687004e+00
6.240861158428800515e+00
6.240862469395101364e+00
6.240863816125082231e+00
6.240865198696315730e+00
6.240866617186452636e+00
6.240868071673223660e+00
6.240869562234437673e+00
6.240871088947985257e+00
6.240872651891834266e+00
6.240874251144031604e+00
6.240875886782707660e+00
6.240877558886067433e+00
6.240879267532399410e+00
6.240881012800068461e+00
6.240882794767520281e+00
6.240884613513282275e+00
6.240886469115958235e+00
6.240888361654233663e+00
6.240890291206873108e+00
6.240892257852721059e+00
6.240894261670703713e+00
6.240896302739822765e+00
6.240898381139164286e+00
6.240900496947890730e+00
6.240902650245248040e+00
6.240904841110557655e+00
6.240907069623226278e+00
6.240909335862736107e+00
6.240911639908651942e+00
6.240913981840618519e+00
6.240916361738359619e+00
6.240918779681679851e+00
6.240921235750463758e+00
6.240923730024677596e+00
6.240926262584364892e+00
6.240928833509653550e+00
6.240931442880747859e+00
6.240934090777935594e+00
6.240936777281581804e+00
6.240939502472135025e+00
6.240942266430122842e+00
6.240945069236154552e+00
6.240947910970916723e+00
6.240950791715180301e+00
6.240953711549796168e+00
6.240956670555693364e+00
6.240959668813884420e+00
6.240962706405461802e+00
6.240965783411597023e+00
6.240968899913545087e+00
6.240972055992640932e+00
6.240975251730299433e+00
6.240978487208016290e+00
6.240981762507370689e+00
6.240985077710019091e+00
6.240988432897702332e+00
6.240991828152239407e+00
6.240995263555533690e+00
6.240998739189566713e+00
6.241002255136402610e+00
6.241005811478186338e+00
6.241009408297144567e+00
6.241013045675583903e+00
6.241016723695894441e+00
6.241020442440545324e+00
6.241024201992089182e+00
6.241028002433158584e+00
6.241031843846467808e+00
6.241035726314813736e+00
6.241039649921073185e+00
6.241043614748205570e+00
6.241047620879252023e+00
6.241051668397334495e+00
6.241055757385656655e+00
6.241059887927505656e+00
6.241064060106248590e+00
6.241068274005335148e+00
6.241072529708295846e+00
6.241076827298744689e+00
6.241081166860376506e+00
6.241085548476968725e+00
6.241089972232379601e+00
6.241094438210550877e+00
6.241098946495506006e+00
6.241103497171350156e+00
6.241108090322271096e+00
6.241112726032537417e+00
6.241117404386502088e+00
6.241122125468599791e+00
6.241126889363346919e+00
6.241131696155341579e+00
6.241136545929265367e+00
6.241141438769883365e+00
6.241146374762039706e+00
6.241151353990664674e+00
6.241156376540770268e+00
6.241161442497448419e+00
6.241166551945877217e+00
6.241171704971316458e+00
6.241176901659106768e+00
6.241182142094674035e+00
6.241187426363525859e+00
6.241192754551252442e+00
6.241198126743527475e+00
6.241203543026107248e+00
6.241209003484830653e+00
6.241214508205620959e+00
6.241220057274483146e+00
6.241225650777506573e+00
6.241231288800861421e+00
6.241236971430803138e+00
6.241242698753671547e+00
6.241248470855885522e+00
6.241254287823951863e+00
6.241260149744457308e+00
6.241266056704074749e+00
6.241272008789557901e+00
6.241278006087746633e+00
6.241284048685562524e+00
6.241290136670010646e+00
6.241296270128180446e+00
6.241302449147244857e+00
6.241308673814462082e+00
6.241314944217170257e+00
6.241321260442795449e+00
6.241327622578844547e+00
6.241334030712910597e+00
6.241340484932669241e+00
6.241346985325879615e+00
6.241353531980387004e+00
6.241360124984118407e+00
6.241366764425086089e+00
6.241373450391387578e+00
6.241380182971203006e+00
6.241386962252795989e+00
6.241393788324517189e+00
6.241400661274799866e+00
6.241407581192161658e+00
6.241414548165203691e+00
6.241421562282615021e+00
6.241428623633165529e+00
6.241435732305712136e+00
6.241442888389195254e+00
6.241450091972639669e+00
6.241457343145156322e+00
6.241464641995938756e+00
6.241471988614267552e+00
6.241479383089506783e+00
6.241486825511106673e+00
6.241494315968600048e+00
6.241501854551607664e+00
6.241509441349833764e+00
6.241517076453066970e+00
6.241524759951182943e+00
6.241532491934141724e+00
6.241540272491988617e+00
6.241548101714853303e+00
6.241555979692951617e+00
6.241563906516585547e+00
6.241571882276140570e+00
6.241579907062090982e+00
6.241587980964992788e+00
6.241596104075489926e+00
6.241604276484311598e+00
6.241612498282272270e+00
6.241620769560272564e+00
6.241629090409297476e+00
6.241637460920420821e+00
6.241645881184799904e+00
6.241654351293679071e+00
6.241662871338387042e+00
6.241671441410341359e+00
6.241680061601043050e+00
6.241688732002081075e+00
6.241697452705129656e+00
6.241706223801949172e+00
6.241715045384387039e+00
6.241723917544375944e+00
6.241732840373936497e+00
6.241741813965174579e+00
6.241750838410283109e+00
6.241759913801542048e+00
6.241769040231315735e+00
6.241778217792058214e+00
6.241787446576307907e+00
6.241796726676691165e+00
6.241806058185922268e+00
6.241815441196798986e+00
6.241824875802208794e+00
6.241834362095126210e+00
6.241843900168611015e+00
6.241853490115811809e+00
6.241863132029964234e+00
6.241872826004389196e+00
6.241882572132496421e+00
6.241892370507782672e+00
6.241902221223832647e+00
6.241912124374318083e+00
6.241922080052997757e+00
6.241932088353718378e+00
6.241942149370413695e+00
6.241952263197106276e+00
6.241962429927904843e+00
6.241972649657006933e+00
6.241982922478698015e+00
6.241993248487350598e+00
6.242003627777426011e+00
6.242014060443473511e+00
6.242024546580127620e+00
6.242035086282116119e+00
6.242045679644250278e+00
6.242056326761431961e+00
6.242067027728650963e+00
6.242077782640985006e+00
6.242088591593599745e+00
6.242099454681750537e+00
6.242110372000779783e+00
6.242121343646119591e+00
6.242132369713290885e+00
6.242143450297900742e+00
6.242154585495648611e+00
6.242165775402320094e+00
6.242177020113790498e+00
6.242188319726023948e+00
6.242199674335072501e+00
6.242211084037080582e+00
6.242222548928276993e+00
6.242234069104982908e+00
6.242245644663608317e+00
6.242257275700650254e+00
6.242268962312698122e+00
6.242280704596428365e+00
6.242292502648608910e+00
6.242304356566094725e+00
6.242316266445831374e+00
6.242328232384855013e+00
6.242340254480291506e+00
6.242352332829352868e+00
6.242364467529346150e+00
6.242376658677664558e+00
6.242388906371792778e+00
6.242401210709304316e+00
6.242413571787863269e+00
6.242425989705225220e+00
6.242438464559233680e+00
6.242450996447822753e+00
6.242463585469018916e+00
6.242476231720935687e+00
6.242488935301780728e+00
6.242501696309847858e+00
6.242514514843525042e+00
6.242527391001289061e+00
6.242540324881708180e+00
6.242553316583441259e+00
6.242566366205235973e+00
6.242579473845933258e+00
6.242592639604465532e+00
6.242605863579852254e+00
6.242619145871208808e+00
6.242632486577737616e+00
6.242645885798734362e+00
6.242659343633586211e+00
6.242672860181770034e+00
6.242686435542855961e+00
6.242700069816503827e+00
6.242713763102464952e+00
6.242727515500583024e+00
6.242741327110794103e+00
6.242755198033124842e+00
6.242769128367692488e+00
6.242783118214708438e+00
6.242797167674474679e+00
6.242811276847385571e+00
6.242825445833926956e+00
6.242839674734676159e+00
6.242853963650304649e+00
6.242868312681574494e+00
6.242882721929340128e+00
6.242897191494549247e+00
6.242911721478240139e+00
6.242926311981547016e+00
6.242940963105692020e+00
6.242955674951993217e+00
6.242970447621860153e+00
6.242985281216795634e+00
6.243000175838394838e+00
6.243015131588345312e+00
6.243030148568429638e+00
6.243045226880520104e+00
6.243060366626584923e+00
6.243075567908683787e+00
6.243090830828970539e+00
6.243106155489693165e+00
6.243121541993190249e+00
6.243136990441895406e+00
6.243152500938336402e+00
6.243168073585135147e+00
6.243183708485003258e+00
6.243199405740750052e+00
6.243215165455277216e+00
6.243230987731580583e+00
6.243246872672750136e+00
6.243262820381968226e+00
6.243278830962514014e+00
6.243294904517757260e+00
6.243311041151165419e+00
6.243327240966298319e+00
6.243343504066809935e+00
6.243359830556450163e+00
6.243376220539061272e+00
6.243392674118582342e+00
6.243409191399045710e+00
6.243425772484578751e+00
6.243442417479403872e+00
6.243459126487837629e+00
6.243475899614291613e+00
6.243492736963273337e+00
6.243509638639385351e+00
6.243526604747323461e+00
6.243543635391880287e+00
6.243560730677945259e+00
6.243577890710499290e+00
6.243595115594621880e+00
6.243612405435486679e+00
6.243629760338364143e+00
6.243647180408618880e+00
6.243664665751711418e+00
6.243682216473199098e+00
6.243699832678735184e+00
6.243717514474067976e+00
6.243735261965041694e+00
6.243753075257598262e+00
6.243770954457774636e+00
6.243788899671702808e+00
6.243806911005614246e+00
6.243824988565834566e+00
6.243843132458786194e+00
6.243861342790988367e+00
6.243879619669057135e+00
6.243897963199706247e+00
6.243916373489743599e+00
6.243934850646075674e+00
6.243953394775706656e+00
6.243972005985737539e+00
6.243990684383364353e+00
6.244009430075883493e+00
6.244028243170685499e+00
6.244047123775260388e+00
6.244066071997195877e+00
6.244085087944174717e+00
6.244104171723980912e+00
6.244123323444492613e+00
6.244142543213689223e+00
6.244161831139643404e+00
6.244181187330530847e+00
6.244200611894621389e+00
6.244220104940284344e+00
6.244239666575988501e+00
6.244259296910299462e+00
6.244278996051880526e+00
6.244298764109494471e+00
6.244318601192003548e+00
6.244338507408366823e+00
6.244358482867641058e+00
6.244378527678986046e+00
6.244398641951654838e+00
6.244418825795005290e+00
6.244439079318489405e+00
6.244459402631659550e+00
6.244479795844169345e+00
6.244500259065770109e+00
6.244520792406310861e+00
6.244541395975742759e+00
6.244562069884115552e+00
6.244582814241578461e+00
6.244603629158379299e+00
6.244624514744868016e+00
6.244645471111491375e+00
6.244666498368800056e+00
6.244687596627440662e+00
6.244708765998161937e+00
6.244730006591812099e+00
6.244751318519341510e+00
6.244772701891798228e+00
6.244794156820333342e+00
6.244815683416194751e+00
6.244837281790735162e+00
6.244858952055404977e+00
6.244880694321757630e+00
6.244902508701446031e+00
6.244924395306224341e+00
6.244946354247947085e+00
6.244968385638571817e+00
6.244990489590155569e+00
6.245012666214856623e+00
6.245034915624936289e+00
6.245057237932756244e+00
6.245079633250779416e+00
6.245102101691571761e+00
6.245124643367798711e+00
6.245147258392229617e+00
6.245169946877735967e+00
6.245192708937290504e+00
6.245215544683966336e+00
6.245238454230942260e+00
6.245261437691496553e+00
6.245284495179010520e+00
6.245307626806970269e+00
6.245330832688961387e+00
6.245354112938672486e+00
6.245377467669897875e+00
6.245400896996530449e+00
6.245424401032570572e+00
6.245447979892117196e+00
6.245471633689375857e+00
6.245495362538653339e+00
6.245519166554361234e+00
6.245543045851012387e+00
6.245567000543225333e+00
6.245591030745721639e+00
6.245615136573325898e+00
6.245639318140967511e+00
6.245663575563678016e+00
6.245687908956594647e+00
6.245712318434957666e+00
6.245736804114113028e+00
6.245761366109508828e+00
6.245786004536699743e+00
6.245810719511342590e+00
6.245835511149200769e+00
6.245860379566140708e+00
6.245885324878134526e+00
6.245910347201259150e+00
6.245935446651696310e+00
6.245960623345732543e+00
6.245985877399760078e+00
6.246011208930275949e+00
6.246036618053881995e+00
6.246062104887286637e+00
6.246087669547303989e+00
6.246113312150852082e+00
6.246139032814955527e+00
6.246164831656745520e+00
6.246190708793458057e+00
6.246216664342436609e+00
6.246242698421128559e+00
6.246268811147089650e+00
6.246295002637980431e+00
6.246321273011568920e+00
6.246347622385728826e+00
6.246374050878441331e+00
6.246400558607794196e+00
6.246427145691980876e+00
6.246453812249303184e+00
6.246480558398169514e+00
6.246507384257094841e+00
6.246534289944702500e+00
6.246561275579722405e+00
6.246588341280990164e+00
6.246615487167453296e+00
6.246642713358162347e+00
6.246670019972278887e+00
6.246697407129071067e+00
6.246724874947913619e+00
6.246752423548293187e+00
6.246780053049800330e+00
6.246807763572135741e+00
6.246835555235110249e+00
6.246863428158638598e+00
6.246891382462749220e+00
6.246919418267576241e+00
6.246947535693363029e+00
6.246975734860462204e+00
6.247004015889334738e+00
6.247032378900552629e+00
6.247060824014793567e+00
6.247089351352848929e+00
6.247117961035616673e+00
6.247146653184104004e+00
6.247175427919429147e+00
6.247204285362821352e+00
6.247233225635615561e+00
6.247262248859260403e+00
6.247291355155313752e+00
6.247320544645442730e+00
6.247349817451425480e+00
6.247379173695151167e+00
6.247408613498617314e+00
6.247438136983934243e+00
6.247467744273322410e+00
6.247497435489113293e+00
6.247527210753748506e+00
6.247557070189781570e+00
6.247587013919877030e+00
6.247617042066810455e+00
6.247647154753469323e+00
6.247677352102851245e+00
6.247707634238067520e+00
6.247738001282339582e+00
6.247768453359002550e+00
6.247798990591500790e+00
6.247829613103393243e+00
6.247860321018349872e+00
6.247891114460153439e+00
6.247921993552697728e+00
6.247952958419991987e+00
6.247984009186155596e+00
6.248015145975420737e+00
6.248046368912135051e+00
6.248077678120754541e+00
6.248109073725854223e+00
6.248140555852117473e+00
6.248172124624342239e+00
6.248203780167441934e+00
6.248235522606442771e+00
6.248267352066481095e+00
6.248299268672813156e+00
6.248331272550804449e+00
6.248363363825935934e+00
6.248395542623804033e+00
6.248427809070117078e+00
6.248460163290699754e+00
6.248492605411490430e+00
6.248525135558542054e+00
6.248557753858023034e+00
6.248590460436215466e+00
6.248623255419516909e+00
6.248656138934442161e+00
6.248689111107617933e+00
6.248722172065788172e+00
6.248755321935812290e+00
6.248788560844664275e+00
6.248821888919435352e+00
6.248855306287330436e+00
6.248888813075672566e+00
6.248922409411901135e+00
6.248956095423569224e+00
6.248989871238348037e+00
6.249023736984026023e+00
6.249057692788505314e+00
6.249091738779808836e+00
6.249125875086071424e+00
6.249160101835550485e+00
6.249194419156615332e+00
6.249228827177756074e+00
6.249263326027578280e+00
6.249297915834805650e+00
6.249332596728279121e+00
6.249367368836958647e+00
6.249402232289919645e+00
6.249437187216357437e+00
6.249472233745585470e+00
6.249507372007033545e+00
6.249542602130252256e+00
6.249577924244908544e+00
6.249613338480789260e+00
6.249648844967799377e+00
6.249684443835963776e+00
6.249720135215424577e+00
6.249755919236444690e+00
6.249791796029405155e+00
6.249827765724806916e+00
6.249863828453270820e+00
6.249899984345535842e+00
6.249936233532461749e+00
6.249972576145029102e+00
6.250009012314337475e+00
6.250045542171605462e+00
6.250082165848175109e+00
6.250118883475505704e+00
6.250155695185178217e+00
6.250192601108896184e+00
6.250229601378480382e+00
6.250266696125875043e+00
6.250303885483145194e+00
6.250341169582475764e+00
6.250378548556175140e+00
6.250416022536672500e+00
6.250453591656516927e+00
6.250491256048380961e+00
6.250529015845059710e+00
6.250566871179468187e+00
6.250604822184645748e+00
6.250642868993751655e+00
6.250681011740070403e+00
6.250719250557006390e+00
6.250757585578088360e+00
6.250796016936968513e+00
6.250834544767419843e+00
6.250873169203339685e+00
6.250911890378748836e+00
6.250950708427792435e+00
6.250989623484736413e+00
6.251028635683973711e+00
6.251067745160018063e+00
6.251106952047509324e+00
6.251146256481209917e+00
6.251185658596007499e+00
6.251225158526914960e+00
6.251264756409066869e+00
6.251304452377725696e+00
6.251344246568276475e+00
6.251384139116229477e+00
6.251424130157221981e+00
6.251464219827014723e+00
6.251504408261493673e+00
6.251544695596670920e+00
6.251585081968684676e+00
6.251625567513797499e+00
6.251666152368398954e+00
6.251706836669006506e+00
6.251747620552260187e+00
6.251788504154928816e+00
6.251829487613906444e+00
6.251870571066215021e+00
6.251911754649003505e+00
6.251953038499546089e+00
6.251994422755245751e+00
6.252035907553631588e+00
6.252077493032361488e+00
6.252119179329219456e+00
6.252160966582118284e+00
6.252202854929096887e+00
6.252244844508325627e+00
6.252286935458100103e+00
6.252329127916844698e+00
6.252371422023111691e+00
6.252413817915584815e+00
6.252456315733073033e+00
6.252498915614516761e+00
6.252541617698983423e+00
6.252584422125671892e+00
6.252627329033909831e+00
6.252670338563151908e+00
6.252713450852985133e+00
6.252756666043126188e+00
6.252799984273421430e+00
6.252843405683846001e+00
6.252886930414506494e+00
6.252930558605640954e+00
6.252974290397617096e+00
6.253018125930930537e+00
6.253062065346213672e+00
6.253106108784225015e+00
6.253150256385857197e+00
6.253194508292131637e+00
6.253238864644202977e+00
6.253283325583358199e+00
6.253327891251014847e+00
6.253372561788722805e+00
6.253417337338163406e+00
6.253462218041152099e+00
6.253507204039634892e+00
6.253552295475691913e+00
6.253597492491534737e+00
6.253642795229509943e+00
6.253688203832094672e+00
6.253733718441900180e+00
6.253779339201671839e+00
6.253825066254289133e+00
6.253870899742763889e+00
6.253916839810242045e+00
6.253962886600004545e+00
6.254009040255465557e+00
6.254055300920175142e+00
6.254101668737815700e+00
6.254148143852205521e+00
6.254194726407298788e+00
6.254241416547182908e+00
6.254288214416082070e+00
6.254335120158354577e+00
6.254382133918495512e+00
6.254429255841134960e+00
6.254476486071038011e+00
6.254523824753107419e+00
6.254571272032382723e+00
6.254618828054036683e+00
6.254666492963381508e+00
6.254714266905865294e+00
6.254762150027072032e+00
6.254810142472725154e+00
6.254858244388682209e+00
6.254906455920941077e+00
6.254954777215635531e+00
6.255003208419037009e+00
6.255051749677555506e+00
6.255100401137738686e+00
6.255149162946272767e+00
6.255198035249982524e+00
6.255247018195831288e+00
6.255296111930919167e+00
6.255345316602490158e+00
6.255394632357921481e+00
6.255444059344732466e+00
6.255493597710583664e+00
6.255543247603271517e+00
6.255593009170734575e+00
6.255642882561051721e+00
6.255692867922440392e+00
6.255742965403259248e+00
6.255793175152008168e+00
6.255843497317325586e+00
6.255893932047992934e+00
6.255944479492931087e+00
6.255995139801203919e+00
6.256045913122015634e+00
6.256096799604710768e+00
6.256147799398778631e+00
6.256198912653847088e+00
6.256250139519689668e+00
6.256301480146218452e+00
6.256352934683490297e+00
6.256404503281705054e+00
6.256456186091203797e+00
6.256507983262471484e+00
6.256559894946136957e+00
6.256611921292970280e+00
6.256664062453888064e+00
6.256716318579947256e+00
6.256768689822352236e+00
6.256821176332448609e+00
6.256873778261727637e+00
6.256926495761825358e+00
6.256979328984521693e+00
6.257032278081741339e+00
6.257085343205555539e+00
6.257138524508178534e+00
6.257191822141971116e+00
6.257245236259439736e+00
6.257298767013236507e+00
6.257352414556160092e+00
6.257406179041153926e+00
6.257460060621308884e+00
6.257514059449862387e+00
6.257568175680197520e+00
6.257622409465845692e+00
6.257676760960483975e+00
6.257731230317938653e+00
6.257785817692180785e+00
6.257840523237332420e+00
6.257895347107661266e+00
6.257950289457583359e+00
6.258005350441662173e+00
6.258060530214612172e+00
6.258115828931294367e+00
6.258171246746719873e+00
6.258226783816046357e+00
6.258282440294584248e+00
6.258338216337790527e+00
6.258394112101273166e+00
6.258450127740790236e+00
6.258506263412249027e+00
6.258562519271706925e+00
6.258618895475372312e+00
6.258675392179604557e+00
6.258732009540912244e+00
6.258788747715955836e+00
6.258845606861548561e+00
6.258902587134651085e+00
6.258959688692380396e+00
6.259016911692002694e+00
6.259074256290935168e+00
6.259131722646748663e+00
6.259189310917167681e+00
6.259247021260066823e+00
6.259304853833475235e+00
6.259362808795573940e+00
6.259420886304698506e+00
6.259479086519335489e+00
6.259537409598127766e+00
6.259595855699871869e+00
6.259654424983515320e+00
6.259713117608162847e+00
6.259771933733073723e+00
6.259830873517659100e+00
6.259889937121487336e+00
6.259949124704282220e+00
6.260008436425921197e+00
6.260067872446437143e+00
6.260127432926021029e+00
6.260187118025016595e+00
6.260246927903924785e+00
6.260306862723404642e+00
6.260366922644269749e+00
6.260427107827490012e+00
6.260487418434193430e+00
6.260547854625666098e+00
6.260608416563349543e+00
6.260669104408843388e+00
6.260729918323905352e+00
6.260790858470451248e+00
6.260851925010554986e+00
6.260913118106449460e+00
6.260974437920524771e+00
6.261035884615330893e+00
6.261097458353576783e+00
6.261159159298131271e+00
6.261220987612021283e+00
6.261282943458434502e+00
6.261345027000719377e+00
6.261407238402381559e+00
6.261469577827091015e+00
6.261532045438674032e+00
6.261594641401122097e+00
6.261657365878584791e+00
6.261720219035374235e+00
6.261783201035962421e+00
6.261846312044985652e+00
6.261909552227240106e+00
6.261972921747685383e+00
6.262036420771441847e+00
6.262100049463793283e+00
6.262163807990187792e+00
6.262227696516234232e+00
6.262291715207706666e+00
6.262355864230540803e+00
6.262420143750835777e+00
6.262484553934858589e+00
6.262549094949035222e+00
6.262613766959960415e+00
6.262678570134389666e+00
6.262743504639246339e+00
6.262808570641618999e+00
6.262873768308757860e+00
6.262939097808082778e+00
6.263004559307177033e+00
6.263070152973791771e+00
6.263135878975841564e+00
6.263201737481410625e+00
6.263267728658747480e+00
6.263333852676268521e+00
6.263400109702558005e+00
6.263466499906366280e+00
6.263533023456611559e+00
6.263599680522379920e+00
6.263666471272927083e+00
6.263733395877675747e+00
6.263800454506215587e+00
6.263867647328308585e+00
6.263934974513882814e+00
6.264002436233037763e+00
6.264070032656041676e+00
6.264137763953330662e+00
6.264205630295514027e+00
6.264273631853368940e+00
6.264341768797844878e+00
6.264410041300059184e+00
6.264478449531304172e+00
6.264546993663040020e+00
6.264615673866899215e+00
6.264684490314687437e+00
6.264753443178380010e+00
6.264822532630125451e+00
6.264891758842245473e+00
6.264961121987233206e+00
6.265030622237755864e+00
6.265100259766652080e+00
6.265170034746935457e+00
6.265239947351791905e+00
6.265309997754583193e+00
6.265380186128843398e+00
6.265450512648281567e+00
6.265520977486781717e+00
6.265591580818401951e+00
6.265662322817377117e+00
6.265733203658114370e+00
6.265804223515200277e+00
6.265875382563394602e+00
6.265946680977633854e+00
6.266018118933031289e+00
6.266089696604876913e+00
6.266161414168637478e+00
6.266233271799955595e+00
6.266305269674653289e+00
6.266377407968730218e+00
6.266449686858361900e+00
6.266522106519904156e+00
6.266594667129888663e+00
6.266667368865028287e+00
6.266740211902214419e+00
6.266813196418516974e+00
6.266886322591185277e+00
6.266959590597648067e+00
6.267033000615515270e+00
6.267106552822576226e+00
6.267180247396799686e+00
6.267254084516338253e+00
6.267328064359523054e+00
6.267402187104866407e+00
6.267476452931062703e+00
6.267550862016988411e+00
6.267625414541702966e+00
6.267700110684445214e+00
6.267774950624639629e+00
6.267849934541891876e+00
6.267925062615991472e+00
6.268000335026910896e+00
6.268075751954806485e+00
6.268151313580018424e+00
6.268227020083071643e+00
6.268302871644674923e+00
6.268378868445720897e+00
6.268455010667288718e+00
6.268531298490642278e+00
6.268607732097231100e+00
6.268684311668691223e+00
6.268761037386841650e+00
6.268837909433693234e+00
6.268914927991438013e+00
6.268992093242457209e+00
6.269069405369320336e+00
6.269146864554783427e+00
6.269224470981789032e+00
6.269302224833468884e+00
6.269380126293143896e+00
6.269458175544321499e+00
6.269536372770700083e+00
6.269614718156164557e+00
6.269693211884791673e+00
6.269771854140846479e+00
6.269850645108785869e+00
6.269929584973253256e+00
6.270008673919086561e+00
6.270087912131312002e+00
6.270167299795148530e+00
6.270246837096005166e+00
6.270326524219481890e+00
6.270406361351373192e+00
6.270486348677664523e+00
6.270566486384533178e+00
6.270646774658349187e+00
6.270727213685677093e+00
6.270807803653273282e+00
6.270888544748089544e+00
6.270969437157268622e+00
6.271050481068150440e+00
6.271131676668268540e+00
6.271213024145351866e+00
6.271294523687321210e+00
6.271376175482298088e+00
6.271457979718594977e+00
6.271539936584722419e+00
6.271622046269388129e+00
6.271704308961494334e+00
6.271786724850141326e+00
6.271869294124626570e+00
6.271952016974443822e+00
6.272034893589286675e+00
6.272117924159044122e+00
6.272201108873806774e+00
6.272284447923860640e+00
6.272367941499691568e+00
6.272451589791987026e+00
6.272535392991630765e+00
6.272619351289707268e+00
6.272703464877503521e+00
6.272787733946503685e+00
6.272872158688393540e+00
6.272956739295061368e+00
6.273041475958596180e+00
6.273126368871286829e+00
6.273211418225626446e+00
6.273296624214308892e+00
6.273381987030232310e+00
6.273467506866495569e+00
6.273553183916403597e+00
6.273639018373460274e+00
6.273725010431378202e+00
6.273811160284070709e+00
6.273897468125657184e+00
6.273983934150461295e+00
6.274070558553011878e+00
6.274157341528042053e+00
6.274244283270492772e+00
6.274331383975509269e+00
6.274418643838442833e+00
6.274506063054852589e+00
6.274593641820503720e+00
6.274681380331369240e+00
6.274769278783630000e+00
6.274857337373672905e+00
6.274945556298094473e+00
6.275033935753699055e+00
6.275122475937501498e+00
6.275211177046724487e+00
6.275300039278798536e+00
6.275389062831367326e+00
6.275478247902281481e+00
6.275567594689604789e+00
6.275657103391610647e+00
6.275746774206782064e+00
6.275836607333815209e+00
6.275926602971616752e+00
6.276016761319307413e+00
6.276107082576218410e+00
6.276197566941894124e+00
6.276288214616092098e+00
6.276379025798783040e+00
6.276470000690151707e+00
6.276561139490596020e+00
6.276652442400729726e+00
6.276743909621378847e+00
6.276835541353587899e+00
6.276927337798612783e+00
6.277019299157927890e+00
6.277111425633222552e+00
6.277203717426402818e+00
6.277296174739589674e+00
6.277388797775124374e+00
6.277481586735563113e+00
6.277574541823679688e+00
6.277667663242467277e+00
6.277760951195135775e+00
6.277854405885115341e+00
6.277948027516053742e+00
6.278041816291818122e+00
6.278135772416498561e+00
6.278229896094400075e+00
6.278324187530051503e+00
6.278418646928201952e+00
6.278513274493819019e+00
6.278608070432095900e+00
6.278703034948445172e+00
6.278798168248501455e+00
6.278893470538121413e+00
6.278988942023385533e+00
6.279084582910597234e+00
6.279180393406283756e+00
6.279276373717195270e+00
6.279372524050306659e+00
6.279468844612816625e+00
6.279565335612150356e+00
6.279661997255955974e+00
6.279758829752109861e+00
6.279855833308712221e+00
6.279953008134090631e+00
6.280050354436798266e+00
6.280147872425616562e+00
6.280245562309554330e+00
6.280343424297845978e+00
6.280441458599956839e+00
6.280539665425578733e+00
6.280638044984632629e+00
6.280736597487269535e+00
6.280835323143868720e+00
6.280934222165040381e+00
6.281033294761623864e+00
6.281132541144691217e+00
6.281231961525541863e+00
6.281331556115709702e+00
6.281431325126958676e+00
6.281531268771285426e+00
6.281631387260920185e+00
6.281731680808322338e+00
6.281832149626188411e+00
6.281932793927445857e+00
6.282033613925257498e+00
6.282134609833018857e+00
6.282235781864361712e+00
6.282337130233152322e+00
6.282438655153491425e+00
6.282540356839716011e+00
6.282642235506400219e+00
6.282744291368352663e+00
6.282846524640620878e+00
6.282948935538487767e+00
6.283051524277475153e+00
6.283154291073342002e+00
7.192896249996749702e-05
1.750525203583208622e-04
2.783547838056676937e-04
3.818359695575423984e-04
4.854962945675111996e-04
5.893359760325012076e-04
6.933552313865831707e-04
7.975542783080769027e-04
9.019333347133340339e-04
1.006492618763843439e-03
1.111232348861790342e-03
1.216152743650056323e-03
1.321254022016660201e-03
1.426536403093869865e-03
1.532000106254649552e-03
1.637645351118877102e-03
1.743472357548903062e-03
1.849481345653103403e-03
1.955672535784103161e-03
2.062046148541440971e-03
2.168602404770680891e-03
2.275341525561636047e-03
2.382263732253697697e-03
2.489369246432282523e-03
2.596658289929720809e-03
2.704131084827920972e-03
2.811787853456593211e-03
2.919628818393249503e-03
3.027654202464979960e-03
3.135864228750229188e-03
3.244259120575243571e-03
3.352839101518512166e-03
3.461604395407213985e-03
3.570555226321658893e-03
3.679691818593511243e-03
3.789014396804901708e-03
3.898523185791091805e-03
4.008218410641362084e-03
4.118100296698123941e-03
4.228169069555143267e-03
4.338424955062869515e-03
4.448868179323994809e-03
4.559498968698783017e-03
4.670317549799740675e-03
4.781324149496946063e-03
4.892518994916272845e-03
5.003902313439390070e-03
5.115474332706426708e-03
5.227235280612418933e-03
5.339185385313527377e-03
5.451324875219931698e-03
5.563653979002936012e-03
5.676172925594080709e-03
5.788881944181589745e-03
5.901781264214811529e-03
6.014871115402442570e-03
6.128151727715192010e-03
6.241623331384893447e-03
6.355286156902728578e-03
6.469140435023668090e-03
6.583186396765583481e-03
6.697424273407470707e-03
6.811854296492114713e-03
6.926476697826977613e-03
7.041291709481534156e-03
7.156299563791712615e-03
7.271500493356342076e-03
7.386894731042481510e-03
7.502482509979202518e-03
7.618264063565582944e-03
7.734239625464489620e-03
7.850409429607019263e-03
7.966773710192498470e-03
8.083332701685819188e-03
8.200086638822767782e-03
8.317035756606472319e-03
8.434180290310067107e-03
8.551520475476692695e-03
8.669056547916831335e-03
8.786788743714524230e-03
8.904717299224707006e-03
9.022842451072321523e-03
9.141164436154092243e-03
9.259683491640302577e-03
9.378399854973018535e-03
9.497313763867865077e-03
9.616425456314914300e-03
9.735735170576020892e-03
9.855243145191039389e-03
9.974949618969830567e-03
1.009485483100380776e-02
1.021495902065439054e-02
1.033526242756366287e-02
1.045576529164815582e-02
1.057646785310240034e-02
1.069737035239892720e-02
1.081847303028649065e-02
1.093977612779539754e-02
1.106127988623217817e-02
1.118298454718491541e-02
1.130489035252058017e-02
1.142699754438680770e-02
1.154930636521278586e-02
1.167181705770659050e-02
1.179452986486051458e-02
1.191744502994840360e-02
1.204056279652743200e-02
1.216388340843543858e-02
1.228740710979803197e-02
1.241113414502059697e-02
1.253506475879540005e-02
1.265919919609892474e-02
1.278353770219453622e-02
1.290808052263070493e-02
1.303282790324011842e-02
1.315778009014678673e-02
1.328293732975716068e-02
1.340829986876990176e-02
1.353386795416877675e-02
1.365964183322798675e-02
1.378562175351127905e-02
1.391180796286928256e-02
1.403820070944750142e-02
1.416480024167743323e-02
1.429160680828456265e-02
1.441862065828480866e-02
1.454584204098630096e-02
1.467327120599115631e-02
1.480090840319192580e-02
1.492875388277692394e-02
1.505680789522756413e-02
1.518507069131924681e-02
1.531354252212313583e-02
1.544222363900615846e-02
1.557111429363011723e-02
1.570021473795346623e-02
1.582952522423308750e-02
1.595904600502073833e-02
1.608877733316838032e-02
1.621871946182373847e-02
1.634887264443740662e-02
1.647923713475574203e-02
1.660981318682530627e-02
1.674060105499552975e-02
1.687160099391338264e-02
1.700281325853048031e-02
1.713423810409686610e-02
1.726587578616722851e-02
1.739772656059912492e-02
1.752979068355209336e-02
1.766206841148942885e-02
1.779456000118173620e-02
1.792726570969982447e-02
1.806018579442358885e-02
1.819332051303668152e-02
1.832667012353006442e-02
1.846023488420023284e-02
1.859401505365276819e-02
1.872801089080144976e-02
1.886222265486470206e-02
1.899665060537447658e-02
1.913129500216825818e-02
1.926615610539705870e-02
1.940123417551831153e-02
1.953652947330386525e-02
1.967204225983465449e-02
1.980777279650425271e-02
1.994372134501887217e-02
2.007988816739736393e-02
2.021627352597299421e-02
2.035287768339166803e-02
2.048970090261459376e-02
2.062674344691650674e-02
2.076400557989099838e-02
2.090148756544429887e-02
2.103918966780149447e-02
2.117711215150208659e-02
2.131525528140620906e-02
2.145361932269107541e-02
2.159220454085186702e-02
2.173101120170439771e-02
2.187003957138156096e-02
2.200928991633954723e-02
2.214876250335340302e-02
2.228845759952058359e-02
2.242837547225917660e-02
2.256851638931056669e-02
2.270888061873943542e-02
2.284946842893287311e-02
2.299028008860215522e-02
2.313131586678274232e-02
2.327257603283694465e-02
2.341406085645036939e-02
2.355577060763636155e-02
2.369770555673333945e-02
2.383986597440923560e-02
2.398225213165616765e-02
2.412486429979843194e-02
2.426770275048717451e-02
2.441076775570394375e-02
2.455405958775713771e-02
2.469757851928910952e-02
2.484132482327083835e-02
2.498529877300814661e-02
2.512950064213548274e-02
2.527393070462036206e-02
2.541858923476603138e-02
2.556347650720525166e-02
2.570859279691006805e-02
2.585393837918381621e-02
2.599951352966645146e-02
2.614531852433366055e-02
2.629135363949686166e-02
2.643761915180586897e-02
2.658411533824889261e-02
2.673084247614809783e-02
2.687780084317026308e-02
2.702499071731701008e-02
2.717241237693102107e-02
2.732006610069603880e-02
2.746795216763686653e-02
2.761607085711847986e-02
2.776442244884957944e-02
2.791300722288081460e-02
2.806182545960567154e-02
2.821087743976136153e-02
2.836016344443059722e-02
2.850968375503981633e-02
2.865943865336273433e-02
2.880942842151767991e-02
2.895965334196848318e-02
2.911011369752802835e-02
2.926080977135825378e-02
2.941174184696571103e-02
2.956291020820867033e-02
2.971431513929445600e-02
2.986595692478033470e-02
3.001783584957351536e-02
3.016995219893470193e-02
3.032230625847276428e-02
3.047489831415273187e-02
3.062772865229046459e-02
3.078079755955531738e-02
3.093410532297280469e-02
3.108765222992104782e-02
3.124143856813343945e-02
3.139546462570219632e-02
3.154973069107214201e-02
3.170423705304870055e-02
3.185898400079167914e-02
3.201397182382237361e-02
3.216920081201823933e-02
3.232467125561733212e-02
3.248038344522008458e-02
3.263633767178308887e-02
3.279253422662620210e-02
3.294897340143343456e-02
3.310565548824762061e-02
3.326258077947663594e-02
3.341974956789162121e-02
3.357716214662787024e-02
3.373481880918483000e-02
3.389271984942965332e-02
3.405086556159186983e-02
3.420925624027226775e-02
3.436789218043401206e-02
3.452677367741241454e-02
3.468590102690782828e-02
3.484527452499275313e-02
3.500489446810650662e-02
3.516476115306055306e-02
3.532487487703672713e-02
3.548523593758901029e-02
3.564584463264086622e-02
3.580670126049323443e-02
3.596780611981564846e-02
3.612915950965422951e-02
3.629076172942991008e-02
3.645261307893665759e-02
3.661471385834680348e-02
3.677706436820660230e-02
3.693966490944156078e-02
3.710251578335466149e-02
3.726561729162458647e-02
3.742896973631282265e-02
3.759257341985744461e-02
3.775642864507755547e-02
3.792053571517417510e-02
3.808489493372757551e-02
3.824950660470260999e-02
3.841437103244338402e-02
3.857948852168213705e-02
3.874485937752947251e-02
3.891048390548590419e-02
3.907636241143208622e-02
3.924249520163947125e-02
3.940888258276231682e-02
3.957552486184390261e-02
3.974242234631297777e-02
3.990957534398908990e-02
4.007698416308080880e-02
4.024464911218483820e-02
4.041257050028868036e-02
4.058074863677063604e-02
4.074918383140158085e-02
4.091787639434407708e-02
4.108682663615148556e-02
4.125603486777418283e-02
4.142550140055423213e-02
4.159522654622982429e-02
4.176521061693350134e-02
4.193545392519482107e-02
4.210595678393946883e-02
4.227671950649103394e-02
4.244774240657012143e-02
4.261902579829701665e-02
4.279056999619079704e-02
4.296237531517110853e-02
4.313444207055816548e-02
4.330677057807186259e-02
4.347936115383710387e-02
4.365221411437847365e-02
4.382532977662556561e-02
4.399870845791120644e-02
4.417235047597323216e-02
4.434625614895448820e-02
4.452042579540282929e-02
4.469485973427467229e-02
4.486955828493233156e-02
4.504452176714579537e-02
4.521975050109450223e-02
4.539524480736645273e-02
4.557100500695998591e-02
4.574703142128377920e-02
4.592332437215773666e-02
4.609988418181298897e-02
4.627671117289544611e-02
4.645380566846135650e-02
4.663116799198352425e-02
4.680879846734775640e-02
4.698669741885552753e-02
4.716486517122309152e-02
4.734330204958681065e-02
4.752200837949516199e-02
4.770098448692028370e-02
4.788023069824909328e-02
4.805974734028772843e-02
4.823953474026509980e-02
4.841959322582756187e-02
4.859992312504601841e-02
4.878052476641236979e-02
4.896139847883862473e-02
4.914254459166400579e-02
4.932396343465050847e-02
4.950565533798290119e-02
4.968762063227494252e-02
4.986985964856494036e-02
5.005237271831752821e-02
5.023516017342455342e-02
5.041822234620774168e-02
5.060155956941780886e-02
5.078517217623268465e-02
5.096906050026284163e-02
5.115322487554951891e-02
5.133766563656472215e-02
5.152238311821477623e-02
5.170737765583588441e-02
5.189264958520212190e-02
5.207819924251833044e-02
5.226402696442633555e-02
5.245013308800494656e-02
5.263651795076729201e-02
5.282318189066526060e-02
5.301012524608950116e-02
5.319734835586586996e-02
5.338485155926520065e-02
5.357263519599264612e-02
5.376069960619922483e-02
5.394904513047382721e-02
5.413767210984943290e-02
5.432658088580222255e-02
5.451577180025068969e-02
5.470524519555919341e-02
5.489500141453618198e-02
5.508504080043508111e-02
5.527536369695962293e-02
5.546597044825674061e-02
5.565686139892189743e-02
5.584803689400175131e-02
5.603949727898971389e-02
5.623124289983216784e-02
5.642327410292224954e-02
5.661559123510784275e-02
5.680819464368980221e-02
5.700108467641751275e-02
5.719426168149954748e-02
5.738772600759478593e-02
5.758147800382040771e-02
5.777551801974567525e-02
5.796984640540170375e-02
5.816446351127169123e-02
5.835936968829980032e-02
5.855456528788938186e-02
5.875005066190119862e-02
5.894582616265875430e-02
5.914189214294474084e-02
5.933824895600281479e-02
5.953489695554203820e-02
5.973183649573243770e-02
5.992906793120944542e-02
6.012659161707034627e-02
6.032440790888138338e-02
6.052251716267242898e-02
6.072091973494142536e-02
6.091961598265349664e-02
6.111860626324272516e-02
6.131789093461126328e-02
6.151747035513110973e-02
6.171734488364677418e-02
6.191751487947083632e-02
6.211798070239105130e-02
6.231874271266590881e-02
6.251980127102818585e-02
6.272115673868405850e-02
6.292280947731754281e-02
6.312475984908516580e-02
6.332700821662218260e-02
6.352955494303902384e-02
6.373240039192573647e-02
6.393554492735020744e-02
6.413898891386171641e-02
6.434273271648738302e-02
6.454677670073660778e-02
6.475112123260018393e-02
6.495576667855296193e-02
6.516071340554852043e-02
6.536596178103160071e-02
6.557151217292478407e-02
6.577736494964003811e-02
6.598352048007427584e-02
6.618997913361379659e-02
6.639674128012895693e-02
6.660380728998127609e-02
6.681117753402165960e-02
6.701885238358862296e-02
6.722683221051539704e-02
6.743511738712282266e-02
6.764370828622645604e-02
6.785260528113568057e-02
6.806180874565104233e-02
6.827131905407046730e-02
6.848113658118570868e-02
6.869126170228412320e-02
6.890169479315311207e-02
6.911243623007479187e-02
6.932348638983043543e-02
6.953484564970047188e-02
6.974651438746715115e-02
6.995849298141187944e-02
7.017078181031610740e-02
7.038338125346754737e-02
7.059629169065395615e-02
7.080951350216757589e-02
7.102304706880602225e-02
7.123689277187139623e-02
7.145105099317383690e-02
7.166552211502796865e-02
7.188030652025645395e-02
7.209540459219354602e-02
7.231081671467975980e-02
7.252654327206542462e-02
7.274258464921423695e-02
7.295894123149970767e-02
7.317561340480782661e-02
7.339260155553795073e-02
7.360990607060369229e-02
7.382752733743380702e-02
7.404546574397130598e-02
7.426372167867700824e-02
7.448229553052687635e-02
7.470118768901734541e-02
7.492039854416088218e-02
7.513992848649131417e-02
7.535977790706027690e-02
7.557994719744520751e-02
7.580043674973957479e-02
7.602124695656264919e-02
7.624237821105683821e-02
7.646383090688768647e-02
7.668560543824654019e-02
7.690770219985143541e-02
7.713012158694354525e-02
7.735286399529517354e-02
7.757592982120442571e-02
7.779931946149787336e-02
7.802303331353499516e-02
7.824707177520107138e-02
7.847143524491695388e-02
7.869612412163196069e-02
7.892113880483098143e-02
7.914647969453092458e-02
7.937214719128427021e-02
7.959814169617729362e-02
7.982446361083272990e-02
8.005111333741066204e-02
8.027809127860852101e-02
8.050539783766286206e-02
8.073303341834758839e-02
8.096099842497750387e-02
8.118929326240831301e-02
8.141791833603750916e-02
8.164687405180437452e-02
8.187616081619175645e-02
8.210577903622606755e-02
8.233572911947995010e-02
8.256601147406783525e-02
8.279662650865482476e-02
8.302757463245136194e-02
8.325885625521500799e-02
8.349047178725310658e-02
8.372242163942189563e-02
8.395470622312828368e-02
8.418732595033162625e-02
8.442028123354017310e-02
8.465357248581728555e-02
8.488720012077877186e-02
8.512116455259643999e-02
8.535546619599543305e-02
8.559010546625778204e-02
8.582508277922062945e-02
8.606039855128067018e-02
8.629605319939237518e-02
8.653204714106887963e-02
8.676838079438375928e-02
8.700505457797014230e-02
8.724206891102603834e-02
8.747942421330723306e-02
8.771712090513528182e-02
8.795515940739662142e-02
8.819354014153990562e-02
8.843226352958133418e-02
8.867132999410198835e-02
8.891073995825138354e-02
8.915049384574746938e-02
8.939059208087485331e-02
8.963103508848924150e-02
8.987182329401655068e-02
9.011295712345379627e-02
9.035443700336909245e-02
9.059626336090609300e-02
9.083843662377955042e-02
9.108095722027798047e-02
9.132382557926899125e-02
9.156704213019217775e-02
9.181060730306533912e-02
9.205452152848447867e-02
9.229878523762380382e-02
9.254339886223661438e-02
9.278836283465619061e-02
9.303367758779756969e-02
9.327934355515488107e-02
9.352536117080845202e-02
9.377173086941859026e-02
9.401845308623268949e-02
9.426552825707990024e-02
9.451295681837734719e-02
9.476073920712746457e-02
9.500887586092066073e-02
9.525736721793620632e-02
9.550621371693956974e-02
9.575541579728863439e-02
9.600497389893192235e-02
9.625488846240681795e-02
9.650515992884400873e-02
9.675578873996926177e-02
9.700677533809898279e-02
9.725812016614554523e-02
9.750982366761640208e-02
9.776188628661497404e-02
9.801430846784331408e-02
9.826709065659855469e-02
9.852023329877823699e-02
9.877373684087942252e-02
9.902760172999869326e-02
9.928182841383215163e-02
9.953641734067986135e-02
9.979136895944495933e-02
1.000466837196309910e-01
1.003023620713490160e-01
1.005584044653131670e-01
1.008148113528433143e-01
1.010715831858668423e-01
1.013287204169177613e-01
1.015862234991384838e-01
1.018440928862807127e-01
1.021023290327054411e-01
1.023609323933856174e-01
1.026199034239034802e-01
1.028792425804541111e-01
1.031389503198472113e-01
1.033990270995044369e-01
1.036594733774620636e-01
1.039202896123736508e-01
6.186883646618251298e+00
6.187130234059456058e+00
6.187377172708101725e+00
6.187624462994746111e+00
6.187872105350529672e+00
6.188120100207178176e+00
6.188368447997003585e+00
6.188617149152904062e+00
6.188866204108365743e+00
6.189115613297463625e+00
6.189365377154860681e+00
6.189615496115811411e+00
6.189865970616161839e+00
6.190116801092345966e+00
6.190367987981395537e+00
6.190619531720931157e+00
6.190871432749171177e+00
6.191123691504926363e+00
6.191376308427605224e+00
6.191629283957213126e+00
6.191882618534350513e+00
6.192136312600220016e+00
6.192390366596619344e+00
6.192644780965951057e+00
6.192899556151214568e+00
6.193154692596012367e+00
6.193410190744550903e+00
6.193666051041637033e+00
6.193922273932686906e+00
6.194178859863715303e+00
6.194435809281348071e+00
6.194693122632815907e+00
6.194950800365956134e+00
6.195208842929217141e+00
6.195467250771653056e+00
6.195726024342931737e+00
6.195985164093329445e+00
6.196244670473735283e+00
6.196504543935650311e+00
6.196764784931189318e+00
6.197025393913081714e+00
6.197286371334670640e+00
6.197547717649917409e+00
6.197809433313397953e+00
6.198071518780306377e+00
6.198333974506455846e+00
6.198596800948278585e+00
6.198859998562825879e+00
6.199123567807770741e+00
6.199387509141407904e+00
6.199651823022653829e+00
6.199916509911050255e+00
6.200181570266759756e+00
6.200447004550573737e+00
6.200712813223906217e+00
6.200978996748800931e+00
6.201245555587926006e+00
6.201512490204580175e+00
6.201779801062690112e+00
6.202047488626813987e+00
6.202315553362137024e+00
6.202583995734480382e+00
6.202852816210295828e+00
6.203122015256668398e+00
6.203391593341317289e+00
6.203661550932594970e+00
6.203931888499493397e+00
6.204202606511636908e+00
6.204473705439290221e+00
6.204745185753354875e+00
6.205017047925371010e+00
6.205289292427520031e+00
6.205561919732622833e+00
6.205834930314141573e+00
6.206108324646181451e+00
6.206382103203489820e+00
6.206656266461459737e+00
6.206930814896125526e+00
6.207205748984170768e+00
6.207481069202922086e+00
6.207756776030356249e+00
6.208032869945096621e+00
6.208309351426414047e+00
6.208586220954231294e+00
6.208863479009119501e+00
6.209141126072300843e+00
6.209419162625652078e+00
6.209697589151699226e+00
6.209976406133624671e+00
6.210255614055264495e+00
6.210535213401108479e+00
6.210815204656303656e+00
6.211095588306654314e+00
6.211376364838621100e+00
6.211657534739322806e+00
6.211939098496539913e+00
6.212221056598709268e+00
6.212503409534932075e+00
6.212786157794967679e+00
6.213069301869240668e+00
6.213352842248836438e+00
6.213636779425506518e+00
6.213921113891664127e+00
6.214205846140391287e+00
6.214490976665435262e+00
6.214776505961209452e+00
6.215062434522795165e+00
6.215348762845943398e+00
6.215635491427073056e+00
6.215922620763276285e+00
6.216210151352312252e+00
6.216498083692614252e+00
6.216786418283287929e+00
6.217075155624112170e+00
6.217364296215539987e+00
6.217653840558698519e+00
6.217943789155390810e+00
6.218234142508096696e+00
6.218524901119973691e+00
6.218816065494855216e+00
6.219107636137256812e+00
6.219399613552369921e+00
6.219691998246068110e+00
6.219984790724907064e+00
6.220277991496120151e+00
6.220571601067628187e+00
6.220865619948032332e+00
6.221160048646616758e+00
6.221454887673354861e+00
6.221750137538901271e+00
6.222045798754598955e+00
6.222341871832476556e+00
6.222638357285252830e+00
6.222935255626332207e+00
6.223232567369810120e+00
6.223530293030472116e+00
6.223828433123793857e+00
6.224126988165942898e+00
6.224425958673778680e+00
6.224725345164853429e+00
6.225025148157413923e+00
6.225325368170401497e+00
6.225626005723450263e+00
6.225927061336893331e+00
6.226228535531759256e+00
6.226530428829772923e+00
6.226832741753359102e+00
6.227135474825638894e+00
6.227438628570435952e+00
6.227742203512272035e+00
6.228046200176370562e+00
6.228350619088655726e+00
6.228655460775755159e+00
6.228960725764999040e+00
6.229266414584421874e+00
6.229572527762761602e+00
6.229879065829463158e+00
6.230186029314674023e+00
6.230493418749252221e+00
6.230801234664760102e+00
1.479167558304812502e-01
1.482422762448134534e-01
1.485682490776163434e-01
1.488946748996511360e-01
1.492215542824171237e-01
1.495488877981543396e-01
1.498766760198444459e-01
1.502049195212080690e-01
1.505336188767092409e-01
1.508627746615527343e-01
1.511923874516849509e-01
1.515224578238001385e-01
1.518529863553297332e-01
1.521839736244539054e-01
1.525154202100962308e-01
1.528473266919236906e-01
1.531796936503511120e-01
1.535125216665376158e-01
1.538458113223901691e-01
1.541795632005618089e-01
1.545137778844534182e-01
1.548484559582137265e-01
1.551835980067401977e-01
1.555192046156772534e-01
1.558552763714224909e-01
1.561918138611186890e-01
1.565288176726618019e-01
1.568662883946974063e-01
1.572042266166224778e-01
1.575426329285845028e-01
1.578815079214841433e-01
1.582208521869734597e-01
1.585606663174567998e-01
1.589009509060943515e-01
1.592417065467959247e-01
1.595829338342271697e-01
1.599246333638095763e-01
1.602668057317160333e-01
1.606094515348779339e-01
1.609525713709789585e-01
1.612961658384612917e-01
1.616402355365220700e-01
1.619847810651151576e-01
1.623298030249511470e-01
1.626753020174982467e-01
1.630212786449822815e-01
1.633677335103866923e-01
1.637146672174543127e-01
1.640620803706855924e-01
1.644099735753403735e-01
1.647583474374378909e-01
1.651072025637558838e-01
1.654565395618341483e-01
1.658063590399709852e-01
1.661566616072267522e-01
1.665074478734203112e-01
1.668587184491343578e-01
1.672104739457109801e-01
1.675627149752560996e-01
1.679154421506341421e-01
1.682686560854751434e-01
1.686223573941703080e-01
1.689765466918746739e-01
1.693312245945026717e-01
1.696863917187370063e-01
1.700420486820206634e-01
1.703981961025604619e-01
1.707548345993279426e-01
1.711119647920593678e-01
1.714695873012548333e-01
1.718277027481782682e-01
1.721863117548583233e-01
1.725454149440910356e-01
1.729050129394344992e-01
1.732651063652124179e-01
1.736256958465167699e-01
1.739867820092033668e-01
1.743483654798927418e-01
1.747104468859737025e-01
1.750730268555997782e-01
1.754361060176901077e-01
1.757996850019329926e-01
1.761637644387805679e-01
1.765283449594523546e-01
1.768934271959352600e-01
1.772590117809818011e-01
1.776250993481127693e-01
1.779916905316163422e-01
1.783587859665471953e-01
1.787263862887256138e-01
1.790944921347410457e-01
1.794631041419512130e-01
1.798322229484794477e-01
1.802018491932155797e-01
1.805719835158212661e-01
1.809426265567202208e-01
1.813137789571079850e-01
1.816854413589448214e-01
1.820576144049610434e-01
1.824302987386534625e-01
1.828034950042862761e-01
1.831772038468910679e-01
1.835514259122668079e-01
1.839261618469816284e-01
1.843014122983692715e-01
1.846771779145326420e-01
1.850534593443402542e-01
1.854302572374297853e-01
1.858075722442036337e-01
1.861854050158351370e-01
1.865637562042614661e-01
1.869426264621880662e-01
1.873220164430868806e-01
1.877019268011981268e-01
1.880823581915267440e-01
1.884633112698450574e-01
1.888447866926927787e-01
1.892267851173734527e-01
1.896093072019597869e-01
1.899923536052883222e-01
1.903759249869629855e-01
1.907600220073506492e-01
1.911446453275864599e-01
1.915297956095693976e-01
1.919154735159640524e-01
1.923016797101997355e-01
1.926884148564695920e-01
1.930756796197323766e-01
1.934634746657097892e-01
1.938518006608873634e-01
1.942406582725162423e-01
1.946300481686087380e-01
1.950199710179392198e-01
1.954104274900494431e-01
1.958014182552378912e-01
1.961929439845695455e-01
1.965850053498687799e-01
1.969776030237220255e-01
1.973707376794786583e-01
1.977644099912456710e-01
1.981586206338930012e-01
1.985533702830490910e-01
1.989486596151026632e-01
1.993444893072027213e-01
1.997408600372549969e-01
2.001377724839263905e-01
2.005352273266396423e-01
2.009332252455751089e-01
2.013317669216725392e-01
2.017308530366257457e-01
2.021304842728870454e-01
2.025306613136628187e-01
2.029313848429161737e-01
2.033326555453633944e-01
2.037344741064766040e-01
2.041368412124811016e-01
2.045397575503562493e-01
2.049432238078310320e-01
2.053472406733911626e-01
2.057518088362702002e-01
2.061569289864548793e-01
2.065626018146806686e-01
2.069688280124353241e-01
2.073756082719526717e-01
2.077829432862179360e-01
2.081908337489632999e-01
2.085992803546670160e-01
2.090082837985551834e-01
2.094178447766008588e-01
2.098279639855205048e-01
2.102386421227757651e-01
2.106498798865734656e-01
2.110616779758611727e-01
2.114740370903316347e-01
2.118869579304174522e-01
2.123004411972928551e-01
2.127144875928719259e-01
2.131290978198085995e-01
2.135442725814939990e-01
2.139600125820599885e-01
2.143763185263738436e-01
2.147931911200373634e-01
2.152106310693895352e-01
2.156286390815029819e-01
2.160472158641857376e-01
2.164663621259759196e-01
2.168860785761452803e-01
2.173063659246947665e-01
2.177272248823580725e-01
2.181486561605945340e-01
2.185706604715935697e-01
2.189932385282720162e-01
2.194163910442714638e-01
2.198401187339600327e-01
2.202644223124279321e-01
2.206893024954910132e-01
2.211147599996854396e-01
2.215407955422685760e-01
2.219674098412189878e-01
2.223946036152320005e-01
2.228223775837232523e-01
2.232507324668224769e-01
2.236796689853761677e-01
2.241091878609466903e-01
2.245392898158060646e-01
2.249699755729421824e-01
2.254012458560517018e-01
2.258331013895400474e-01
2.262655428985258510e-01
2.266985711088285171e-01
2.271321867469779932e-01
2.275663905402076637e-01
2.280011832164543506e-01
2.284365655043565368e-01
2.288725381332543662e-01
2.293091018331887554e-01
2.297462573348960646e-01
2.301840053698116506e-01
2.306223466700654257e-01
2.310612819684809693e-01
2.315008119985755286e-01
2.319409374945591296e-01
2.323816591913283602e-01
2.328229778244708115e-01
2.332648941302588597e-01
2.337074088456523313e-01
2.341505227082940621e-01
2.345942364565107852e-01
2.350385508293069137e-01
2.354834665663698701e-01
2.359289844080620924e-01
2.363751050954245869e-01
2.368218293701715993e-01
2.372691579746888380e-01
2.377170916520370270e-01
2.381656311459448006e-01
2.386147772008069268e-01
2.390645305616878602e-01
2.395148919743146365e-01
2.399658621850768725e-01
2.404174419410267660e-01
2.408696319898755434e-01
2.413224330799907946e-01
2.417758459603973620e-01
2.422298713807737869e-01
2.426845100914505338e-01
2.431397628434082137e-01
2.435956303882758078e-01
2.440521134783288915e-01
2.445092128664878572e-01
2.449669293063170272e-01
2.454252635520175474e-01
2.458842163584344931e-01
2.463437884810453227e-01
2.468039806759652066e-01
2.472647936999408103e-01
2.477262283103485174e-01
2.481882852651962068e-01
2.486509653231143702e-01
2.491142692433614414e-01
2.495781977858158029e-01
2.500427517109784503e-01
2.505079317799649985e-01
2.509737387545092346e-01
2.514401733969586772e-01
2.519072364702710232e-01
2.523749287380132600e-01
2.528432509643590009e-01
2.533122039140884851e-01
2.537817883525805840e-01
2.542520050458172420e-01
2.547228547603754834e-01
2.551943382634300761e-01
2.556664563227455389e-01
2.561392097066796936e-01
2.566125991841756715e-01
2.570866255247636900e-01
2.575612894985574997e-01
2.580365918762481670e-01
2.585125334291067389e-01
2.589891149289806904e-01
2.594663371482885950e-01
2.599442008600192366e-01
2.604227068377298338e-01
2.609018558555415979e-01
2.613816486881397338e-01
2.618620861107645581e-01
2.623431688992194921e-01
2.628248978298568517e-01
2.633072736795831759e-01
2.637902972258512335e-01
2.642739692466635759e-01
2.647582905205609904e-01
2.652432618266260533e-01
2.657288839444804651e-01
2.662151576542770570e-01
2.667020837367024555e-01
2.671896629729708650e-01
2.676778961448214034e-01
2.681667840345163256e-01
2.686563274248356947e-01
2.691465270990791581e-01
2.696373838410570656e-01
2.701288984350904698e-01
2.706210716660066851e-01
2.711139043191401754e-01
2.716073971803218967e-01
2.721015510358828493e-01
2.725963666726487489e-01
2.730918448779338092e-01
2.735879864395434069e-01
2.740847921457643110e-01
2.745822627853673481e-01
2.750803991475976318e-01
2.755792020221790040e-01
2.760786721993016002e-01
2.765788104696271787e-01
2.770796176242802389e-01
2.775810944548444681e-01
2.780832417533636303e-01
2.966888840867198951e-02
3.014433493578660972e-02
3.062040937921306494e-02
3.109711247981294946e-02
3.157444497897632374e-02
3.205240761861638532e-02
3.253100114116769248e-02
3.301022628958705241e-02
3.349008380734552759e-02
3.397057443843110036e-02
3.445169892734067929e-02
3.493345801908098736e-02
3.541585245916678559e-02
3.589888299361465585e-02
3.638255036894211258e-02
3.686685533216582655e-02
3.735179863079629570e-02
3.783738101283784516e-02
3.832360322678507458e-02
3.881046602161752901e-02
3.929797014679969891e-02
3.978611635227835563e-02
4.027490538847633417e-02
4.076433800629430948e-02
4.125441495710191475e-02
4.174513699274307044e-02
4.223650486552266159e-02
4.272851932821186693e-02
4.322118113404194162e-02
4.371449103670155267e-02
4.420844979033233813e-02
4.470305814952713064e-02
4.519831686932818116e-02
4.569422670522094165e-02
4.619078841313140060e-02
4.668800274942697115e-02
4.718587047090672115e-02
4.768439233480226136e-02
4.818356909877596905e-02
4.868340152091210626e-02
4.918389035971948431e-02
4.968503637412169383e-02
5.018684032346243384e-02
5.068930296749130093e-02
5.119242506637089463e-02
5.169620738066527110e-02
5.220065067134083137e-02
5.270575569976188035e-02
5.321152322768529785e-02
5.371795401726142671e-02
5.422504883102341466e-02
5.473280843189165523e-02
5.524123358316401777e-02
5.575032504851318294e-02
5.626008359198664266e-02
5.677050997799870657e-02
5.728160497132961382e-02
5.779336933711842761e-02
5.830580384086303525e-02
5.881890924841481905e-02
5.933268632597243908e-02
5.984713584008183318e-02
6.036225855763088788e-02
6.087805524584233297e-02
6.139452667227640603e-02
6.191167360481841797e-02
6.242949681168408205e-02
6.294799706140530304e-02
6.346717512283639451e-02
6.398703176514075608e-02
6.450756775779442620e-02
6.502878387057542398e-02
6.555068087356286100e-02
6.607325953713427680e-02
6.659652063195764526e-02
6.712046492898871008e-02
6.764509319946743204e-02
6.817040621491265995e-02
6.869640474711768974e-02
6.922308956814759995e-02
6.975046145033036993e-02
7.027852116625776802e-02
7.080726948877913429e-02
7.133670719099338697e-02
7.186683504624902241e-02
7.239765382813700967e-02
7.292916431048901416e-02
7.346136726736585132e-02
7.399426347306281571e-02
7.452785370209547011e-02
7.506213872920231012e-02
7.559711932933410594e-02
7.613279627765301427e-02
7.666917034952547283e-02
7.720624232052042402e-02
7.774401296639954495e-02
7.828248306311635929e-02
7.882165338680913180e-02
7.936152471379820383e-02
7.990209782057711152e-02
8.044337348381080943e-02
8.098535248032945333e-02
8.152803558712395926e-02
8.207142358133800997e-02
8.261551724026805488e-02
8.316031734135087561e-02
8.370582466216802686e-02
8.425203998042807285e-02
8.479896407397369273e-02
8.534659772076835793e-02
8.589494169889366759e-02
8.644399678654224317e-02
8.699376376201595207e-02
8.754424340371524949e-02
8.809543649013829025e-02
8.864734379987204704e-02
8.919996611158964583e-02
8.975330420403970777e-02
9.030735885604812552e-02
9.086213084650562877e-02
9.141762095436511970e-02
9.197382995863634392e-02
9.253075863837700865e-02
9.308840777269100641e-02
9.364677814071953321e-02
9.420587052163664765e-02
9.476568569464216552e-02
9.532622443895633069e-02
9.588748753381359791e-02
9.644947575845819188e-02
9.701218989213344912e-02
9.757563071408092981e-02
9.813979900353242414e-02
9.870469553970018239e-02
9.927032110177691493e-02
9.983667646892513403e-02
1.004037624202709367e-01
1.009715797348995636e-01
1.015401291918482940e-01
1.021094115700993399e-01
1.026794276485736290e-01
1.032501782061245876e-01
1.038216640215310349e-01
1.043938858734927422e-01
1.049668445406188866e-01
1.055405408014262747e-01
1.061149754343313489e-01
1.066901492176413058e-01
1.072660629295496548e-01
1.078427173481282253e-01
1.084201132513218369e-01
1.089982514169385297e-01
1.095771326226451237e-01
1.101567576459592246e-01
1.107371272642421189e-01
1.113182422546925565e-01
1.119001033943369805e-01
1.124827114600268629e-01
1.130660672284280466e-01
1.136501714760136394e-01
6.151779540357975584e+00
6.152335651210601775e+00
6.152892457428084327e+00
6.153449959716096096e+00
6.154008158780222004e+00
6.154567055325949276e+00
6.155126650058666549e+00
6.155686943683654988e+00
6.156247936906082963e+00
6.156809630431000713e+00
6.157372024963334134e+00
6.157935121207878559e+00
6.158498919869294319e+00
6.159063421652097858e+00
6.159628627260659073e+00
6.160194537399190651e+00
6.160761152771748073e+00
6.161328474082218065e+00
6.161896502034315937e+00
6.162465237331576695e+00
6.163034680677350607e+00
6.163604832774796094e+00
6.164175694326875288e+00
6.164747266036343376e+00
6.165319548605746824e+00
6.165892542737415383e+00
6.166466249133453204e+00
6.167040668495737066e+00
6.167615801525906605e+00
6.168191648925356319e+00
6.168768211395232903e+00
6.169345489636427260e+00
6.169923484349567389e+00
6.170502196235008618e+00
6.171081625992833608e+00
6.171661774322840799e+00
6.172242641924537310e+00
6.172824229497136272e+00
6.173406537739544397e+00
6.173989567350359309e+00
6.174573319027859775e+00
6.175157793470003043e+00
6.175742991374410629e+00
6.176328913438369206e+00
6.176915560358818169e+00
6.177502932832345195e+00
6.178091031555174695e+00
6.178679857223169591e+00
6.179269410531812667e+00
6.179859692176208341e+00
6.180450702851072009e+00
6.181042443250721163e+00
6.181634914069070064e+00
6.182228115999623519e+00
6.182822049735466230e+00
6.183416715969255684e+00
6.184012115393219489e+00
6.184608248699138500e+00
6.185205116578350371e+00
6.185802719721732679e+00
6.186401058819700260e+00
6.187000134562195441e+00
6.187599947638680042e+00
6.188200498738131827e+00
6.188801788549028515e+00
6.189403817759348669e+00
6.190006587056558374e+00
6.190610097127602351e+00
6.191214348658902189e+00
6.191819342336341236e+00
6.192425078845261055e+00
6.193031558870453424e+00
6.193638783096146128e+00
6.194246752206003848e+00
6.194855466883112172e+00
6.195464927809975819e+00
6.196075135668504430e+00
6.196686091140007235e+00
6.197297794905185064e+00
6.197910247644120574e+00
6.198523450036270255e+00
6.199137402760455551e+00
6.199752106494855752e+00
6.200367561916998227e+00
6.200983769703749537e+00
6.201600730531305672e+00
6.202218445075187603e+00
6.202836914010228853e+00
6.203456138010565724e+00
6.204076117749631969e+00
6.204696853900149023e+00
6.205318347134114454e+00
6.205940598122796636e+00
6.206563607536722316e+00
6.207187376045670391e+00
6.207811904318661256e+00
6.208437193023947032e+00
6.209063242829007123e+00
6.209690054400530457e+00
6.210317628404413703e+00
6.210945965505750621e+00
6.211575066368817843e+00
6.212204931657073104e+00
6.212835562033139247e+00
6.213466958158798903e+00
6.214099120694982048e+00
6.214732050301758015e+00
6.215365747638327498e+00
6.216000213363009230e+00
6.216635448133233766e+00
6.217271452605531046e+00
6.217908227435522406e+00
6.218545773277910804e+00
6.219184090786468389e+00
6.219823180614032054e+00
6.220463043412486570e+00
6.221103679832759248e+00
6.221745090524809285e+00
6.222387276137617995e+00
6.223030237319176372e+00
6.223673974716477098e+00
6.224318488975503882e+00
6.224963780741219921e+00
6.225609850657560784e+00
6.226256699367421099e+00
6.226904327512644777e+00
6.227552735734015243e+00
6.228201924671244782e+00
6.228851894962964764e+00
6.229502647246712321e+00
6.230154182158924137e+00
6.230806500334922227e+00
6.231459602408905063e+00
6.232113489013935137e+00
6.232768160781930078e+00
6.233423618343652883e+00
6.234079862328695043e+00
6.234736893365474764e+00
6.235394712081217428e+00
6.236053319101950265e+00
6.236712715052488143e+00
6.237372900556425570e+00
6.238033876236122488e+00
6.238695642712694500e+00
6.239358200606001326e+00
6.240021550534637029e+00
6.240685693115914923e+00
6.241350628965862235e+00
6.242016358699201461e+00
6.242682882929345922e+00
6.243350202268384663e+00
6.244018317327068246e+00
6.244687228714802529e+00
6.245356937039637124e+00
6.246027442908246741e+00
6.246698746925927637e+00
6.247370849696580741e+00
6.248043751822702774e+00
6.248717453905370256e+00
6.249391956544234183e+00
1.629323532390332119e-01
1.636369619375557249e-01
1.643424263621495740e-01
1.650487471461126177e-01
1.657559249209041852e-01
1.664639603161335302e-01
1.671728539595429552e-01
1.678826064769918247e-01
1.685932184924467947e-01
1.693046906279604968e-01
1.700170235036608801e-01
1.707302177377325592e-01
1.714442739464070442e-01
1.721591927439423131e-01
1.728749747426086003e-01
1.735916205526777389e-01
1.743091307824018443e-01
1.750275060379991032e-01
1.757467469236413393e-01
1.764668540414380260e-01
1.771878279914158583e-01
1.779096693715089827e-01
1.786323787775412342e-01
1.793559568032092599e-01
1.800804040400683093e-01
1.808057210775153578e-01
1.815319085027757851e-01
1.822589669008820579e-01
1.829868968546630725e-01
1.837156989447255029e-01
1.844453737494387013e-01
1.851759218449178235e-01
1.859073438050087290e-01
1.866396402012693301e-01
1.873728116029571567e-01
1.881068585770080404e-01
1.888417816880236799e-01
1.895775814982556540e-01
1.903142585675841048e-01
1.910518134535053036e-01
1.917902467111138876e-01
1.925295588930877599e-01
1.932697505496676627e-01
1.940108222286420769e-01
1.947527744753330126e-01
1.954956078325746915e-01
1.962393228407002255e-01
1.969839200375229638e-01
1.977293999583187301e-01
1.984757631358107233e-01
1.992230101001499776e-01
1.999711413788993752e-01
2.007201574970194358e-01
2.014700589768434469e-01
2.022208463380668064e-01
2.029725200977292587e-01
2.037250807701909139e-01
2.044785288671233658e-01
2.052328648974865999e-01
2.059880893675121172e-01
2.067442027806878357e-01
2.075012056377367742e-01
2.082590984366010645e-01
2.090178816724250765e-01
2.097775558375349902e-01
2.105381214214236962e-01
2.112995789107312561e-01
2.120619287892253624e-01
2.128251715377871278e-01
2.135893076343888808e-01
2.143543375540790663e-01
2.151202617689627061e-01
2.158870807481809706e-01
2.166547949578987442e-01
2.174234048612770920e-01
2.181929109184670423e-01
2.189633135865776126e-01
2.197346133196678153e-01
2.205068105687226776e-01
2.212799057816372539e-01
2.220538994031944213e-01
2.228287918750506691e-01
2.236045836357147820e-01
2.243812751205274125e-01
2.251588667616450934e-01
2.259373589880215860e-01
2.267167522253856760e-01
2.274970468962251857e-01
2.282782434197656585e-01
2.290603422119534827e-01
2.298433436854363521e-01
2.306272482495392850e-01
2.314120563102539663e-01
2.321977682702129897e-01
2.329843845286712067e-01
2.337719054814897390e-01
2.345603315211111095e-01
2.353496630365459197e-01
2.361399004133488688e-01
2.369310440336009904e-01
2.377230942758892240e-01
2.385160515152868754e-01
2.393099161233340766e-01
2.401046884680209104e-01
