2.194444221109090734e+02
3.223073697347743973e+02
4.731533885745695898e+02
3.657419173165386610e+02
5.016160886313234073e+02
1.048523347483387397e+03
1.732473376591050737e+03
1.895625042492769353e+03
1.874697906775525780e+03
1.553762148268183637e+03
1.403433168685383862e+03
1.224353122404029591e+03
1.008428090932010605e+03
9.140020511956317932e+02
8.634839310221462938e+02
1.406742219147781043e+03
1.155477843278156115e+03
1.105607455350685996e+03
1.061052437499828557e+03
7.475129579705517244e+02
9.232516874880597015e+02
9.462313576325069562e+02
1.203301881067927752e+03
