5.560438375202284789e+00
5.236535849357404793e+00
3.935231590150707337e+00
3.555965803138720904e+00
4.295627948145106068e+00
3.974379534346504705e+00
3.178948488340434420e+00
3.265796269222595249e+00
5.748803191286875780e+00
5.603910143407087041e+00
4.116053617562680067e+00
5.267487438363123609e+00
7.324012872383578454e+00
6.378653644812240842e+00
7.311035053792600102e+00
6.801146796818843931e+00
8.185084256460841701e+00
9.954575595115676023e+00
1.218843819296218101e+01
1.258242804167832496e+01
1.266499400885861171e+01
1.418918610879908115e+01
1.498252246681376043e+01
1.789312217263050542e+01
2.637373403813066020e+01
2.061237947573505735e+01
2.645858335820105722e+01
2.326901088974411991e+01
2.440066620611141701e+01
2.612187360719456919e+01
2.813304186502735860e+01
3.410348725174472406e+01
3.261536966827680573e+01
3.218525849905673653e+01
