3.820053186526269073e-02
1.750419971019206641e-02
1.124761423321351053e-02
1.576994322475932034e-02
1.016241553812952114e-02
2.113153265410774514e-02
9.910834312805897814e-03
8.292875325909238732e-03
9.554900252665187235e-03
8.165865131466644444e-03
1.422836177114442796e-02
1.063113314128006325e-02
1.146103281913890895e-02
1.331515414365580172e-02
1.621048045702437948e-02
1.888468147737249608e-02
2.244621616748907963e-02
3.016164479348320063e-02
2.900807988571592680e-02
4.663427030579067600e-02
3.077275970321758161e-02
4.645341764058505407e-02
3.113729113099920204e-02
1.224517437293340255e-01
1.708877118555571228e-02
1.699072655596094855e-02
6.527401959765534445e-02
6.394754651515140165e-02
8.533050386365964579e-02
9.875810980303474651e-02
1.150560680337963243e-01
1.795026880121615709e-01
2.130956686716601600e-01
1.914384378888389637e-01
