7.282235618935537121e-03
7.282235618935537121e-03
7.282235618935537121e-03
7.282235618935537121e-03
7.282235618935537121e-03
7.282235618935537121e-03
7.282235618935537121e-03
7.282235618935537121e-03
1.388753669556035998e-03
1.388753669556035998e-03
1.388753669556035998e-03
1.388753669556035998e-03
1.388753669556035998e-03
1.388753669556035998e-03
1.388753669556035998e-03
1.388753669556035998e-03
1.162370505069973718e-03
1.162370505069973718e-03
1.162370505069973718e-03
1.162370505069973718e-03
1.162370505069973718e-03
1.162370505069973718e-03
1.162370505069973718e-03
1.162370505069973718e-03
1.101557498107404902e-03
1.101557498107404902e-03
1.101557498107404902e-03
1.101557498107404902e-03
1.101557498107404902e-03
1.101557498107404902e-03
1.101557498107404902e-03
1.101557498107404902e-03
1.049018558233203455e-03
1.049018558233203455e-03
1.049018558233203455e-03
1.049018558233203455e-03
1.049018558233203455e-03
1.049018558233203455e-03
1.049018558233203455e-03
1.049018558233203455e-03
1.018323603518219139e-03
1.018323603518219139e-03
1.018323603518219139e-03
1.018323603518219139e-03
1.018323603518219139e-03
1.018323603518219139e-03
1.018323603518219139e-03
1.018323603518219139e-03
1.030684652021481322e-03
1.030684652021481322e-03
1.030684652021481322e-03
1.030684652021481322e-03
1.030684652021481322e-03
1.030684652021481322e-03
1.030684652021481322e-03
1.030684652021481322e-03
1.017012806586760571e-03
1.017012806586760571e-03
1.017012806586760571e-03
1.017012806586760571e-03
1.017012806586760571e-03
1.017012806586760571e-03
1.017012806586760571e-03
1.017012806586760571e-03
1.064911465004956615e-03
1.064911465004956615e-03
1.064911465004956615e-03
1.064911465004956615e-03
1.064911465004956615e-03
1.064911465004956615e-03
1.064911465004956615e-03
1.064911465004956615e-03
9.903087408791888015e-04
9.903087408791888015e-04
9.903087408791888015e-04
9.903087408791888015e-04
9.903087408791888015e-04
9.903087408791888015e-04
9.903087408791888015e-04
9.903087408791888015e-04
9.099790883238631934e-04
9.099790883238631934e-04
9.099790883238631934e-04
9.099790883238631934e-04
9.099790883238631934e-04
9.099790883238631934e-04
9.099790883238631934e-04
9.099790883238631934e-04
9.773994877091331680e-04
9.773994877091331680e-04
9.773994877091331680e-04
9.773994877091331680e-04
9.773994877091331680e-04
9.773994877091331680e-04
9.773994877091331680e-04
9.773994877091331680e-04
9.385898520185292785e-04
9.385898520185292785e-04
9.385898520185292785e-04
9.385898520185292785e-04
9.385898520185292785e-04
9.385898520185292785e-04
9.385898520185292785e-04
9.385898520185292785e-04
9.469699789618038531e-04
9.469699789618038531e-04
9.469699789618038531e-04
9.469699789618038531e-04
9.469699789618038531e-04
9.469699789618038531e-04
9.469699789618038531e-04
9.469699789618038531e-04
8.740883202059314015e-04
8.740883202059314015e-04
8.740883202059314015e-04
8.740883202059314015e-04
8.740883202059314015e-04
8.740883202059314015e-04
8.740883202059314015e-04
8.740883202059314015e-04
9.107507161315077111e-04
9.107507161315077111e-04
9.107507161315077111e-04
9.107507161315077111e-04
9.107507161315077111e-04
9.107507161315077111e-04
9.107507161315077111e-04
9.107507161315077111e-04
9.136737907442061624e-04
9.136737907442061624e-04
9.136737907442061624e-04
9.136737907442061624e-04
9.136737907442061624e-04
9.136737907442061624e-04
9.136737907442061624e-04
9.136737907442061624e-04
8.561025561480021867e-04
8.561025561480021867e-04
8.561025561480021867e-04
8.561025561480021867e-04
8.561025561480021867e-04
8.561025561480021867e-04
8.561025561480021867e-04
8.561025561480021867e-04
8.615095218841651095e-04
8.615095218841651095e-04
8.615095218841651095e-04
8.615095218841651095e-04
8.615095218841651095e-04
8.615095218841651095e-04
8.615095218841651095e-04
8.615095218841651095e-04
8.724088676091635219e-04
8.724088676091635219e-04
8.724088676091635219e-04
8.724088676091635219e-04
8.724088676091635219e-04
8.724088676091635219e-04
8.724088676091635219e-04
8.724088676091635219e-04
9.183860727118168046e-04
9.183860727118168046e-04
9.183860727118168046e-04
9.183860727118168046e-04
9.183860727118168046e-04
9.183860727118168046e-04
9.183860727118168046e-04
9.183860727118168046e-04
8.939695233278495802e-04
8.939695233278495802e-04
8.939695233278495802e-04
8.939695233278495802e-04
8.939695233278495802e-04
8.939695233278495802e-04
8.939695233278495802e-04
8.939695233278495802e-04
8.072051958205270781e-04
8.072051958205270781e-04
8.072051958205270781e-04
8.072051958205270781e-04
8.072051958205270781e-04
8.072051958205270781e-04
8.072051958205270781e-04
8.072051958205270781e-04
8.273391611605029807e-04
8.273391611605029807e-04
8.273391611605029807e-04
8.273391611605029807e-04
8.273391611605029807e-04
8.273391611605029807e-04
8.273391611605029807e-04
8.273391611605029807e-04
7.693460869194643182e-04
7.693460869194643182e-04
7.693460869194643182e-04
7.693460869194643182e-04
7.693460869194643182e-04
7.693460869194643182e-04
7.693460869194643182e-04
7.693460869194643182e-04
7.895742839212198947e-04
7.895742839212198947e-04
7.895742839212198947e-04
7.895742839212198947e-04
7.895742839212198947e-04
7.895742839212198947e-04
7.895742839212198947e-04
7.895742839212198947e-04
8.222841227551619956e-04
8.222841227551619956e-04
8.222841227551619956e-04
8.222841227551619956e-04
8.222841227551619956e-04
8.222841227551619956e-04
8.222841227551619956e-04
8.222841227551619956e-04
7.877068891917046387e-04
7.877068891917046387e-04
7.877068891917046387e-04
7.877068891917046387e-04
7.877068891917046387e-04
7.877068891917046387e-04
7.877068891917046387e-04
7.877068891917046387e-04
7.897414488127584963e-04
7.897414488127584963e-04
7.897414488127584963e-04
7.897414488127584963e-04
7.897414488127584963e-04
7.897414488127584963e-04
7.897414488127584963e-04
7.897414488127584963e-04
7.521632673628871751e-04
7.521632673628871751e-04
7.521632673628871751e-04
7.521632673628871751e-04
7.521632673628871751e-04
7.521632673628871751e-04
7.521632673628871751e-04
7.521632673628871751e-04
7.234740970257517913e-04
7.234740970257517913e-04
7.234740970257517913e-04
7.234740970257517913e-04
7.234740970257517913e-04
7.234740970257517913e-04
7.234740970257517913e-04
7.234740970257517913e-04
7.640403094423739699e-04
7.640403094423739699e-04
7.640403094423739699e-04
7.640403094423739699e-04
7.640403094423739699e-04
7.640403094423739699e-04
7.640403094423739699e-04
7.640403094423739699e-04
8.374105073957582423e-04
8.374105073957582423e-04
8.374105073957582423e-04
8.374105073957582423e-04
8.374105073957582423e-04
8.374105073957582423e-04
8.374105073957582423e-04
8.374105073957582423e-04
7.987108379293417996e-04
7.987108379293417996e-04
7.987108379293417996e-04
7.987108379293417996e-04
7.987108379293417996e-04
7.987108379293417996e-04
7.987108379293417996e-04
7.987108379293417996e-04
7.764512106156608133e-04
7.764512106156608133e-04
7.764512106156608133e-04
7.764512106156608133e-04
7.764512106156608133e-04
7.764512106156608133e-04
7.764512106156608133e-04
7.764512106156608133e-04
7.347190382298889781e-04
7.347190382298889781e-04
7.347190382298889781e-04
7.347190382298889781e-04
7.347190382298889781e-04
7.347190382298889781e-04
7.347190382298889781e-04
7.347190382298889781e-04
7.231233573308607507e-04
7.231233573308607507e-04
7.231233573308607507e-04
7.231233573308607507e-04
7.231233573308607507e-04
7.231233573308607507e-04
7.231233573308607507e-04
7.231233573308607507e-04
7.071640501300199616e-04
7.071640501300199616e-04
7.071640501300199616e-04
7.071640501300199616e-04
7.071640501300199616e-04
7.071640501300199616e-04
7.071640501300199616e-04
7.071640501300199616e-04
6.563533888314970928e-04
6.563533888314970928e-04
6.563533888314970928e-04
6.563533888314970928e-04
6.563533888314970928e-04
6.563533888314970928e-04
6.563533888314970928e-04
6.563533888314970928e-04
6.971158174198689847e-04
6.971158174198689847e-04
6.971158174198689847e-04
6.971158174198689847e-04
6.971158174198689847e-04
6.971158174198689847e-04
6.971158174198689847e-04
6.971158174198689847e-04
6.074434145759117316e-04
6.074434145759117316e-04
6.074434145759117316e-04
6.074434145759117316e-04
6.074434145759117316e-04
6.074434145759117316e-04
6.074434145759117316e-04
6.074434145759117316e-04
6.201005077600503165e-04
6.201005077600503165e-04
6.201005077600503165e-04
6.201005077600503165e-04
6.201005077600503165e-04
6.201005077600503165e-04
6.201005077600503165e-04
6.201005077600503165e-04
6.261720666996687182e-04
6.261720666996687182e-04
6.261720666996687182e-04
6.261720666996687182e-04
6.261720666996687182e-04
6.261720666996687182e-04
6.261720666996687182e-04
6.261720666996687182e-04
6.243379409511451081e-04
6.243379409511451081e-04
6.243379409511451081e-04
6.243379409511451081e-04
6.243379409511451081e-04
6.243379409511451081e-04
6.243379409511451081e-04
6.243379409511451081e-04
6.221436533208054643e-04
6.221436533208054643e-04
6.221436533208054643e-04
6.221436533208054643e-04
6.221436533208054643e-04
6.221436533208054643e-04
6.221436533208054643e-04
6.221436533208054643e-04
6.483026143131812849e-04
6.483026143131812849e-04
6.483026143131812849e-04
6.483026143131812849e-04
6.483026143131812849e-04
6.483026143131812849e-04
6.483026143131812849e-04
6.483026143131812849e-04
6.751521439743780363e-04
6.751521439743780363e-04
6.751521439743780363e-04
6.751521439743780363e-04
6.751521439743780363e-04
6.751521439743780363e-04
6.751521439743780363e-04
6.751521439743780363e-04
6.368764564343882021e-04
6.368764564343882021e-04
6.368764564343882021e-04
6.368764564343882021e-04
6.368764564343882021e-04
6.368764564343882021e-04
6.368764564343882021e-04
6.368764564343882021e-04
5.839587997932913638e-04
5.839587997932913638e-04
5.839587997932913638e-04
5.839587997932913638e-04
5.839587997932913638e-04
5.839587997932913638e-04
5.839587997932913638e-04
5.839587997932913638e-04
5.703799920586062524e-04
5.703799920586062524e-04
5.703799920586062524e-04
5.703799920586062524e-04
5.703799920586062524e-04
5.703799920586062524e-04
5.703799920586062524e-04
5.703799920586062524e-04
5.946123906236810844e-04
5.946123906236810844e-04
5.946123906236810844e-04
5.946123906236810844e-04
5.946123906236810844e-04
5.946123906236810844e-04
5.946123906236810844e-04
5.946123906236810844e-04
5.807592971405565454e-04
5.807592971405565454e-04
5.807592971405565454e-04
5.807592971405565454e-04
5.807592971405565454e-04
5.807592971405565454e-04
5.807592971405565454e-04
5.807592971405565454e-04
5.407706325334264491e-04
5.407706325334264491e-04
5.407706325334264491e-04
5.407706325334264491e-04
5.407706325334264491e-04
5.407706325334264491e-04
5.407706325334264491e-04
5.407706325334264491e-04
5.309622698238097285e-04
5.309622698238097285e-04
5.309622698238097285e-04
5.309622698238097285e-04
5.309622698238097285e-04
5.309622698238097285e-04
5.309622698238097285e-04
5.309622698238097285e-04
5.462965881816651999e-04
5.462965881816651999e-04
5.462965881816651999e-04
5.462965881816651999e-04
5.462965881816651999e-04
5.462965881816651999e-04
5.462965881816651999e-04
5.462965881816651999e-04
5.720193162335474859e-04
5.720193162335474859e-04
5.720193162335474859e-04
5.720193162335474859e-04
5.720193162335474859e-04
5.720193162335474859e-04
5.720193162335474859e-04
5.720193162335474859e-04
5.811626670477790767e-04
5.811626670477790767e-04
5.811626670477790767e-04
5.811626670477790767e-04
5.811626670477790767e-04
5.811626670477790767e-04
5.811626670477790767e-04
5.811626670477790767e-04
5.861776250763800966e-04
5.861776250763800966e-04
5.861776250763800966e-04
5.861776250763800966e-04
5.861776250763800966e-04
5.861776250763800966e-04
5.861776250763800966e-04
5.861776250763800966e-04
5.551794112093709618e-04
5.551794112093709618e-04
5.551794112093709618e-04
5.551794112093709618e-04
5.551794112093709618e-04
5.551794112093709618e-04
5.551794112093709618e-04
5.551794112093709618e-04
5.330956583213184970e-04
5.330956583213184970e-04
5.330956583213184970e-04
5.330956583213184970e-04
5.330956583213184970e-04
5.330956583213184970e-04
5.330956583213184970e-04
5.330956583213184970e-04
5.108915448469068202e-04
5.108915448469068202e-04
5.108915448469068202e-04
5.108915448469068202e-04
5.108915448469068202e-04
5.108915448469068202e-04
5.108915448469068202e-04
5.108915448469068202e-04
5.059273085880867070e-04
5.059273085880867070e-04
5.059273085880867070e-04
5.059273085880867070e-04
5.059273085880867070e-04
5.059273085880867070e-04
5.059273085880867070e-04
5.059273085880867070e-04
5.065614476609318602e-04
5.065614476609318602e-04
5.065614476609318602e-04
5.065614476609318602e-04
5.065614476609318602e-04
5.065614476609318602e-04
5.065614476609318602e-04
5.065614476609318602e-04
5.088246844647671512e-04
5.088246844647671512e-04
5.088246844647671512e-04
5.088246844647671512e-04
5.088246844647671512e-04
5.088246844647671512e-04
5.088246844647671512e-04
5.088246844647671512e-04
4.903277440091500074e-04
4.903277440091500074e-04
4.903277440091500074e-04
4.903277440091500074e-04
4.903277440091500074e-04
4.903277440091500074e-04
4.903277440091500074e-04
4.903277440091500074e-04
5.032059147180165592e-04
5.032059147180165592e-04
5.032059147180165592e-04
5.032059147180165592e-04
5.032059147180165592e-04
5.032059147180165592e-04
5.032059147180165592e-04
5.032059147180165592e-04
4.313000551665776530e-04
4.313000551665776530e-04
4.313000551665776530e-04
4.313000551665776530e-04
4.313000551665776530e-04
4.313000551665776530e-04
4.313000551665776530e-04
4.313000551665776530e-04
4.447424919573288019e-04
4.447424919573288019e-04
4.447424919573288019e-04
4.447424919573288019e-04
4.447424919573288019e-04
4.447424919573288019e-04
4.447424919573288019e-04
4.447424919573288019e-04
4.805075716368586427e-04
4.805075716368586427e-04
4.805075716368586427e-04
4.805075716368586427e-04
4.805075716368586427e-04
4.805075716368586427e-04
4.805075716368586427e-04
4.805075716368586427e-04
4.410855316992374499e-04
4.410855316992374499e-04
4.410855316992374499e-04
4.410855316992374499e-04
4.410855316992374499e-04
4.410855316992374499e-04
4.410855316992374499e-04
4.410855316992374499e-04
4.537573656548982864e-04
4.537573656548982864e-04
4.537573656548982864e-04
4.537573656548982864e-04
4.537573656548982864e-04
4.537573656548982864e-04
4.537573656548982864e-04
4.537573656548982864e-04
4.513251681821122590e-04
4.513251681821122590e-04
4.513251681821122590e-04
4.513251681821122590e-04
4.513251681821122590e-04
4.513251681821122590e-04
4.513251681821122590e-04
4.513251681821122590e-04
4.399179971013037686e-04
4.399179971013037686e-04
4.399179971013037686e-04
4.399179971013037686e-04
4.399179971013037686e-04
4.399179971013037686e-04
4.399179971013037686e-04
4.399179971013037686e-04
4.373518032244279904e-04
4.373518032244279904e-04
4.373518032244279904e-04
4.373518032244279904e-04
4.373518032244279904e-04
4.373518032244279904e-04
4.373518032244279904e-04
4.373518032244279904e-04
4.247793145463795231e-04
4.247793145463795231e-04
4.247793145463795231e-04
4.247793145463795231e-04
4.247793145463795231e-04
4.247793145463795231e-04
4.247793145463795231e-04
4.247793145463795231e-04
3.999474232820814752e-04
3.999474232820814752e-04
3.999474232820814752e-04
3.999474232820814752e-04
3.999474232820814752e-04
3.999474232820814752e-04
3.999474232820814752e-04
3.999474232820814752e-04
4.029309592774582148e-04
4.029309592774582148e-04
4.029309592774582148e-04
4.029309592774582148e-04
4.029309592774582148e-04
4.029309592774582148e-04
4.029309592774582148e-04
4.029309592774582148e-04
4.264328966771555669e-04
4.264328966771555669e-04
4.264328966771555669e-04
4.264328966771555669e-04
4.264328966771555669e-04
4.264328966771555669e-04
4.264328966771555669e-04
4.264328966771555669e-04
4.205145605254568121e-04
4.205145605254568121e-04
4.205145605254568121e-04
4.205145605254568121e-04
4.205145605254568121e-04
4.205145605254568121e-04
4.205145605254568121e-04
4.205145605254568121e-04
4.448380720655354227e-04
4.448380720655354227e-04
4.448380720655354227e-04
4.448380720655354227e-04
4.448380720655354227e-04
4.448380720655354227e-04
4.448380720655354227e-04
4.448380720655354227e-04
4.512917310718570635e-04
4.512917310718570635e-04
4.512917310718570635e-04
4.512917310718570635e-04
4.512917310718570635e-04
4.512917310718570635e-04
4.512917310718570635e-04
4.512917310718570635e-04
4.296713910684070003e-04
4.296713910684070003e-04
4.296713910684070003e-04
4.296713910684070003e-04
4.296713910684070003e-04
4.296713910684070003e-04
4.296713910684070003e-04
4.296713910684070003e-04
4.335031642882356440e-04
4.335031642882356440e-04
4.335031642882356440e-04
4.335031642882356440e-04
4.335031642882356440e-04
4.335031642882356440e-04
4.335031642882356440e-04
4.335031642882356440e-04
4.366312047722503589e-04
4.366312047722503589e-04
4.366312047722503589e-04
4.366312047722503589e-04
4.366312047722503589e-04
4.366312047722503589e-04
4.366312047722503589e-04
4.366312047722503589e-04
3.864304361683834729e-04
3.864304361683834729e-04
3.864304361683834729e-04
3.864304361683834729e-04
3.864304361683834729e-04
3.864304361683834729e-04
3.864304361683834729e-04
3.864304361683834729e-04
4.098929936848651027e-04
4.098929936848651027e-04
4.098929936848651027e-04
4.098929936848651027e-04
4.098929936848651027e-04
4.098929936848651027e-04
4.098929936848651027e-04
4.098929936848651027e-04
3.724299694591611367e-04
3.724299694591611367e-04
3.724299694591611367e-04
3.724299694591611367e-04
3.724299694591611367e-04
3.724299694591611367e-04
3.724299694591611367e-04
3.724299694591611367e-04
3.802029433133281150e-04
3.802029433133281150e-04
3.802029433133281150e-04
3.802029433133281150e-04
3.802029433133281150e-04
3.802029433133281150e-04
3.802029433133281150e-04
3.802029433133281150e-04
3.773245369497756118e-04
3.773245369497756118e-04
3.773245369497756118e-04
3.773245369497756118e-04
3.773245369497756118e-04
3.773245369497756118e-04
3.773245369497756118e-04
3.773245369497756118e-04
3.491760162886526969e-04
3.491760162886526969e-04
3.491760162886526969e-04
3.491760162886526969e-04
3.491760162886526969e-04
3.491760162886526969e-04
3.491760162886526969e-04
3.491760162886526969e-04
3.628056499211088537e-04
3.628056499211088537e-04
3.628056499211088537e-04
3.628056499211088537e-04
3.628056499211088537e-04
3.628056499211088537e-04
3.628056499211088537e-04
3.628056499211088537e-04
3.830420063044957129e-04
3.830420063044957129e-04
3.830420063044957129e-04
3.830420063044957129e-04
3.830420063044957129e-04
3.830420063044957129e-04
3.830420063044957129e-04
3.830420063044957129e-04
3.816927192696321263e-04
3.816927192696321263e-04
3.816927192696321263e-04
3.816927192696321263e-04
3.816927192696321263e-04
3.816927192696321263e-04
