5.468105656167637774e-01
3.551291768673314753e-01
3.525255688589749581e-01
6.786646765494822597e-01
2.551824010954708011e-01
2.901857547829682638e-01
2.086824353471012639e-01
1.539361418704280893e-01
7.528030278175709689e-02
3.655182120949859031e-02
6.429495176825560099e-02
3.518706068350781202e-02
1.376378281068076602e-02
1.131812394092335597e-02
1.403626046196246140e-02
2.499862267854723041e-02
2.381093745303274056e-02
3.442542022607700258e-02
3.734248434402875211e-02
1.197438379356583898e-01
6.542448040718870650e-02
