1.301748379106690409e-03
1.301748379106690409e-03
1.301748379106690409e-03
1.301748379106690409e-03
1.301748379106690409e-03
1.301748379106690409e-03
1.301748379106690409e-03
1.301748379106690409e-03
2.326745436402897290e-04
2.326745436402897290e-04
2.326745436402897290e-04
2.326745436402897290e-04
2.326745436402897290e-04
2.326745436402897290e-04
2.326745436402897290e-04
2.326745436402897290e-04
1.775976313033032403e-04
1.775976313033032403e-04
1.775976313033032403e-04
1.775976313033032403e-04
1.775976313033032403e-04
1.775976313033032403e-04
1.775976313033032403e-04
1.775976313033032403e-04
1.513094836698202568e-04
1.513094836698202568e-04
1.513094836698202568e-04
1.513094836698202568e-04
1.513094836698202568e-04
1.513094836698202568e-04
1.513094836698202568e-04
1.513094836698202568e-04
1.350778500393976975e-04
1.350778500393976975e-04
1.350778500393976975e-04
1.350778500393976975e-04
1.350778500393976975e-04
1.350778500393976975e-04
1.350778500393976975e-04
1.350778500393976975e-04
1.179932548301385785e-04
1.179932548301385785e-04
1.179932548301385785e-04
1.179932548301385785e-04
1.179932548301385785e-04
1.179932548301385785e-04
1.179932548301385785e-04
1.179932548301385785e-04
1.108210397774593635e-04
1.108210397774593635e-04
1.108210397774593635e-04
1.108210397774593635e-04
1.108210397774593635e-04
1.108210397774593635e-04
1.108210397774593635e-04
1.108210397774593635e-04
9.752610427959391276e-05
9.752610427959391276e-05
9.752610427959391276e-05
9.752610427959391276e-05
9.752610427959391276e-05
9.752610427959391276e-05
9.752610427959391276e-05
9.752610427959391276e-05
9.282549038995746213e-05
9.282549038995746213e-05
9.282549038995746213e-05
9.282549038995746213e-05
9.282549038995746213e-05
9.282549038995746213e-05
9.282549038995746213e-05
9.282549038995746213e-05
7.630390079777380689e-05
7.630390079777380689e-05
7.630390079777380689e-05
7.630390079777380689e-05
7.630390079777380689e-05
7.630390079777380689e-05
7.630390079777380689e-05
7.630390079777380689e-05
6.330840543997901860e-05
6.330840543997901860e-05
6.330840543997901860e-05
6.330840543997901860e-05
6.330840543997901860e-05
6.330840543997901860e-05
6.330840543997901860e-05
6.330840543997901860e-05
5.889887449408027619e-05
5.889887449408027619e-05
5.889887449408027619e-05
5.889887449408027619e-05
5.889887449408027619e-05
5.889887449408027619e-05
5.889887449408027619e-05
5.889887449408027619e-05
4.917769900811641104e-05
4.917769900811641104e-05
4.917769900811641104e-05
4.917769900811641104e-05
4.917769900811641104e-05
4.917769900811641104e-05
4.917769900811641104e-05
4.917769900811641104e-05
4.349901419475100419e-05
4.349901419475100419e-05
4.349901419475100419e-05
4.349901419475100419e-05
4.349901419475100419e-05
4.349901419475100419e-05
4.349901419475100419e-05
4.349901419475100419e-05
3.476712279530630678e-05
3.476712279530630678e-05
3.476712279530630678e-05
3.476712279530630678e-05
3.476712279530630678e-05
3.476712279530630678e-05
3.476712279530630678e-05
3.476712279530630678e-05
3.040459595360620228e-05
3.040459595360620228e-05
3.040459595360620228e-05
3.040459595360620228e-05
3.040459595360620228e-05
3.040459595360620228e-05
3.040459595360620228e-05
3.040459595360620228e-05
2.462112092996827264e-05
2.462112092996827264e-05
2.462112092996827264e-05
2.462112092996827264e-05
2.462112092996827264e-05
2.462112092996827264e-05
2.462112092996827264e-05
2.462112092996827264e-05
1.935719863598845712e-05
1.935719863598845712e-05
1.935719863598845712e-05
1.935719863598845712e-05
1.935719863598845712e-05
1.935719863598845712e-05
1.935719863598845712e-05
1.935719863598845712e-05
1.521494683220708543e-05
1.521494683220708543e-05
1.521494683220708543e-05
1.521494683220708543e-05
1.521494683220708543e-05
1.521494683220708543e-05
1.521494683220708543e-05
1.521494683220708543e-05
1.271661065387060919e-05
1.271661065387060919e-05
1.271661065387060919e-05
1.271661065387060919e-05
1.271661065387060919e-05
1.271661065387060919e-05
1.271661065387060919e-05
1.271661065387060919e-05
1.001812518041681488e-05
1.001812518041681488e-05
1.001812518041681488e-05
1.001812518041681488e-05
1.001812518041681488e-05
1.001812518041681488e-05
1.001812518041681488e-05
1.001812518041681488e-05
7.888720585823986013e-06
7.888720585823986013e-06
7.888720585823986013e-06
7.888720585823986013e-06
7.888720585823986013e-06
7.888720585823986013e-06
7.888720585823986013e-06
7.888720585823986013e-06
6.280950912491107483e-06
6.280950912491107483e-06
6.280950912491107483e-06
6.280950912491107483e-06
6.280950912491107483e-06
6.280950912491107483e-06
6.280950912491107483e-06
6.280950912491107483e-06
5.355711020961671213e-06
5.355711020961671213e-06
5.355711020961671213e-06
5.355711020961671213e-06
5.355711020961671213e-06
5.355711020961671213e-06
5.355711020961671213e-06
5.355711020961671213e-06
4.980060705862234697e-06
4.980060705862234697e-06
4.980060705862234697e-06
4.980060705862234697e-06
4.980060705862234697e-06
4.980060705862234697e-06
4.980060705862234697e-06
4.980060705862234697e-06
5.155796226430555647e-06
5.155796226430555647e-06
5.155796226430555647e-06
5.155796226430555647e-06
5.155796226430555647e-06
5.155796226430555647e-06
5.155796226430555647e-06
5.155796226430555647e-06
6.254312536988853513e-06
6.254312536988853513e-06
6.254312536988853513e-06
6.254312536988853513e-06
6.254312536988853513e-06
6.254312536988853513e-06
6.254312536988853513e-06
6.254312536988853513e-06
7.387372073152401143e-06
7.387372073152401143e-06
7.387372073152401143e-06
7.387372073152401143e-06
7.387372073152401143e-06
7.387372073152401143e-06
7.387372073152401143e-06
7.387372073152401143e-06
8.872731922836719632e-06
8.872731922836719632e-06
8.872731922836719632e-06
8.872731922836719632e-06
8.872731922836719632e-06
8.872731922836719632e-06
8.872731922836719632e-06
8.872731922836719632e-06
1.070169675173270820e-05
1.070169675173270820e-05
1.070169675173270820e-05
1.070169675173270820e-05
1.070169675173270820e-05
1.070169675173270820e-05
1.070169675173270820e-05
1.070169675173270820e-05
1.337109613216950201e-05
1.337109613216950201e-05
1.337109613216950201e-05
1.337109613216950201e-05
1.337109613216950201e-05
1.337109613216950201e-05
1.337109613216950201e-05
1.337109613216950201e-05
1.821459275375317781e-05
1.821459275375317781e-05
1.821459275375317781e-05
1.821459275375317781e-05
1.821459275375317781e-05
1.821459275375317781e-05
1.821459275375317781e-05
1.821459275375317781e-05
2.501159205518624056e-05
2.501159205518624056e-05
2.501159205518624056e-05
2.501159205518624056e-05
2.501159205518624056e-05
2.501159205518624056e-05
2.501159205518624056e-05
2.501159205518624056e-05
2.845124219983346083e-05
2.845124219983346083e-05
2.845124219983346083e-05
2.845124219983346083e-05
2.845124219983346083e-05
2.845124219983346083e-05
2.845124219983346083e-05
2.845124219983346083e-05
3.322043384378839251e-05
3.322043384378839251e-05
3.322043384378839251e-05
3.322043384378839251e-05
3.322043384378839251e-05
3.322043384378839251e-05
3.322043384378839251e-05
3.322043384378839251e-05
3.701561782550423437e-05
3.701561782550423437e-05
3.701561782550423437e-05
3.701561782550423437e-05
3.701561782550423437e-05
3.701561782550423437e-05
3.701561782550423437e-05
3.701561782550423437e-05
4.378356662170688151e-05
4.378356662170688151e-05
4.378356662170688151e-05
4.378356662170688151e-05
4.378356662170688151e-05
4.378356662170688151e-05
4.378356662170688151e-05
4.378356662170688151e-05
4.855159863406389954e-05
4.855159863406389954e-05
4.855159863406389954e-05
4.855159863406389954e-05
4.855159863406389954e-05
4.855159863406389954e-05
4.855159863406389954e-05
4.855159863406389954e-05
5.240387980350345387e-05
5.240387980350345387e-05
5.240387980350345387e-05
5.240387980350345387e-05
5.240387980350345387e-05
5.240387980350345387e-05
5.240387980350345387e-05
5.240387980350345387e-05
6.264850966573737583e-05
6.264850966573737583e-05
6.264850966573737583e-05
6.264850966573737583e-05
6.264850966573737583e-05
6.264850966573737583e-05
6.264850966573737583e-05
6.264850966573737583e-05
6.325649131179626543e-05
6.325649131179626543e-05
6.325649131179626543e-05
6.325649131179626543e-05
6.325649131179626543e-05
6.325649131179626543e-05
6.325649131179626543e-05
6.325649131179626543e-05
7.241028709880334196e-05
7.241028709880334196e-05
7.241028709880334196e-05
7.241028709880334196e-05
7.241028709880334196e-05
7.241028709880334196e-05
7.241028709880334196e-05
7.241028709880334196e-05
8.169647446254928505e-05
8.169647446254928505e-05
8.169647446254928505e-05
8.169647446254928505e-05
8.169647446254928505e-05
8.169647446254928505e-05
8.169647446254928505e-05
8.169647446254928505e-05
9.122030822677477566e-05
9.122030822677477566e-05
9.122030822677477566e-05
9.122030822677477566e-05
9.122030822677477566e-05
9.122030822677477566e-05
9.122030822677477566e-05
9.122030822677477566e-05
1.003947849277253709e-04
1.003947849277253709e-04
1.003947849277253709e-04
1.003947849277253709e-04
1.003947849277253709e-04
1.003947849277253709e-04
1.003947849277253709e-04
1.003947849277253709e-04
1.164568556341652835e-04
1.164568556341652835e-04
1.164568556341652835e-04
1.164568556341652835e-04
1.164568556341652835e-04
1.164568556341652835e-04
1.164568556341652835e-04
1.164568556341652835e-04
1.332778610750305647e-04
1.332778610750305647e-04
1.332778610750305647e-04
1.332778610750305647e-04
1.332778610750305647e-04
1.332778610750305647e-04
1.332778610750305647e-04
1.332778610750305647e-04
1.383121503218257876e-04
1.383121503218257876e-04
1.383121503218257876e-04
1.383121503218257876e-04
1.383121503218257876e-04
1.383121503218257876e-04
1.383121503218257876e-04
1.383121503218257876e-04
1.367982998214511275e-04
1.367982998214511275e-04
1.367982998214511275e-04
1.367982998214511275e-04
1.367982998214511275e-04
1.367982998214511275e-04
1.367982998214511275e-04
1.367982998214511275e-04
1.483417125154287057e-04
1.483417125154287057e-04
1.483417125154287057e-04
1.483417125154287057e-04
1.483417125154287057e-04
1.483417125154287057e-04
1.483417125154287057e-04
1.483417125154287057e-04
1.673162745976333775e-04
1.673162745976333775e-04
1.673162745976333775e-04
1.673162745976333775e-04
1.673162745976333775e-04
1.673162745976333775e-04
1.673162745976333775e-04
1.673162745976333775e-04
1.740894215394198183e-04
1.740894215394198183e-04
1.740894215394198183e-04
1.740894215394198183e-04
1.740894215394198183e-04
1.740894215394198183e-04
1.740894215394198183e-04
1.740894215394198183e-04
1.773998715556868470e-04
1.773998715556868470e-04
1.773998715556868470e-04
1.773998715556868470e-04
1.773998715556868470e-04
1.773998715556868470e-04
1.773998715556868470e-04
1.773998715556868470e-04
1.872541415085464780e-04
1.872541415085464780e-04
1.872541415085464780e-04
1.872541415085464780e-04
1.872541415085464780e-04
1.872541415085464780e-04
1.872541415085464780e-04
1.872541415085464780e-04
2.080813958354258406e-04
2.080813958354258406e-04
2.080813958354258406e-04
2.080813958354258406e-04
2.080813958354258406e-04
2.080813958354258406e-04
2.080813958354258406e-04
2.080813958354258406e-04
2.328116805507518517e-04
2.328116805507518517e-04
2.328116805507518517e-04
2.328116805507518517e-04
2.328116805507518517e-04
2.328116805507518517e-04
2.328116805507518517e-04
2.328116805507518517e-04
2.551120875992740188e-04
2.551120875992740188e-04
2.551120875992740188e-04
2.551120875992740188e-04
2.551120875992740188e-04
2.551120875992740188e-04
2.551120875992740188e-04
2.551120875992740188e-04
2.777431082554617783e-04
2.777431082554617783e-04
2.777431082554617783e-04
2.777431082554617783e-04
2.777431082554617783e-04
2.777431082554617783e-04
2.777431082554617783e-04
2.777431082554617783e-04
2.790756987579863079e-04
2.790756987579863079e-04
2.790756987579863079e-04
2.790756987579863079e-04
2.790756987579863079e-04
2.790756987579863079e-04
2.790756987579863079e-04
2.790756987579863079e-04
2.825374976774750998e-04
2.825374976774750998e-04
2.825374976774750998e-04
2.825374976774750998e-04
2.825374976774750998e-04
2.825374976774750998e-04
2.825374976774750998e-04
2.825374976774750998e-04
2.846261365861590042e-04
2.846261365861590042e-04
2.846261365861590042e-04
2.846261365861590042e-04
2.846261365861590042e-04
2.846261365861590042e-04
2.846261365861590042e-04
2.846261365861590042e-04
2.986983857320992756e-04
2.986983857320992756e-04
2.986983857320992756e-04
2.986983857320992756e-04
2.986983857320992756e-04
2.986983857320992756e-04
2.986983857320992756e-04
2.986983857320992756e-04
3.208363042655028915e-04
3.208363042655028915e-04
3.208363042655028915e-04
3.208363042655028915e-04
3.208363042655028915e-04
3.208363042655028915e-04
3.208363042655028915e-04
3.208363042655028915e-04
3.431280450125970011e-04
3.431280450125970011e-04
3.431280450125970011e-04
3.431280450125970011e-04
3.431280450125970011e-04
3.431280450125970011e-04
3.431280450125970011e-04
3.431280450125970011e-04
3.478171462800187450e-04
3.478171462800187450e-04
3.478171462800187450e-04
3.478171462800187450e-04
3.478171462800187450e-04
3.478171462800187450e-04
3.478171462800187450e-04
3.478171462800187450e-04
3.818714511745960999e-04
3.818714511745960999e-04
3.818714511745960999e-04
3.818714511745960999e-04
3.818714511745960999e-04
3.818714511745960999e-04
3.818714511745960999e-04
3.818714511745960999e-04
3.437491436715852809e-04
3.437491436715852809e-04
3.437491436715852809e-04
3.437491436715852809e-04
3.437491436715852809e-04
3.437491436715852809e-04
3.437491436715852809e-04
3.437491436715852809e-04
3.722409462254370072e-04
3.722409462254370072e-04
3.722409462254370072e-04
3.722409462254370072e-04
3.722409462254370072e-04
3.722409462254370072e-04
3.722409462254370072e-04
3.722409462254370072e-04
4.266005496218833941e-04
4.266005496218833941e-04
4.266005496218833941e-04
4.266005496218833941e-04
4.266005496218833941e-04
4.266005496218833941e-04
4.266005496218833941e-04
4.266005496218833941e-04
4.126223408624901646e-04
4.126223408624901646e-04
4.126223408624901646e-04
4.126223408624901646e-04
4.126223408624901646e-04
4.126223408624901646e-04
4.126223408624901646e-04
4.126223408624901646e-04
4.495773219087866230e-04
4.495773219087866230e-04
4.495773219087866230e-04
4.495773219087866230e-04
4.495773219087866230e-04
4.495773219087866230e-04
4.495773219087866230e-04
4.495773219087866230e-04
4.644505690311073222e-04
4.644505690311073222e-04
4.644505690311073222e-04
4.644505690311073222e-04
4.644505690311073222e-04
4.644505690311073222e-04
4.644505690311073222e-04
4.644505690311073222e-04
4.788340183333030051e-04
4.788340183333030051e-04
4.788340183333030051e-04
4.788340183333030051e-04
4.788340183333030051e-04
4.788340183333030051e-04
4.788340183333030051e-04
4.788340183333030051e-04
5.017994591192785495e-04
5.017994591192785495e-04
5.017994591192785495e-04
5.017994591192785495e-04
5.017994591192785495e-04
5.017994591192785495e-04
5.017994591192785495e-04
5.017994591192785495e-04
5.095184803662052920e-04
5.095184803662052920e-04
5.095184803662052920e-04
5.095184803662052920e-04
5.095184803662052920e-04
5.095184803662052920e-04
5.095184803662052920e-04
5.095184803662052920e-04
4.998640352733938353e-04
4.998640352733938353e-04
4.998640352733938353e-04
4.998640352733938353e-04
4.998640352733938353e-04
4.998640352733938353e-04
4.998640352733938353e-04
4.998640352733938353e-04
5.299626709995575993e-04
5.299626709995575993e-04
5.299626709995575993e-04
5.299626709995575993e-04
5.299626709995575993e-04
5.299626709995575993e-04
5.299626709995575993e-04
5.299626709995575993e-04
5.911042371807193573e-04
5.911042371807193573e-04
5.911042371807193573e-04
5.911042371807193573e-04
5.911042371807193573e-04
5.911042371807193573e-04
5.911042371807193573e-04
5.911042371807193573e-04
6.024911485575331661e-04
6.024911485575331661e-04
6.024911485575331661e-04
6.024911485575331661e-04
6.024911485575331661e-04
6.024911485575331661e-04
6.024911485575331661e-04
6.024911485575331661e-04
6.673030738215558061e-04
6.673030738215558061e-04
6.673030738215558061e-04
6.673030738215558061e-04
6.673030738215558061e-04
6.673030738215558061e-04
6.673030738215558061e-04
6.673030738215558061e-04
7.042463640209335740e-04
7.042463640209335740e-04
7.042463640209335740e-04
7.042463640209335740e-04
7.042463640209335740e-04
7.042463640209335740e-04
7.042463640209335740e-04
7.042463640209335740e-04
6.852072115733332490e-04
6.852072115733332490e-04
6.852072115733332490e-04
6.852072115733332490e-04
6.852072115733332490e-04
6.852072115733332490e-04
6.852072115733332490e-04
6.852072115733332490e-04
7.351190844401474809e-04
7.351190844401474809e-04
7.351190844401474809e-04
7.351190844401474809e-04
7.351190844401474809e-04
7.351190844401474809e-04
7.351190844401474809e-04
7.351190844401474809e-04
7.753967610558936806e-04
7.753967610558936806e-04
7.753967610558936806e-04
7.753967610558936806e-04
7.753967610558936806e-04
7.753967610558936806e-04
7.753967610558936806e-04
7.753967610558936806e-04
7.133886441517578881e-04
7.133886441517578881e-04
7.133886441517578881e-04
7.133886441517578881e-04
7.133886441517578881e-04
7.133886441517578881e-04
7.133886441517578881e-04
7.133886441517578881e-04
7.806395996682435195e-04
7.806395996682435195e-04
7.806395996682435195e-04
7.806395996682435195e-04
7.806395996682435195e-04
7.806395996682435195e-04
7.806395996682435195e-04
7.806395996682435195e-04
7.417332783506870716e-04
7.417332783506870716e-04
7.417332783506870716e-04
7.417332783506870716e-04
7.417332783506870716e-04
7.417332783506870716e-04
7.417332783506870716e-04
7.417332783506870716e-04
7.776853001564876288e-04
7.776853001564876288e-04
7.776853001564876288e-04
7.776853001564876288e-04
7.776853001564876288e-04
7.776853001564876288e-04
7.776853001564876288e-04
7.776853001564876288e-04
7.860742447797986398e-04
7.860742447797986398e-04
7.860742447797986398e-04
7.860742447797986398e-04
7.860742447797986398e-04
7.860742447797986398e-04
7.860742447797986398e-04
7.860742447797986398e-04
7.692562383093752261e-04
7.692562383093752261e-04
7.692562383093752261e-04
7.692562383093752261e-04
7.692562383093752261e-04
7.692562383093752261e-04
7.692562383093752261e-04
7.692562383093752261e-04
8.351014440714674093e-04
8.351014440714674093e-04
8.351014440714674093e-04
8.351014440714674093e-04
8.351014440714674093e-04
8.351014440714674093e-04
8.351014440714674093e-04
8.351014440714674093e-04
9.110238890492239512e-04
9.110238890492239512e-04
9.110238890492239512e-04
9.110238890492239512e-04
9.110238890492239512e-04
9.110238890492239512e-04
9.110238890492239512e-04
9.110238890492239512e-04
9.419425316756310134e-04
9.419425316756310134e-04
9.419425316756310134e-04
9.419425316756310134e-04
9.419425316756310134e-04
9.419425316756310134e-04
