9.542760127919876906e-03
1.124365660473818779e-02
7.904368818088938764e-03
1.200400522102941341e-02
1.753235731819397999e-02
2.339489500136713793e-02
2.140507636079071532e-02
3.405280898751590624e-02
4.226242467584318679e-02
3.220304681938300495e-02
3.727723872502755609e-02
4.138234467986033616e-02
3.161264467093392178e-02
4.886191516287254066e-02
3.786404236348859392e-02
5.990601533334333206e-02
5.784676731854664078e-02
4.959964098729666843e-02
6.566329264271957011e-02
5.899500993492851758e-02
7.075191455745855063e-02
6.963333528087010948e-02
1.443582734776966692e-01
6.578365963572115060e-02
8.057610406358803323e-02
8.081020912675139500e-02
1.724681378150509647e-01
1.538276001834149032e-01
1.185125637001162718e-01
1.407470116384575975e-01
1.405466454294277134e-01
1.969581584643237404e-01
1.330376456216913472e-01
1.578149042949451020e-01
3.236687112524543330e-01
1.569660683688359482e-01
1.397744925190252674e-01
1.370549804676161332e-01
1.848496394275442323e-01
