3.952657803782583696e-05
4.778066184771559119e-06
3.433565024889921834e-06
4.315360950917091276e-06
2.960066833084726279e-06
2.950189082248653438e-06
1.902546006436398168e-06
1.635577913618765282e-06
1.153626843860325565e-06
9.827851804001954992e-07
5.791084671496443578e-07
4.881182795954735422e-07
3.045587585964257196e-07
2.504176405865529556e-07
2.390366430983125205e-07
2.225565419780692104e-07
2.848510728812206634e-07
4.530327609493401084e-07
6.134411858711314877e-07
9.867604206090825636e-07
1.152582762095911369e-06
1.459839240447740581e-06
2.083374289618206620e-06
2.437552649425956604e-06
3.507890994041931578e-06
3.684247156224044217e-06
4.761071106024147259e-06
6.185417505639144351e-06
6.242958249030307521e-06
7.892306548949517422e-06
8.159713141589779842e-06
1.091243141113883593e-05
1.391022997679853918e-05
1.435886720428440477e-05
1.791319856921740378e-05
1.874310921548410922e-05
2.589347628336583605e-05
2.971933120044815147e-05
3.779529781637282004e-05
4.894896290540222937e-05
5.317370069789916523e-05
6.286719730744388143e-05
8.755701891127022987e-05
1.169866696760808321e-04
1.339136173578380179e-04
1.730678748442231077e-04
2.151536019562528201e-04
2.984670682707847101e-04
4.086962432180587081e-04
6.194966954207257580e-04
8.691931129700628672e-04
1.277703988467795287e-03
2.180799981408447757e-03
3.754319192102974906e-03
8.207227136594150152e-03
1.403324251811157927e-02
1.016048603021506291e-02
6.970774153953295318e-03
4.263397553328690526e-03
2.345213227950907354e-03
1.846563781487588034e-03
1.378885683484594275e-03
1.204580608211044479e-03
1.064922410649443967e-03
9.169167053463478856e-04
7.856299908867586407e-04
8.067229341388965037e-04
7.030443025428052611e-04
6.857661547815569088e-04
6.612125835739532647e-04
6.121027545583418092e-04
