4.055596560485155537e-03
5.191971296589889453e-04
3.530777416285983575e-04
4.450357938215392475e-04
2.612057193794519263e-04
1.301490834089753682e-04
9.326652197894793705e-05
4.925552232272656952e-05
2.263536977701206609e-05
2.128890800745973511e-05
2.231768701611809092e-05
1.634696701042373746e-05
2.165814857931899550e-05
3.078505658018715433e-05
3.550630593980736436e-05
6.001856011641511614e-05
3.663231557222199725e-05
3.765799438236432101e-05
4.997890482041383349e-05
5.693601899625070386e-05
5.938296323389742420e-05
6.212786162068355679e-05
9.832157376744091713e-05
6.972143536706668998e-05
5.828390755865664870e-05
3.710964733976164216e-05
8.888717270918911788e-05
5.325584839557613359e-05
6.395017042108739420e-05
5.226522591764204472e-05
4.962746472432086537e-05
5.311130640626991105e-05
6.461686416657956903e-05
4.466506896702542294e-05
1.214476505803495663e-04
5.401234521916263391e-05
