3.940496264406131359e-04
3.940496264406131359e-04
3.940496264406131359e-04
3.940496264406131359e-04
3.940496264406131359e-04
3.940496264406131359e-04
3.940496264406131359e-04
3.940496264406131359e-04
7.445704733137412633e-05
7.445704733137412633e-05
7.445704733137412633e-05
7.445704733137412633e-05
7.445704733137412633e-05
7.445704733137412633e-05
7.445704733137412633e-05
7.445704733137412633e-05
3.478588438517855424e-05
3.478588438517855424e-05
3.478588438517855424e-05
3.478588438517855424e-05
3.478588438517855424e-05
3.478588438517855424e-05
3.478588438517855424e-05
3.478588438517855424e-05
3.195657407584417086e-05
3.195657407584417086e-05
3.195657407584417086e-05
3.195657407584417086e-05
3.195657407584417086e-05
3.195657407584417086e-05
3.195657407584417086e-05
3.195657407584417086e-05
3.086537580461431237e-05
3.086537580461431237e-05
3.086537580461431237e-05
3.086537580461431237e-05
3.086537580461431237e-05
3.086537580461431237e-05
3.086537580461431237e-05
3.086537580461431237e-05
2.948330461907314572e-05
2.948330461907314572e-05
2.948330461907314572e-05
2.948330461907314572e-05
2.948330461907314572e-05
2.948330461907314572e-05
2.948330461907314572e-05
2.948330461907314572e-05
2.991120531361878649e-05
2.991120531361878649e-05
2.991120531361878649e-05
2.991120531361878649e-05
2.991120531361878649e-05
2.991120531361878649e-05
2.991120531361878649e-05
2.991120531361878649e-05
2.909900945276759266e-05
2.909900945276759266e-05
2.909900945276759266e-05
2.909900945276759266e-05
2.909900945276759266e-05
2.909900945276759266e-05
2.909900945276759266e-05
2.909900945276759266e-05
3.268860143349257708e-05
3.268860143349257708e-05
3.268860143349257708e-05
3.268860143349257708e-05
3.268860143349257708e-05
3.268860143349257708e-05
3.268860143349257708e-05
3.268860143349257708e-05
2.714165834611340330e-05
2.714165834611340330e-05
2.714165834611340330e-05
2.714165834611340330e-05
2.714165834611340330e-05
2.714165834611340330e-05
2.714165834611340330e-05
2.714165834611340330e-05
2.649056804938584525e-05
2.649056804938584525e-05
2.649056804938584525e-05
2.649056804938584525e-05
2.649056804938584525e-05
2.649056804938584525e-05
2.649056804938584525e-05
2.649056804938584525e-05
2.802052413345500391e-05
2.802052413345500391e-05
2.802052413345500391e-05
2.802052413345500391e-05
2.802052413345500391e-05
2.802052413345500391e-05
2.802052413345500391e-05
2.802052413345500391e-05
2.367335295320166427e-05
2.367335295320166427e-05
2.367335295320166427e-05
2.367335295320166427e-05
2.367335295320166427e-05
2.367335295320166427e-05
2.367335295320166427e-05
2.367335295320166427e-05
2.776258130346772609e-05
2.776258130346772609e-05
2.776258130346772609e-05
2.776258130346772609e-05
2.776258130346772609e-05
2.776258130346772609e-05
2.776258130346772609e-05
2.776258130346772609e-05
2.587388220478774908e-05
2.587388220478774908e-05
2.587388220478774908e-05
2.587388220478774908e-05
2.587388220478774908e-05
2.587388220478774908e-05
2.587388220478774908e-05
2.587388220478774908e-05
2.582428251774404414e-05
2.582428251774404414e-05
2.582428251774404414e-05
2.582428251774404414e-05
2.582428251774404414e-05
2.582428251774404414e-05
2.582428251774404414e-05
2.582428251774404414e-05
2.370114511764750845e-05
2.370114511764750845e-05
2.370114511764750845e-05
2.370114511764750845e-05
2.370114511764750845e-05
2.370114511764750845e-05
2.370114511764750845e-05
2.370114511764750845e-05
2.562764885883616134e-05
2.562764885883616134e-05
2.562764885883616134e-05
2.562764885883616134e-05
2.562764885883616134e-05
2.562764885883616134e-05
2.562764885883616134e-05
2.562764885883616134e-05
2.460405372458928156e-05
2.460405372458928156e-05
2.460405372458928156e-05
2.460405372458928156e-05
2.460405372458928156e-05
2.460405372458928156e-05
2.460405372458928156e-05
2.460405372458928156e-05
2.384325436760490626e-05
2.384325436760490626e-05
2.384325436760490626e-05
2.384325436760490626e-05
2.384325436760490626e-05
2.384325436760490626e-05
2.384325436760490626e-05
2.384325436760490626e-05
2.671249416846121163e-05
2.671249416846121163e-05
2.671249416846121163e-05
2.671249416846121163e-05
2.671249416846121163e-05
2.671249416846121163e-05
2.671249416846121163e-05
2.671249416846121163e-05
2.523162795975822774e-05
2.523162795975822774e-05
2.523162795975822774e-05
2.523162795975822774e-05
2.523162795975822774e-05
2.523162795975822774e-05
2.523162795975822774e-05
2.523162795975822774e-05
2.356011673513195523e-05
2.356011673513195523e-05
2.356011673513195523e-05
2.356011673513195523e-05
2.356011673513195523e-05
2.356011673513195523e-05
2.356011673513195523e-05
2.356011673513195523e-05
2.400282791047986597e-05
2.400282791047986597e-05
2.400282791047986597e-05
2.400282791047986597e-05
2.400282791047986597e-05
2.400282791047986597e-05
2.400282791047986597e-05
2.400282791047986597e-05
2.197472922592604280e-05
2.197472922592604280e-05
2.197472922592604280e-05
2.197472922592604280e-05
2.197472922592604280e-05
2.197472922592604280e-05
2.197472922592604280e-05
2.197472922592604280e-05
2.320678962220568600e-05
2.320678962220568600e-05
2.320678962220568600e-05
2.320678962220568600e-05
2.320678962220568600e-05
2.320678962220568600e-05
2.320678962220568600e-05
2.320678962220568600e-05
2.174548028819423150e-05
2.174548028819423150e-05
2.174548028819423150e-05
2.174548028819423150e-05
2.174548028819423150e-05
2.174548028819423150e-05
2.174548028819423150e-05
2.174548028819423150e-05
2.064842344884107819e-05
2.064842344884107819e-05
2.064842344884107819e-05
2.064842344884107819e-05
2.064842344884107819e-05
2.064842344884107819e-05
2.064842344884107819e-05
2.064842344884107819e-05
2.335105044364269540e-05
2.335105044364269540e-05
2.335105044364269540e-05
2.335105044364269540e-05
2.335105044364269540e-05
2.335105044364269540e-05
2.335105044364269540e-05
2.335105044364269540e-05
2.147783988163989415e-05
2.147783988163989415e-05
2.147783988163989415e-05
2.147783988163989415e-05
2.147783988163989415e-05
2.147783988163989415e-05
2.147783988163989415e-05
2.147783988163989415e-05
2.087301802826601880e-05
2.087301802826601880e-05
2.087301802826601880e-05
2.087301802826601880e-05
2.087301802826601880e-05
2.087301802826601880e-05
2.087301802826601880e-05
2.087301802826601880e-05
2.148493994116195847e-05
2.148493994116195847e-05
2.148493994116195847e-05
2.148493994116195847e-05
2.148493994116195847e-05
2.148493994116195847e-05
2.148493994116195847e-05
2.148493994116195847e-05
2.058245361503574210e-05
2.058245361503574210e-05
2.058245361503574210e-05
2.058245361503574210e-05
2.058245361503574210e-05
2.058245361503574210e-05
2.058245361503574210e-05
2.058245361503574210e-05
2.083026988419166056e-05
2.083026988419166056e-05
2.083026988419166056e-05
2.083026988419166056e-05
2.083026988419166056e-05
2.083026988419166056e-05
2.083026988419166056e-05
2.083026988419166056e-05
2.305838087893700695e-05
2.305838087893700695e-05
2.305838087893700695e-05
2.305838087893700695e-05
2.305838087893700695e-05
2.305838087893700695e-05
2.305838087893700695e-05
2.305838087893700695e-05
2.085047407907423417e-05
2.085047407907423417e-05
2.085047407907423417e-05
2.085047407907423417e-05
2.085047407907423417e-05
2.085047407907423417e-05
2.085047407907423417e-05
2.085047407907423417e-05
2.095709918288341921e-05
2.095709918288341921e-05
2.095709918288341921e-05
2.095709918288341921e-05
2.095709918288341921e-05
2.095709918288341921e-05
2.095709918288341921e-05
2.095709918288341921e-05
1.979928078078046680e-05
1.979928078078046680e-05
1.979928078078046680e-05
1.979928078078046680e-05
1.979928078078046680e-05
1.979928078078046680e-05
1.979928078078046680e-05
1.979928078078046680e-05
1.839575018353496773e-05
1.839575018353496773e-05
1.839575018353496773e-05
1.839575018353496773e-05
1.839575018353496773e-05
1.839575018353496773e-05
1.839575018353496773e-05
1.839575018353496773e-05
1.945673572092627073e-05
1.945673572092627073e-05
1.945673572092627073e-05
1.945673572092627073e-05
1.945673572092627073e-05
1.945673572092627073e-05
1.945673572092627073e-05
1.945673572092627073e-05
1.756601602907946572e-05
1.756601602907946572e-05
1.756601602907946572e-05
1.756601602907946572e-05
1.756601602907946572e-05
1.756601602907946572e-05
1.756601602907946572e-05
1.756601602907946572e-05
1.822368469701598137e-05
1.822368469701598137e-05
1.822368469701598137e-05
1.822368469701598137e-05
1.822368469701598137e-05
1.822368469701598137e-05
1.822368469701598137e-05
1.822368469701598137e-05
1.690650135487270766e-05
1.690650135487270766e-05
1.690650135487270766e-05
1.690650135487270766e-05
1.690650135487270766e-05
1.690650135487270766e-05
1.690650135487270766e-05
1.690650135487270766e-05
1.720317228779857826e-05
1.720317228779857826e-05
1.720317228779857826e-05
1.720317228779857826e-05
1.720317228779857826e-05
1.720317228779857826e-05
1.720317228779857826e-05
1.720317228779857826e-05
1.886319443238981748e-05
1.886319443238981748e-05
1.886319443238981748e-05
1.886319443238981748e-05
1.886319443238981748e-05
1.886319443238981748e-05
1.886319443238981748e-05
1.886319443238981748e-05
1.780358646179085180e-05
1.780358646179085180e-05
1.780358646179085180e-05
1.780358646179085180e-05
1.780358646179085180e-05
1.780358646179085180e-05
1.780358646179085180e-05
1.780358646179085180e-05
1.739079773649747669e-05
1.739079773649747669e-05
1.739079773649747669e-05
1.739079773649747669e-05
1.739079773649747669e-05
1.739079773649747669e-05
1.739079773649747669e-05
1.739079773649747669e-05
1.736007330244924082e-05
1.736007330244924082e-05
1.736007330244924082e-05
1.736007330244924082e-05
1.736007330244924082e-05
1.736007330244924082e-05
1.736007330244924082e-05
1.736007330244924082e-05
1.806292030721432429e-05
1.806292030721432429e-05
1.806292030721432429e-05
1.806292030721432429e-05
1.806292030721432429e-05
1.806292030721432429e-05
1.806292030721432429e-05
1.806292030721432429e-05
1.656097690070227330e-05
1.656097690070227330e-05
1.656097690070227330e-05
1.656097690070227330e-05
1.656097690070227330e-05
1.656097690070227330e-05
1.656097690070227330e-05
1.656097690070227330e-05
1.643063853562844889e-05
1.643063853562844889e-05
1.643063853562844889e-05
1.643063853562844889e-05
1.643063853562844889e-05
1.643063853562844889e-05
1.643063853562844889e-05
1.643063853562844889e-05
1.602465887506700462e-05
1.602465887506700462e-05
1.602465887506700462e-05
1.602465887506700462e-05
1.602465887506700462e-05
1.602465887506700462e-05
1.602465887506700462e-05
1.602465887506700462e-05
1.534399435398589142e-05
1.534399435398589142e-05
1.534399435398589142e-05
1.534399435398589142e-05
1.534399435398589142e-05
1.534399435398589142e-05
1.534399435398589142e-05
1.534399435398589142e-05
1.605349497373830694e-05
1.605349497373830694e-05
1.605349497373830694e-05
1.605349497373830694e-05
1.605349497373830694e-05
1.605349497373830694e-05
1.605349497373830694e-05
1.605349497373830694e-05
1.509524185616471584e-05
1.509524185616471584e-05
1.509524185616471584e-05
1.509524185616471584e-05
1.509524185616471584e-05
1.509524185616471584e-05
1.509524185616471584e-05
1.509524185616471584e-05
1.544183329742345473e-05
1.544183329742345473e-05
1.544183329742345473e-05
1.544183329742345473e-05
1.544183329742345473e-05
1.544183329742345473e-05
1.544183329742345473e-05
1.544183329742345473e-05
1.625363172713574985e-05
1.625363172713574985e-05
1.625363172713574985e-05
1.625363172713574985e-05
1.625363172713574985e-05
1.625363172713574985e-05
1.625363172713574985e-05
1.625363172713574985e-05
1.625702360544524237e-05
1.625702360544524237e-05
1.625702360544524237e-05
1.625702360544524237e-05
1.625702360544524237e-05
1.625702360544524237e-05
1.625702360544524237e-05
1.625702360544524237e-05
1.513866034927352436e-05
1.513866034927352436e-05
1.513866034927352436e-05
1.513866034927352436e-05
1.513866034927352436e-05
1.513866034927352436e-05
1.513866034927352436e-05
1.513866034927352436e-05
1.523330427427930017e-05
1.523330427427930017e-05
1.523330427427930017e-05
1.523330427427930017e-05
1.523330427427930017e-05
1.523330427427930017e-05
1.523330427427930017e-05
1.523330427427930017e-05
1.580985172328628732e-05
1.580985172328628732e-05
1.580985172328628732e-05
1.580985172328628732e-05
1.580985172328628732e-05
1.580985172328628732e-05
1.580985172328628732e-05
1.580985172328628732e-05
1.436220282965170746e-05
1.436220282965170746e-05
1.436220282965170746e-05
1.436220282965170746e-05
1.436220282965170746e-05
1.436220282965170746e-05
1.436220282965170746e-05
1.436220282965170746e-05
1.429513786951069542e-05
1.429513786951069542e-05
1.429513786951069542e-05
1.429513786951069542e-05
1.429513786951069542e-05
1.429513786951069542e-05
1.429513786951069542e-05
1.429513786951069542e-05
1.463939640757730734e-05
1.463939640757730734e-05
1.463939640757730734e-05
1.463939640757730734e-05
1.463939640757730734e-05
1.463939640757730734e-05
1.463939640757730734e-05
1.463939640757730734e-05
1.364026891186955308e-05
1.364026891186955308e-05
1.364026891186955308e-05
1.364026891186955308e-05
1.364026891186955308e-05
1.364026891186955308e-05
1.364026891186955308e-05
1.364026891186955308e-05
1.447353951936906612e-05
1.447353951936906612e-05
1.447353951936906612e-05
1.447353951936906612e-05
1.447353951936906612e-05
1.447353951936906612e-05
1.447353951936906612e-05
1.447353951936906612e-05
1.319787623958104870e-05
1.319787623958104870e-05
1.319787623958104870e-05
1.319787623958104870e-05
1.319787623958104870e-05
1.319787623958104870e-05
1.319787623958104870e-05
1.319787623958104870e-05
1.286502380563762303e-05
1.286502380563762303e-05
1.286502380563762303e-05
1.286502380563762303e-05
1.286502380563762303e-05
1.286502380563762303e-05
1.286502380563762303e-05
1.286502380563762303e-05
1.306403804964457010e-05
1.306403804964457010e-05
1.306403804964457010e-05
1.306403804964457010e-05
1.306403804964457010e-05
1.306403804964457010e-05
1.306403804964457010e-05
1.306403804964457010e-05
1.167301199920298032e-05
1.167301199920298032e-05
1.167301199920298032e-05
1.167301199920298032e-05
1.167301199920298032e-05
1.167301199920298032e-05
1.167301199920298032e-05
1.167301199920298032e-05
1.395803294210410319e-05
1.395803294210410319e-05
1.395803294210410319e-05
1.395803294210410319e-05
1.395803294210410319e-05
1.395803294210410319e-05
1.395803294210410319e-05
1.395803294210410319e-05
1.317763304893099538e-05
1.317763304893099538e-05
1.317763304893099538e-05
1.317763304893099538e-05
1.317763304893099538e-05
1.317763304893099538e-05
1.317763304893099538e-05
1.317763304893099538e-05
1.158393428017682237e-05
1.158393428017682237e-05
1.158393428017682237e-05
1.158393428017682237e-05
1.158393428017682237e-05
1.158393428017682237e-05
1.158393428017682237e-05
1.158393428017682237e-05
1.227692226677366488e-05
1.227692226677366488e-05
1.227692226677366488e-05
1.227692226677366488e-05
1.227692226677366488e-05
1.227692226677366488e-05
1.227692226677366488e-05
1.227692226677366488e-05
1.303647997309102356e-05
1.303647997309102356e-05
1.303647997309102356e-05
1.303647997309102356e-05
1.303647997309102356e-05
1.303647997309102356e-05
1.303647997309102356e-05
1.303647997309102356e-05
1.169727187380167660e-05
1.169727187380167660e-05
1.169727187380167660e-05
1.169727187380167660e-05
1.169727187380167660e-05
1.169727187380167660e-05
1.169727187380167660e-05
1.169727187380167660e-05
1.092887470091066355e-05
1.092887470091066355e-05
1.092887470091066355e-05
1.092887470091066355e-05
1.092887470091066355e-05
1.092887470091066355e-05
1.092887470091066355e-05
1.092887470091066355e-05
1.156496305511990063e-05
1.156496305511990063e-05
1.156496305511990063e-05
1.156496305511990063e-05
1.156496305511990063e-05
1.156496305511990063e-05
1.156496305511990063e-05
1.156496305511990063e-05
1.190795441618907891e-05
1.190795441618907891e-05
1.190795441618907891e-05
1.190795441618907891e-05
1.190795441618907891e-05
1.190795441618907891e-05
1.190795441618907891e-05
1.190795441618907891e-05
1.312424007845369241e-05
1.312424007845369241e-05
1.312424007845369241e-05
1.312424007845369241e-05
1.312424007845369241e-05
1.312424007845369241e-05
1.312424007845369241e-05
1.312424007845369241e-05
1.200165190489998164e-05
1.200165190489998164e-05
1.200165190489998164e-05
1.200165190489998164e-05
1.200165190489998164e-05
1.200165190489998164e-05
1.200165190489998164e-05
1.200165190489998164e-05
1.218157541062348055e-05
1.218157541062348055e-05
1.218157541062348055e-05
1.218157541062348055e-05
1.218157541062348055e-05
1.218157541062348055e-05
1.218157541062348055e-05
1.218157541062348055e-05
1.271650591761240768e-05
1.271650591761240768e-05
1.271650591761240768e-05
1.271650591761240768e-05
1.271650591761240768e-05
1.271650591761240768e-05
1.271650591761240768e-05
1.271650591761240768e-05
1.199737104447618254e-05
1.199737104447618254e-05
1.199737104447618254e-05
1.199737104447618254e-05
1.199737104447618254e-05
1.199737104447618254e-05
1.199737104447618254e-05
1.199737104447618254e-05
1.128770646493676433e-05
1.128770646493676433e-05
1.128770646493676433e-05
1.128770646493676433e-05
1.128770646493676433e-05
1.128770646493676433e-05
1.128770646493676433e-05
1.128770646493676433e-05
1.251838617993287150e-05
1.251838617993287150e-05
1.251838617993287150e-05
1.251838617993287150e-05
1.251838617993287150e-05
1.251838617993287150e-05
1.251838617993287150e-05
1.251838617993287150e-05
1.016663744679844786e-05
1.016663744679844786e-05
1.016663744679844786e-05
1.016663744679844786e-05
1.016663744679844786e-05
1.016663744679844786e-05
1.016663744679844786e-05
1.016663744679844786e-05
1.126216318456808022e-05
1.126216318456808022e-05
1.126216318456808022e-05
1.126216318456808022e-05
1.126216318456808022e-05
1.126216318456808022e-05
1.126216318456808022e-05
1.126216318456808022e-05
1.111724052419435603e-05
1.111724052419435603e-05
1.111724052419435603e-05
1.111724052419435603e-05
1.111724052419435603e-05
1.111724052419435603e-05
1.111724052419435603e-05
1.111724052419435603e-05
9.605801989081019459e-06
9.605801989081019459e-06
9.605801989081019459e-06
9.605801989081019459e-06
9.605801989081019459e-06
9.605801989081019459e-06
9.605801989081019459e-06
9.605801989081019459e-06
1.058096608444199810e-05
1.058096608444199810e-05
1.058096608444199810e-05
1.058096608444199810e-05
1.058096608444199810e-05
1.058096608444199810e-05
1.058096608444199810e-05
1.058096608444199810e-05
1.102608466007645915e-05
1.102608466007645915e-05
1.102608466007645915e-05
1.102608466007645915e-05
1.102608466007645915e-05
1.102608466007645915e-05
1.102608466007645915e-05
1.102608466007645915e-05
9.810781796568090364e-06
9.810781796568090364e-06
9.810781796568090364e-06
9.810781796568090364e-06
9.810781796568090364e-06
9.810781796568090364e-06
