2.768675199713065485e-05
2.768675199713065485e-05
2.768675199713065485e-05
2.768675199713065485e-05
2.768675199713065485e-05
2.768675199713065485e-05
2.768675199713065485e-05
2.768675199713065485e-05
5.063871004873570678e-06
5.063871004873570678e-06
5.063871004873570678e-06
5.063871004873570678e-06
5.063871004873570678e-06
5.063871004873570678e-06
5.063871004873570678e-06
5.063871004873570678e-06
2.329257986404028933e-06
2.329257986404028933e-06
2.329257986404028933e-06
2.329257986404028933e-06
2.329257986404028933e-06
2.329257986404028933e-06
2.329257986404028933e-06
2.329257986404028933e-06
2.192140288751633082e-06
2.192140288751633082e-06
2.192140288751633082e-06
2.192140288751633082e-06
2.192140288751633082e-06
2.192140288751633082e-06
2.192140288751633082e-06
2.192140288751633082e-06
2.099585865980868869e-06
2.099585865980868869e-06
2.099585865980868869e-06
2.099585865980868869e-06
2.099585865980868869e-06
2.099585865980868869e-06
2.099585865980868869e-06
2.099585865980868869e-06
2.057380910303968344e-06
2.057380910303968344e-06
2.057380910303968344e-06
2.057380910303968344e-06
2.057380910303968344e-06
2.057380910303968344e-06
2.057380910303968344e-06
2.057380910303968344e-06
2.066193028868515318e-06
2.066193028868515318e-06
2.066193028868515318e-06
2.066193028868515318e-06
2.066193028868515318e-06
2.066193028868515318e-06
2.066193028868515318e-06
2.066193028868515318e-06
2.026728233901191215e-06
2.026728233901191215e-06
2.026728233901191215e-06
2.026728233901191215e-06
2.026728233901191215e-06
2.026728233901191215e-06
2.026728233901191215e-06
2.026728233901191215e-06
1.986362905971474114e-06
1.986362905971474114e-06
1.986362905971474114e-06
1.986362905971474114e-06
1.986362905971474114e-06
1.986362905971474114e-06
1.986362905971474114e-06
1.986362905971474114e-06
1.954563912195437874e-06
1.954563912195437874e-06
1.954563912195437874e-06
1.954563912195437874e-06
1.954563912195437874e-06
1.954563912195437874e-06
1.954563912195437874e-06
1.954563912195437874e-06
1.912505901569434440e-06
1.912505901569434440e-06
1.912505901569434440e-06
1.912505901569434440e-06
1.912505901569434440e-06
1.912505901569434440e-06
1.912505901569434440e-06
1.912505901569434440e-06
1.880303388015888674e-06
1.880303388015888674e-06
1.880303388015888674e-06
1.880303388015888674e-06
1.880303388015888674e-06
1.880303388015888674e-06
1.880303388015888674e-06
1.880303388015888674e-06
1.798232145987055568e-06
1.798232145987055568e-06
1.798232145987055568e-06
1.798232145987055568e-06
1.798232145987055568e-06
1.798232145987055568e-06
1.798232145987055568e-06
1.798232145987055568e-06
1.773504524586273370e-06
1.773504524586273370e-06
1.773504524586273370e-06
1.773504524586273370e-06
1.773504524586273370e-06
1.773504524586273370e-06
1.773504524586273370e-06
1.773504524586273370e-06
1.740635969395070397e-06
1.740635969395070397e-06
1.740635969395070397e-06
1.740635969395070397e-06
1.740635969395070397e-06
1.740635969395070397e-06
1.740635969395070397e-06
1.740635969395070397e-06
1.696086456789983741e-06
1.696086456789983741e-06
1.696086456789983741e-06
1.696086456789983741e-06
1.696086456789983741e-06
1.696086456789983741e-06
1.696086456789983741e-06
1.696086456789983741e-06
1.697167825560421027e-06
1.697167825560421027e-06
1.697167825560421027e-06
1.697167825560421027e-06
1.697167825560421027e-06
1.697167825560421027e-06
1.697167825560421027e-06
1.697167825560421027e-06
1.647826136541069471e-06
1.647826136541069471e-06
1.647826136541069471e-06
1.647826136541069471e-06
1.647826136541069471e-06
1.647826136541069471e-06
1.647826136541069471e-06
1.647826136541069471e-06
1.601525046440502499e-06
1.601525046440502499e-06
1.601525046440502499e-06
1.601525046440502499e-06
1.601525046440502499e-06
1.601525046440502499e-06
1.601525046440502499e-06
1.601525046440502499e-06
1.629705064227365230e-06
1.629705064227365230e-06
1.629705064227365230e-06
1.629705064227365230e-06
1.629705064227365230e-06
1.629705064227365230e-06
1.629705064227365230e-06
1.629705064227365230e-06
1.581140112684832297e-06
1.581140112684832297e-06
1.581140112684832297e-06
1.581140112684832297e-06
1.581140112684832297e-06
1.581140112684832297e-06
1.581140112684832297e-06
1.581140112684832297e-06
1.560718399419495480e-06
1.560718399419495480e-06
1.560718399419495480e-06
1.560718399419495480e-06
1.560718399419495480e-06
1.560718399419495480e-06
1.560718399419495480e-06
1.560718399419495480e-06
1.521473732342727917e-06
1.521473732342727917e-06
1.521473732342727917e-06
1.521473732342727917e-06
1.521473732342727917e-06
1.521473732342727917e-06
1.521473732342727917e-06
1.521473732342727917e-06
1.485905187968966206e-06
1.485905187968966206e-06
1.485905187968966206e-06
1.485905187968966206e-06
1.485905187968966206e-06
1.485905187968966206e-06
1.485905187968966206e-06
1.485905187968966206e-06
1.467752031393654016e-06
1.467752031393654016e-06
1.467752031393654016e-06
1.467752031393654016e-06
1.467752031393654016e-06
1.467752031393654016e-06
1.467752031393654016e-06
1.467752031393654016e-06
1.414709841102493527e-06
1.414709841102493527e-06
1.414709841102493527e-06
1.414709841102493527e-06
1.414709841102493527e-06
1.414709841102493527e-06
1.414709841102493527e-06
1.414709841102493527e-06
1.456427889043913779e-06
1.456427889043913779e-06
1.456427889043913779e-06
1.456427889043913779e-06
1.456427889043913779e-06
1.456427889043913779e-06
1.456427889043913779e-06
1.456427889043913779e-06
1.375038813470712347e-06
1.375038813470712347e-06
1.375038813470712347e-06
1.375038813470712347e-06
1.375038813470712347e-06
1.375038813470712347e-06
1.375038813470712347e-06
1.375038813470712347e-06
1.392564229268589024e-06
1.392564229268589024e-06
1.392564229268589024e-06
1.392564229268589024e-06
1.392564229268589024e-06
1.392564229268589024e-06
1.392564229268589024e-06
1.392564229268589024e-06
1.363978360694648592e-06
1.363978360694648592e-06
1.363978360694648592e-06
1.363978360694648592e-06
1.363978360694648592e-06
1.363978360694648592e-06
1.363978360694648592e-06
1.363978360694648592e-06
1.334569842845934320e-06
1.334569842845934320e-06
1.334569842845934320e-06
1.334569842845934320e-06
1.334569842845934320e-06
1.334569842845934320e-06
1.334569842845934320e-06
1.334569842845934320e-06
1.344843939553129097e-06
1.344843939553129097e-06
1.344843939553129097e-06
1.344843939553129097e-06
1.344843939553129097e-06
1.344843939553129097e-06
1.344843939553129097e-06
1.344843939553129097e-06
1.323924646022034481e-06
1.323924646022034481e-06
1.323924646022034481e-06
1.323924646022034481e-06
1.323924646022034481e-06
1.323924646022034481e-06
1.323924646022034481e-06
1.323924646022034481e-06
1.328660834794016833e-06
1.328660834794016833e-06
1.328660834794016833e-06
1.328660834794016833e-06
1.328660834794016833e-06
1.328660834794016833e-06
1.328660834794016833e-06
1.328660834794016833e-06
1.338247899441834366e-06
1.338247899441834366e-06
1.338247899441834366e-06
1.338247899441834366e-06
1.338247899441834366e-06
1.338247899441834366e-06
1.338247899441834366e-06
1.338247899441834366e-06
1.296353502967329502e-06
1.296353502967329502e-06
1.296353502967329502e-06
1.296353502967329502e-06
1.296353502967329502e-06
1.296353502967329502e-06
1.296353502967329502e-06
1.296353502967329502e-06
1.323196417935478555e-06
1.323196417935478555e-06
1.323196417935478555e-06
1.323196417935478555e-06
1.323196417935478555e-06
1.323196417935478555e-06
1.323196417935478555e-06
1.323196417935478555e-06
1.307500618407733808e-06
1.307500618407733808e-06
1.307500618407733808e-06
1.307500618407733808e-06
1.307500618407733808e-06
1.307500618407733808e-06
1.307500618407733808e-06
1.307500618407733808e-06
1.289844549937743875e-06
1.289844549937743875e-06
1.289844549937743875e-06
1.289844549937743875e-06
1.289844549937743875e-06
1.289844549937743875e-06
1.289844549937743875e-06
1.289844549937743875e-06
1.276706120128002728e-06
1.276706120128002728e-06
1.276706120128002728e-06
1.276706120128002728e-06
1.276706120128002728e-06
1.276706120128002728e-06
1.276706120128002728e-06
1.276706120128002728e-06
1.288688875705196674e-06
1.288688875705196674e-06
1.288688875705196674e-06
1.288688875705196674e-06
1.288688875705196674e-06
1.288688875705196674e-06
1.288688875705196674e-06
1.288688875705196674e-06
1.287642639807494877e-06
1.287642639807494877e-06
1.287642639807494877e-06
1.287642639807494877e-06
1.287642639807494877e-06
1.287642639807494877e-06
1.287642639807494877e-06
1.287642639807494877e-06
1.285272126042475635e-06
1.285272126042475635e-06
1.285272126042475635e-06
1.285272126042475635e-06
1.285272126042475635e-06
1.285272126042475635e-06
1.285272126042475635e-06
1.285272126042475635e-06
1.259627455971906505e-06
1.259627455971906505e-06
1.259627455971906505e-06
1.259627455971906505e-06
1.259627455971906505e-06
1.259627455971906505e-06
1.259627455971906505e-06
1.259627455971906505e-06
1.271428980874990649e-06
1.271428980874990649e-06
1.271428980874990649e-06
1.271428980874990649e-06
1.271428980874990649e-06
1.271428980874990649e-06
1.271428980874990649e-06
1.271428980874990649e-06
1.268870681897325199e-06
1.268870681897325199e-06
1.268870681897325199e-06
1.268870681897325199e-06
1.268870681897325199e-06
1.268870681897325199e-06
1.268870681897325199e-06
1.268870681897325199e-06
1.291442832989310109e-06
1.291442832989310109e-06
1.291442832989310109e-06
1.291442832989310109e-06
1.291442832989310109e-06
1.291442832989310109e-06
1.291442832989310109e-06
1.291442832989310109e-06
1.286588260255079601e-06
1.286588260255079601e-06
1.286588260255079601e-06
1.286588260255079601e-06
1.286588260255079601e-06
1.286588260255079601e-06
1.286588260255079601e-06
1.286588260255079601e-06
1.284051590873550648e-06
1.284051590873550648e-06
1.284051590873550648e-06
1.284051590873550648e-06
1.284051590873550648e-06
1.284051590873550648e-06
1.284051590873550648e-06
1.284051590873550648e-06
1.290474240221399076e-06
1.290474240221399076e-06
1.290474240221399076e-06
1.290474240221399076e-06
1.290474240221399076e-06
1.290474240221399076e-06
1.290474240221399076e-06
1.290474240221399076e-06
1.315741901086919148e-06
1.315741901086919148e-06
1.315741901086919148e-06
1.315741901086919148e-06
1.315741901086919148e-06
1.315741901086919148e-06
1.315741901086919148e-06
1.315741901086919148e-06
1.280909081355330640e-06
1.280909081355330640e-06
1.280909081355330640e-06
1.280909081355330640e-06
1.280909081355330640e-06
1.280909081355330640e-06
1.280909081355330640e-06
1.280909081355330640e-06
1.304377548163663107e-06
1.304377548163663107e-06
1.304377548163663107e-06
1.304377548163663107e-06
1.304377548163663107e-06
1.304377548163663107e-06
1.304377548163663107e-06
1.304377548163663107e-06
1.295098998273902571e-06
1.295098998273902571e-06
1.295098998273902571e-06
1.295098998273902571e-06
1.295098998273902571e-06
1.295098998273902571e-06
1.295098998273902571e-06
1.295098998273902571e-06
1.319811358721436345e-06
1.319811358721436345e-06
1.319811358721436345e-06
1.319811358721436345e-06
1.319811358721436345e-06
1.319811358721436345e-06
1.319811358721436345e-06
1.319811358721436345e-06
1.338004795987234125e-06
1.338004795987234125e-06
1.338004795987234125e-06
1.338004795987234125e-06
1.338004795987234125e-06
1.338004795987234125e-06
1.338004795987234125e-06
1.338004795987234125e-06
1.357326616501494431e-06
1.357326616501494431e-06
1.357326616501494431e-06
1.357326616501494431e-06
1.357326616501494431e-06
1.357326616501494431e-06
1.357326616501494431e-06
1.357326616501494431e-06
1.390547908125648658e-06
1.390547908125648658e-06
1.390547908125648658e-06
1.390547908125648658e-06
1.390547908125648658e-06
1.390547908125648658e-06
1.390547908125648658e-06
1.390547908125648658e-06
1.387950736597002063e-06
1.387950736597002063e-06
1.387950736597002063e-06
1.387950736597002063e-06
1.387950736597002063e-06
1.387950736597002063e-06
1.387950736597002063e-06
1.387950736597002063e-06
1.400430065000487757e-06
1.400430065000487757e-06
1.400430065000487757e-06
1.400430065000487757e-06
1.400430065000487757e-06
1.400430065000487757e-06
1.400430065000487757e-06
1.400430065000487757e-06
1.407736924579943332e-06
1.407736924579943332e-06
1.407736924579943332e-06
1.407736924579943332e-06
1.407736924579943332e-06
1.407736924579943332e-06
1.407736924579943332e-06
1.407736924579943332e-06
1.423010299652934032e-06
1.423010299652934032e-06
1.423010299652934032e-06
1.423010299652934032e-06
1.423010299652934032e-06
1.423010299652934032e-06
1.423010299652934032e-06
1.423010299652934032e-06
1.425539767827493903e-06
1.425539767827493903e-06
1.425539767827493903e-06
1.425539767827493903e-06
1.425539767827493903e-06
1.425539767827493903e-06
1.425539767827493903e-06
1.425539767827493903e-06
1.456845242978697837e-06
1.456845242978697837e-06
1.456845242978697837e-06
1.456845242978697837e-06
1.456845242978697837e-06
1.456845242978697837e-06
1.456845242978697837e-06
1.456845242978697837e-06
1.462911229777802165e-06
1.462911229777802165e-06
1.462911229777802165e-06
1.462911229777802165e-06
1.462911229777802165e-06
1.462911229777802165e-06
1.462911229777802165e-06
1.462911229777802165e-06
1.504253112906381475e-06
1.504253112906381475e-06
1.504253112906381475e-06
1.504253112906381475e-06
1.504253112906381475e-06
1.504253112906381475e-06
1.504253112906381475e-06
1.504253112906381475e-06
1.563271107305722395e-06
1.563271107305722395e-06
1.563271107305722395e-06
1.563271107305722395e-06
1.563271107305722395e-06
1.563271107305722395e-06
1.563271107305722395e-06
1.563271107305722395e-06
1.603069855058996451e-06
1.603069855058996451e-06
1.603069855058996451e-06
1.603069855058996451e-06
1.603069855058996451e-06
1.603069855058996451e-06
1.603069855058996451e-06
1.603069855058996451e-06
1.636747584031144726e-06
1.636747584031144726e-06
1.636747584031144726e-06
1.636747584031144726e-06
1.636747584031144726e-06
1.636747584031144726e-06
1.636747584031144726e-06
1.636747584031144726e-06
1.601528968951021578e-06
1.601528968951021578e-06
1.601528968951021578e-06
1.601528968951021578e-06
1.601528968951021578e-06
1.601528968951021578e-06
1.601528968951021578e-06
1.601528968951021578e-06
1.624481375005342617e-06
1.624481375005342617e-06
1.624481375005342617e-06
1.624481375005342617e-06
1.624481375005342617e-06
1.624481375005342617e-06
1.624481375005342617e-06
1.624481375005342617e-06
1.672939282171691342e-06
1.672939282171691342e-06
1.672939282171691342e-06
1.672939282171691342e-06
1.672939282171691342e-06
1.672939282171691342e-06
1.672939282171691342e-06
1.672939282171691342e-06
1.635587699581593377e-06
1.635587699581593377e-06
1.635587699581593377e-06
1.635587699581593377e-06
1.635587699581593377e-06
1.635587699581593377e-06
1.635587699581593377e-06
1.635587699581593377e-06
1.749754982328882698e-06
1.749754982328882698e-06
1.749754982328882698e-06
1.749754982328882698e-06
1.749754982328882698e-06
1.749754982328882698e-06
1.749754982328882698e-06
1.749754982328882698e-06
1.732791498729413768e-06
1.732791498729413768e-06
1.732791498729413768e-06
1.732791498729413768e-06
1.732791498729413768e-06
1.732791498729413768e-06
1.732791498729413768e-06
1.732791498729413768e-06
1.749186424831777679e-06
1.749186424831777679e-06
1.749186424831777679e-06
1.749186424831777679e-06
1.749186424831777679e-06
1.749186424831777679e-06
1.749186424831777679e-06
1.749186424831777679e-06
1.813121645608939302e-06
1.813121645608939302e-06
1.813121645608939302e-06
1.813121645608939302e-06
1.813121645608939302e-06
1.813121645608939302e-06
1.813121645608939302e-06
1.813121645608939302e-06
1.752042976902429491e-06
1.752042976902429491e-06
1.752042976902429491e-06
1.752042976902429491e-06
1.752042976902429491e-06
1.752042976902429491e-06
1.752042976902429491e-06
1.752042976902429491e-06
1.773540314950109616e-06
1.773540314950109616e-06
1.773540314950109616e-06
1.773540314950109616e-06
1.773540314950109616e-06
1.773540314950109616e-06
1.773540314950109616e-06
1.773540314950109616e-06
1.957080750097355128e-06
1.957080750097355128e-06
1.957080750097355128e-06
1.957080750097355128e-06
1.957080750097355128e-06
1.957080750097355128e-06
1.957080750097355128e-06
1.957080750097355128e-06
1.869589562803286343e-06
1.869589562803286343e-06
1.869589562803286343e-06
1.869589562803286343e-06
1.869589562803286343e-06
1.869589562803286343e-06
1.869589562803286343e-06
1.869589562803286343e-06
2.063967903223992557e-06
2.063967903223992557e-06
2.063967903223992557e-06
2.063967903223992557e-06
2.063967903223992557e-06
2.063967903223992557e-06
2.063967903223992557e-06
2.063967903223992557e-06
2.125765958646538566e-06
2.125765958646538566e-06
2.125765958646538566e-06
2.125765958646538566e-06
2.125765958646538566e-06
2.125765958646538566e-06
2.125765958646538566e-06
2.125765958646538566e-06
2.054825630595889598e-06
2.054825630595889598e-06
2.054825630595889598e-06
2.054825630595889598e-06
2.054825630595889598e-06
2.054825630595889598e-06
2.054825630595889598e-06
2.054825630595889598e-06
2.134988781251784098e-06
2.134988781251784098e-06
2.134988781251784098e-06
2.134988781251784098e-06
2.134988781251784098e-06
2.134988781251784098e-06
2.134988781251784098e-06
2.134988781251784098e-06
2.028828286412314323e-06
2.028828286412314323e-06
2.028828286412314323e-06
2.028828286412314323e-06
2.028828286412314323e-06
2.028828286412314323e-06
2.028828286412314323e-06
2.028828286412314323e-06
2.160341428380920695e-06
2.160341428380920695e-06
2.160341428380920695e-06
2.160341428380920695e-06
2.160341428380920695e-06
2.160341428380920695e-06
2.160341428380920695e-06
2.160341428380920695e-06
2.066302335685194723e-06
2.066302335685194723e-06
2.066302335685194723e-06
2.066302335685194723e-06
2.066302335685194723e-06
2.066302335685194723e-06
2.066302335685194723e-06
2.066302335685194723e-06
2.102443931376992544e-06
2.102443931376992544e-06
2.102443931376992544e-06
2.102443931376992544e-06
2.102443931376992544e-06
2.102443931376992544e-06
2.102443931376992544e-06
2.102443931376992544e-06
2.183824244920791748e-06
2.183824244920791748e-06
2.183824244920791748e-06
2.183824244920791748e-06
2.183824244920791748e-06
2.183824244920791748e-06
2.183824244920791748e-06
2.183824244920791748e-06
2.275423775169325921e-06
2.275423775169325921e-06
2.275423775169325921e-06
2.275423775169325921e-06
2.275423775169325921e-06
2.275423775169325921e-06
2.275423775169325921e-06
2.275423775169325921e-06
2.266280690831424092e-06
2.266280690831424092e-06
2.266280690831424092e-06
2.266280690831424092e-06
2.266280690831424092e-06
2.266280690831424092e-06
2.266280690831424092e-06
2.266280690831424092e-06
2.409024527846648677e-06
2.409024527846648677e-06
2.409024527846648677e-06
2.409024527846648677e-06
2.409024527846648677e-06
2.409024527846648677e-06
