1.162812892694226042e-04
1.162812892694226042e-04
1.162812892694226042e-04
1.162812892694226042e-04
1.162812892694226042e-04
1.162812892694226042e-04
1.162812892694226042e-04
1.162812892694226042e-04
2.109861299752626107e-05
2.109861299752626107e-05
2.109861299752626107e-05
2.109861299752626107e-05
2.109861299752626107e-05
2.109861299752626107e-05
2.109861299752626107e-05
2.109861299752626107e-05
9.938679231204367839e-06
9.938679231204367839e-06
9.938679231204367839e-06
9.938679231204367839e-06
9.938679231204367839e-06
9.938679231204367839e-06
9.938679231204367839e-06
9.938679231204367839e-06
9.118343518628522275e-06
9.118343518628522275e-06
9.118343518628522275e-06
9.118343518628522275e-06
9.118343518628522275e-06
9.118343518628522275e-06
9.118343518628522275e-06
9.118343518628522275e-06
1.107789240503918431e-05
1.107789240503918431e-05
1.107789240503918431e-05
1.107789240503918431e-05
1.107789240503918431e-05
1.107789240503918431e-05
1.107789240503918431e-05
1.107789240503918431e-05
1.106085599533714875e-05
1.106085599533714875e-05
1.106085599533714875e-05
1.106085599533714875e-05
1.106085599533714875e-05
1.106085599533714875e-05
1.106085599533714875e-05
1.106085599533714875e-05
1.275845636562361606e-05
1.275845636562361606e-05
1.275845636562361606e-05
1.275845636562361606e-05
1.275845636562361606e-05
1.275845636562361606e-05
1.275845636562361606e-05
1.275845636562361606e-05
1.331263595315494488e-05
1.331263595315494488e-05
1.331263595315494488e-05
1.331263595315494488e-05
1.331263595315494488e-05
1.331263595315494488e-05
1.331263595315494488e-05
1.331263595315494488e-05
1.308622789931031713e-05
1.308622789931031713e-05
1.308622789931031713e-05
1.308622789931031713e-05
1.308622789931031713e-05
1.308622789931031713e-05
1.308622789931031713e-05
1.308622789931031713e-05
1.389242045361978644e-05
1.389242045361978644e-05
1.389242045361978644e-05
1.389242045361978644e-05
1.389242045361978644e-05
1.389242045361978644e-05
1.389242045361978644e-05
1.389242045361978644e-05
1.483009205238505109e-05
1.483009205238505109e-05
1.483009205238505109e-05
1.483009205238505109e-05
1.483009205238505109e-05
1.483009205238505109e-05
1.483009205238505109e-05
1.483009205238505109e-05
1.561294123511714193e-05
1.561294123511714193e-05
1.561294123511714193e-05
1.561294123511714193e-05
1.561294123511714193e-05
1.561294123511714193e-05
1.561294123511714193e-05
1.561294123511714193e-05
1.544397446905002608e-05
1.544397446905002608e-05
1.544397446905002608e-05
1.544397446905002608e-05
1.544397446905002608e-05
1.544397446905002608e-05
1.544397446905002608e-05
1.544397446905002608e-05
1.793874955693445147e-05
1.793874955693445147e-05
1.793874955693445147e-05
1.793874955693445147e-05
1.793874955693445147e-05
1.793874955693445147e-05
1.793874955693445147e-05
1.793874955693445147e-05
1.780117314959537081e-05
1.780117314959537081e-05
1.780117314959537081e-05
1.780117314959537081e-05
1.780117314959537081e-05
1.780117314959537081e-05
1.780117314959537081e-05
1.780117314959537081e-05
1.832702547782023454e-05
1.832702547782023454e-05
1.832702547782023454e-05
1.832702547782023454e-05
1.832702547782023454e-05
1.832702547782023454e-05
1.832702547782023454e-05
1.832702547782023454e-05
2.104465081028614588e-05
2.104465081028614588e-05
2.104465081028614588e-05
2.104465081028614588e-05
2.104465081028614588e-05
2.104465081028614588e-05
2.104465081028614588e-05
2.104465081028614588e-05
1.978188260610485260e-05
1.978188260610485260e-05
1.978188260610485260e-05
1.978188260610485260e-05
1.978188260610485260e-05
1.978188260610485260e-05
1.978188260610485260e-05
1.978188260610485260e-05
2.271293190553888729e-05
2.271293190553888729e-05
2.271293190553888729e-05
2.271293190553888729e-05
2.271293190553888729e-05
2.271293190553888729e-05
2.271293190553888729e-05
2.271293190553888729e-05
2.160731539197365445e-05
2.160731539197365445e-05
2.160731539197365445e-05
2.160731539197365445e-05
2.160731539197365445e-05
2.160731539197365445e-05
2.160731539197365445e-05
2.160731539197365445e-05
2.924884746941990170e-05
2.924884746941990170e-05
2.924884746941990170e-05
2.924884746941990170e-05
2.924884746941990170e-05
2.924884746941990170e-05
2.924884746941990170e-05
2.924884746941990170e-05
2.394242971859639177e-05
2.394242971859639177e-05
2.394242971859639177e-05
2.394242971859639177e-05
2.394242971859639177e-05
2.394242971859639177e-05
2.394242971859639177e-05
2.394242971859639177e-05
2.946864652227978028e-05
2.946864652227978028e-05
2.946864652227978028e-05
2.946864652227978028e-05
2.946864652227978028e-05
2.946864652227978028e-05
2.946864652227978028e-05
2.946864652227978028e-05
2.926141246025169647e-05
2.926141246025169647e-05
2.926141246025169647e-05
2.926141246025169647e-05
2.926141246025169647e-05
2.926141246025169647e-05
2.926141246025169647e-05
2.926141246025169647e-05
3.203026555405776422e-05
3.203026555405776422e-05
3.203026555405776422e-05
3.203026555405776422e-05
3.203026555405776422e-05
3.203026555405776422e-05
3.203026555405776422e-05
3.203026555405776422e-05
3.403134116751875570e-05
3.403134116751875570e-05
3.403134116751875570e-05
3.403134116751875570e-05
3.403134116751875570e-05
3.403134116751875570e-05
3.403134116751875570e-05
3.403134116751875570e-05
3.548743602487691067e-05
3.548743602487691067e-05
3.548743602487691067e-05
3.548743602487691067e-05
3.548743602487691067e-05
3.548743602487691067e-05
3.548743602487691067e-05
3.548743602487691067e-05
4.086427974112522314e-05
4.086427974112522314e-05
4.086427974112522314e-05
4.086427974112522314e-05
4.086427974112522314e-05
4.086427974112522314e-05
4.086427974112522314e-05
4.086427974112522314e-05
4.072604587976429169e-05
4.072604587976429169e-05
4.072604587976429169e-05
4.072604587976429169e-05
4.072604587976429169e-05
4.072604587976429169e-05
4.072604587976429169e-05
4.072604587976429169e-05
4.105858296657425747e-05
4.105858296657425747e-05
4.105858296657425747e-05
4.105858296657425747e-05
4.105858296657425747e-05
4.105858296657425747e-05
4.105858296657425747e-05
4.105858296657425747e-05
4.471018496971316798e-05
4.471018496971316798e-05
4.471018496971316798e-05
4.471018496971316798e-05
4.471018496971316798e-05
4.471018496971316798e-05
4.471018496971316798e-05
4.471018496971316798e-05
4.661340010202184213e-05
4.661340010202184213e-05
4.661340010202184213e-05
4.661340010202184213e-05
4.661340010202184213e-05
4.661340010202184213e-05
4.661340010202184213e-05
4.661340010202184213e-05
4.623580241264589759e-05
4.623580241264589759e-05
4.623580241264589759e-05
4.623580241264589759e-05
4.623580241264589759e-05
4.623580241264589759e-05
4.623580241264589759e-05
4.623580241264589759e-05
5.420161898914764944e-05
5.420161898914764944e-05
5.420161898914764944e-05
5.420161898914764944e-05
5.420161898914764944e-05
5.420161898914764944e-05
5.420161898914764944e-05
5.420161898914764944e-05
5.344006583910339183e-05
5.344006583910339183e-05
5.344006583910339183e-05
5.344006583910339183e-05
5.344006583910339183e-05
5.344006583910339183e-05
5.344006583910339183e-05
5.344006583910339183e-05
5.841659116253451739e-05
5.841659116253451739e-05
5.841659116253451739e-05
5.841659116253451739e-05
5.841659116253451739e-05
5.841659116253451739e-05
5.841659116253451739e-05
5.841659116253451739e-05
6.953306273230856478e-05
6.953306273230856478e-05
6.953306273230856478e-05
6.953306273230856478e-05
6.953306273230856478e-05
6.953306273230856478e-05
6.953306273230856478e-05
6.953306273230856478e-05
6.230394610776235462e-05
6.230394610776235462e-05
6.230394610776235462e-05
6.230394610776235462e-05
6.230394610776235462e-05
6.230394610776235462e-05
6.230394610776235462e-05
6.230394610776235462e-05
5.983218361734656660e-05
5.983218361734656660e-05
5.983218361734656660e-05
5.983218361734656660e-05
5.983218361734656660e-05
5.983218361734656660e-05
5.983218361734656660e-05
5.983218361734656660e-05
6.688485626921958339e-05
6.688485626921958339e-05
6.688485626921958339e-05
6.688485626921958339e-05
6.688485626921958339e-05
6.688485626921958339e-05
6.688485626921958339e-05
6.688485626921958339e-05
6.428439158531554785e-05
6.428439158531554785e-05
6.428439158531554785e-05
6.428439158531554785e-05
6.428439158531554785e-05
6.428439158531554785e-05
6.428439158531554785e-05
6.428439158531554785e-05
6.225307713539216447e-05
6.225307713539216447e-05
6.225307713539216447e-05
6.225307713539216447e-05
6.225307713539216447e-05
6.225307713539216447e-05
6.225307713539216447e-05
6.225307713539216447e-05
9.282912550359691023e-05
9.282912550359691023e-05
9.282912550359691023e-05
9.282912550359691023e-05
9.282912550359691023e-05
9.282912550359691023e-05
9.282912550359691023e-05
9.282912550359691023e-05
6.938356819563192555e-05
6.938356819563192555e-05
6.938356819563192555e-05
6.938356819563192555e-05
6.938356819563192555e-05
6.938356819563192555e-05
6.938356819563192555e-05
6.938356819563192555e-05
7.609096371523555499e-05
7.609096371523555499e-05
7.609096371523555499e-05
7.609096371523555499e-05
7.609096371523555499e-05
7.609096371523555499e-05
7.609096371523555499e-05
7.609096371523555499e-05
8.167658903518532835e-05
8.167658903518532835e-05
8.167658903518532835e-05
8.167658903518532835e-05
8.167658903518532835e-05
8.167658903518532835e-05
8.167658903518532835e-05
8.167658903518532835e-05
8.284820995913111234e-05
8.284820995913111234e-05
8.284820995913111234e-05
8.284820995913111234e-05
8.284820995913111234e-05
8.284820995913111234e-05
8.284820995913111234e-05
8.284820995913111234e-05
1.172136044024491274e-04
1.172136044024491274e-04
1.172136044024491274e-04
1.172136044024491274e-04
1.172136044024491274e-04
1.172136044024491274e-04
1.172136044024491274e-04
1.172136044024491274e-04
9.732388544218902764e-05
9.732388544218902764e-05
9.732388544218902764e-05
9.732388544218902764e-05
9.732388544218902764e-05
9.732388544218902764e-05
9.732388544218902764e-05
9.732388544218902764e-05
1.130738007242370848e-04
1.130738007242370848e-04
1.130738007242370848e-04
1.130738007242370848e-04
1.130738007242370848e-04
1.130738007242370848e-04
1.130738007242370848e-04
1.130738007242370848e-04
1.184122032028277780e-04
1.184122032028277780e-04
1.184122032028277780e-04
1.184122032028277780e-04
1.184122032028277780e-04
1.184122032028277780e-04
1.184122032028277780e-04
1.184122032028277780e-04
1.257809868082836386e-04
1.257809868082836386e-04
1.257809868082836386e-04
1.257809868082836386e-04
1.257809868082836386e-04
1.257809868082836386e-04
1.257809868082836386e-04
1.257809868082836386e-04
1.254037979832831084e-04
1.254037979832831084e-04
1.254037979832831084e-04
1.254037979832831084e-04
1.254037979832831084e-04
1.254037979832831084e-04
1.254037979832831084e-04
1.254037979832831084e-04
1.098886945694990317e-04
1.098886945694990317e-04
1.098886945694990317e-04
1.098886945694990317e-04
1.098886945694990317e-04
1.098886945694990317e-04
1.098886945694990317e-04
1.098886945694990317e-04
1.090422207436090918e-04
1.090422207436090918e-04
1.090422207436090918e-04
1.090422207436090918e-04
1.090422207436090918e-04
1.090422207436090918e-04
1.090422207436090918e-04
1.090422207436090918e-04
1.326975156936726675e-04
1.326975156936726675e-04
1.326975156936726675e-04
1.326975156936726675e-04
1.326975156936726675e-04
1.326975156936726675e-04
1.326975156936726675e-04
1.326975156936726675e-04
1.427128088210030102e-04
1.427128088210030102e-04
1.427128088210030102e-04
1.427128088210030102e-04
1.427128088210030102e-04
1.427128088210030102e-04
1.427128088210030102e-04
1.427128088210030102e-04
1.583183645087745479e-04
1.583183645087745479e-04
1.583183645087745479e-04
1.583183645087745479e-04
1.583183645087745479e-04
1.583183645087745479e-04
1.583183645087745479e-04
1.583183645087745479e-04
1.662550722385946632e-04
1.662550722385946632e-04
1.662550722385946632e-04
1.662550722385946632e-04
1.662550722385946632e-04
1.662550722385946632e-04
1.662550722385946632e-04
1.662550722385946632e-04
1.369195381926627936e-04
1.369195381926627936e-04
1.369195381926627936e-04
1.369195381926627936e-04
1.369195381926627936e-04
1.369195381926627936e-04
1.369195381926627936e-04
1.369195381926627936e-04
1.610802566995633487e-04
1.610802566995633487e-04
1.610802566995633487e-04
1.610802566995633487e-04
1.610802566995633487e-04
1.610802566995633487e-04
1.610802566995633487e-04
1.610802566995633487e-04
1.347052835937003000e-04
1.347052835937003000e-04
1.347052835937003000e-04
1.347052835937003000e-04
1.347052835937003000e-04
1.347052835937003000e-04
1.347052835937003000e-04
1.347052835937003000e-04
1.462214261663601848e-04
1.462214261663601848e-04
1.462214261663601848e-04
1.462214261663601848e-04
1.462214261663601848e-04
1.462214261663601848e-04
1.462214261663601848e-04
1.462214261663601848e-04
1.667231589887536905e-04
1.667231589887536905e-04
1.667231589887536905e-04
1.667231589887536905e-04
1.667231589887536905e-04
1.667231589887536905e-04
1.667231589887536905e-04
1.667231589887536905e-04
2.252342234494084095e-04
2.252342234494084095e-04
2.252342234494084095e-04
2.252342234494084095e-04
2.252342234494084095e-04
2.252342234494084095e-04
2.252342234494084095e-04
2.252342234494084095e-04
1.682960176615503798e-04
1.682960176615503798e-04
1.682960176615503798e-04
1.682960176615503798e-04
1.682960176615503798e-04
1.682960176615503798e-04
1.682960176615503798e-04
1.682960176615503798e-04
2.093332377272797253e-04
2.093332377272797253e-04
2.093332377272797253e-04
2.093332377272797253e-04
2.093332377272797253e-04
2.093332377272797253e-04
2.093332377272797253e-04
2.093332377272797253e-04
1.968621398181506419e-04
1.968621398181506419e-04
1.968621398181506419e-04
1.968621398181506419e-04
1.968621398181506419e-04
1.968621398181506419e-04
1.968621398181506419e-04
1.968621398181506419e-04
1.761006956435451256e-04
1.761006956435451256e-04
1.761006956435451256e-04
1.761006956435451256e-04
1.761006956435451256e-04
1.761006956435451256e-04
1.761006956435451256e-04
1.761006956435451256e-04
2.293030916631034956e-04
2.293030916631034956e-04
2.293030916631034956e-04
2.293030916631034956e-04
2.293030916631034956e-04
2.293030916631034956e-04
2.293030916631034956e-04
2.293030916631034956e-04
2.578628890568126857e-04
2.578628890568126857e-04
2.578628890568126857e-04
2.578628890568126857e-04
2.578628890568126857e-04
2.578628890568126857e-04
2.578628890568126857e-04
2.578628890568126857e-04
2.673954652066274219e-04
2.673954652066274219e-04
2.673954652066274219e-04
2.673954652066274219e-04
2.673954652066274219e-04
2.673954652066274219e-04
2.673954652066274219e-04
2.673954652066274219e-04
2.363524113672325715e-04
2.363524113672325715e-04
2.363524113672325715e-04
2.363524113672325715e-04
2.363524113672325715e-04
2.363524113672325715e-04
2.363524113672325715e-04
2.363524113672325715e-04
3.080169988447342862e-04
3.080169988447342862e-04
3.080169988447342862e-04
3.080169988447342862e-04
3.080169988447342862e-04
3.080169988447342862e-04
3.080169988447342862e-04
3.080169988447342862e-04
3.173219418240982772e-04
3.173219418240982772e-04
3.173219418240982772e-04
3.173219418240982772e-04
3.173219418240982772e-04
3.173219418240982772e-04
3.173219418240982772e-04
3.173219418240982772e-04
2.472505863893044290e-04
2.472505863893044290e-04
2.472505863893044290e-04
2.472505863893044290e-04
2.472505863893044290e-04
2.472505863893044290e-04
2.472505863893044290e-04
2.472505863893044290e-04
3.398747287495470278e-04
3.398747287495470278e-04
3.398747287495470278e-04
3.398747287495470278e-04
3.398747287495470278e-04
3.398747287495470278e-04
3.398747287495470278e-04
3.398747287495470278e-04
4.303693512664247462e-04
4.303693512664247462e-04
4.303693512664247462e-04
4.303693512664247462e-04
4.303693512664247462e-04
4.303693512664247462e-04
4.303693512664247462e-04
4.303693512664247462e-04
5.154914800113926960e-04
5.154914800113926960e-04
5.154914800113926960e-04
5.154914800113926960e-04
5.154914800113926960e-04
5.154914800113926960e-04
5.154914800113926960e-04
5.154914800113926960e-04
3.507919292585222728e-04
3.507919292585222728e-04
3.507919292585222728e-04
3.507919292585222728e-04
3.507919292585222728e-04
3.507919292585222728e-04
3.507919292585222728e-04
3.507919292585222728e-04
5.467895291479506073e-04
5.467895291479506073e-04
5.467895291479506073e-04
5.467895291479506073e-04
5.467895291479506073e-04
5.467895291479506073e-04
5.467895291479506073e-04
5.467895291479506073e-04
3.452922045109369669e-04
3.452922045109369669e-04
3.452922045109369669e-04
3.452922045109369669e-04
3.452922045109369669e-04
3.452922045109369669e-04
3.452922045109369669e-04
3.452922045109369669e-04
3.614648358914554797e-04
3.614648358914554797e-04
3.614648358914554797e-04
3.614648358914554797e-04
3.614648358914554797e-04
3.614648358914554797e-04
3.614648358914554797e-04
3.614648358914554797e-04
2.762416003041193342e-04
2.762416003041193342e-04
2.762416003041193342e-04
2.762416003041193342e-04
2.762416003041193342e-04
2.762416003041193342e-04
2.762416003041193342e-04
2.762416003041193342e-04
4.372214096031312594e-04
4.372214096031312594e-04
4.372214096031312594e-04
4.372214096031312594e-04
4.372214096031312594e-04
4.372214096031312594e-04
4.372214096031312594e-04
4.372214096031312594e-04
3.502773231390631089e-04
3.502773231390631089e-04
3.502773231390631089e-04
3.502773231390631089e-04
3.502773231390631089e-04
3.502773231390631089e-04
3.502773231390631089e-04
3.502773231390631089e-04
3.408076150081333329e-04
3.408076150081333329e-04
3.408076150081333329e-04
3.408076150081333329e-04
3.408076150081333329e-04
3.408076150081333329e-04
3.408076150081333329e-04
3.408076150081333329e-04
3.769914292115920181e-04
3.769914292115920181e-04
3.769914292115920181e-04
3.769914292115920181e-04
3.769914292115920181e-04
3.769914292115920181e-04
3.769914292115920181e-04
3.769914292115920181e-04
3.088528458936583179e-04
3.088528458936583179e-04
3.088528458936583179e-04
3.088528458936583179e-04
3.088528458936583179e-04
3.088528458936583179e-04
3.088528458936583179e-04
3.088528458936583179e-04
4.955551844241367233e-04
4.955551844241367233e-04
4.955551844241367233e-04
4.955551844241367233e-04
4.955551844241367233e-04
4.955551844241367233e-04
4.955551844241367233e-04
4.955551844241367233e-04
3.054676166690490171e-04
3.054676166690490171e-04
3.054676166690490171e-04
3.054676166690490171e-04
3.054676166690490171e-04
3.054676166690490171e-04
3.054676166690490171e-04
3.054676166690490171e-04
4.252180381778253152e-04
4.252180381778253152e-04
4.252180381778253152e-04
4.252180381778253152e-04
4.252180381778253152e-04
4.252180381778253152e-04
4.252180381778253152e-04
4.252180381778253152e-04
4.546070233259110740e-04
4.546070233259110740e-04
4.546070233259110740e-04
4.546070233259110740e-04
4.546070233259110740e-04
4.546070233259110740e-04
