8.512972173951079830e-04
5.474568831546938914e-04
6.240784818306771608e-04
3.720656552030844242e-04
4.251579301659867780e-04
3.888933453822308634e-04
3.192641225399875816e-04
3.699698900333739816e-04
2.532100101465016096e-04
2.255834143456924797e-04
2.927889923152602247e-04
3.475224392066738623e-04
2.137892952257336259e-04
6.789106891190064500e-05
1.522966306763283884e-04
2.197335060724134456e-04
6.918270592966184256e-05
4.820843989167721206e-05
1.134470734653815103e-04
1.260625363506178093e-04
8.556760913610348513e-05
