8.683949399039277801e-04
4.411230035124628880e-05
3.819855261177428871e-05
7.296851226597789717e-05
1.401785738505232509e-04
1.499652552579019786e-04
1.905911469446641921e-04
1.866711404920219761e-04
3.285697485421305874e-04
4.080592046164429340e-04
7.246671946543922337e-04
7.222761127648942049e-04
1.989629283687418312e-03
5.086071545589192049e-03
5.737593181300597832e-03
8.096145602299974556e-03
4.797030835279028106e-03
3.195150281873919071e-03
3.989196977218725619e-03
2.214568314604866556e-03
2.374149600755439196e-03
4.087578785920466425e-03
3.053387056431180763e-03
3.046111284712502056e-03
2.693265326640623646e-03
3.219320502104424352e-03
3.221172521028180247e-03
4.365170725692864989e-03
3.411402835901398024e-03
3.984076798449903874e-03
3.833354445612540979e-03
2.892899341895602532e-03
3.262506101187129075e-03
3.329514462523565452e-03
