1.600000000000000089e+00
3.200000000000000178e+00
4.800000000000000711e+00
6.400000000000000355e+00
8.000000000000000000e+00
9.599999999999999645e+00
1.119999999999999929e+01
1.279999999999999893e+01
1.439999999999999858e+01
1.599999999999999822e+01
1.759999999999999787e+01
1.919999999999999929e+01
2.219606203172415348e+01
2.507977368091044923e+01
2.785973822380611864e+01
3.054397141317699749e+01
3.313992381412440125e+01
3.565450716442055068e+01
3.809412310225879139e+01
4.046469303782862426e+01
4.277168827731068745e+01
4.502015976130938668e+01
4.721476697211674889e+01
4.935980570938895085e+01
5.233410619350239301e+01
5.519266627847119366e+01
5.794465513186850103e+01
6.059856397440819364e+01
6.316224250339681134e+01
6.564293719512330938e+01
6.804733014504890320e+01
7.038157749470857993e+01
7.265134678797994638e+01
7.486185281912010225e+01
7.701789169805954316e+01
7.912387297830575505e+01
8.204022169393296338e+01
8.483884828144869061e+01
8.752937623261161093e+01
9.012066891795728907e+01
9.262087965469778794e+01
9.503750148511593920e+01
9.737741565660125787e+01
9.964693813631342323e+01
1.018518637451870035e+02
1.039975076793867856e+02
1.060887443191373052e+02
1.081300433179327740e+02
1.109529551805194671e+02
1.136575955866346703e+02
1.162539252570285129e+02
1.187510718657464537e+02
1.211573931432683082e+02
1.234805375252213651e+02
1.257275016823747933e+02
1.279046845570911728e+02
1.300179377380605672e+02
1.320726121499560293e+02
1.340736011335868909e+02
1.360253800572944272e+02
1.387205068883815500e+02
1.412982520192743152e+02
1.437687922012389379e+02
1.461414083495687350e+02
1.484245609141461841e+02
1.506259606605231625e+02
1.527526345498696401e+02
1.548109866397167309e+02
1.568068540864789213e+02
1.587455584352064477e+02
1.606319524468785573e+02
1.624704627500077549e+02
1.650050112135401150e+02
1.674244959915573929e+02
1.697391860387846236e+02
1.719584025849164561e+02
1.740906058555201525e+02
1.761434751242441905e+02
1.781239821411175512e+02
1.800384581565662927e+02
1.818926548703047956e+02
1.836917996971101275e+02
1.854406457714773921e+02
1.871435171204632013e+02
1.873118497419764026e+02
1.875706553112863730e+02
1.879142561795866868e+02
1.883371557121166120e+02
1.888340728955553800e+02
1.893999651493696774e+02
1.900300419738057940e+02
1.907197715383277909e+02
1.914648818871810363e+02
1.922613580945469209e+02
1.931054364248553838e+02
1.939935963314418927e+02
1.941736001444633928e+02
1.944507206743331835e+02
1.948185042736044181e+02
1.952707754556271880e+02
1.958016589421171147e+02
1.964055915093436511e+02
1.970773260832969527e+02
1.978119300193735626e+02
1.986047790902721317e+02
1.994515483770190087e+02
2.003482009961137464e+02
2.012909753875028400e+02
2.017325626651586390e+02
2.022573375926987751e+02
2.028593029120862923e+02
2.035328205688448122e+02
2.042726057395516932e+02
2.050737169265800333e+02
2.059315433068252901e+02
2.068417902515230367e+02
2.078004637213244905e+02
2.088038540730135253e+02
2.098485196823630190e+02
2.109312706842396778e+02
2.134721436504439112e+02
2.159194839234815788e+02
2.182811482699181056e+02
2.205643279889077064e+02
2.227756032107774899e+02
2.249209937256745775e+02
2.270060062520083477e+02
2.290356781708289873e+02
2.310146178307377340e+02
2.329470415785231410e+02
2.348368077010755428e+02
2.366874474799681707e+02
2.371290347576240265e+02
2.376538096851641342e+02
2.382557750045516514e+02
2.389292926613101713e+02
2.396690778320170807e+02
2.404701890190453923e+02
2.413280153992906492e+02
2.422382623439883957e+02
2.431969358137898780e+02
2.442003261654789128e+02
2.452449917748284065e+02
2.463277427767050654e+02
2.467848755421743192e+02
2.473277608288371141e+02
2.479500561295473062e+02
2.486458266128698540e+02
2.494095322335118681e+02
2.502360118891271838e+02
2.511204656769554617e+02
2.520584360505353629e+02
2.530457884787086300e+02
2.540786920547304533e+02
2.551536003833083726e+02
2.562672329804862557e+02
2.578114349129072593e+02
2.593556368453282630e+02
2.608998387777492667e+02
2.624440407101702704e+02
2.639882426425912740e+02
2.655324445750122777e+02
2.670766465074332814e+02
2.686208484398542851e+02
2.701650503722752887e+02
2.717092523046962924e+02
2.732534542371172961e+02
2.747976561695382998e+02
2.763418581019593034e+02
2.778860600343803071e+02
2.794302619668013108e+02
2.809744638992223145e+02
2.825186658316433181e+02
2.840628677640643218e+02
2.856070696964853255e+02
2.871512716289063292e+02
2.886954735613273328e+02
2.902396754937483365e+02
2.917838774261693402e+02
2.933280793585903439e+02
2.935279005594920818e+02
2.938364217881302807e+02
2.942455600896610122e+02
2.947477445844654653e+02
2.953359049948450092e+02
2.960034546447047319e+02
2.967442697755494123e+02
2.975526665725626003e+02
2.984233769452053480e+02
2.993515238362716673e+02
3.003325966246741814e+02
3.013624270269514795e+02
3.029433667535710697e+02
3.045243064801906598e+02
3.061052462068102500e+02
3.076861859334298401e+02
3.092671256600494303e+02
3.108480653866690204e+02
3.124290051132886106e+02
3.140099448399082007e+02
3.155908845665277909e+02
3.171718242931473810e+02
3.187527640197669712e+02
3.203337037463865613e+02
3.219146434730061515e+02
3.234955831996257416e+02
3.250765229262453317e+02
3.266574626528649219e+02
3.282384023794845120e+02
3.298193421061041022e+02
3.314002818327236923e+02
3.329812215593432825e+02
3.345621612859628726e+02
3.361431010125824628e+02
3.377240407392020529e+02
3.393049804658216431e+02
3.397839306830742885e+02
3.403519399134197556e+02
3.410020729637135446e+02
3.417278992321731721e+02
3.425234647033389592e+02
3.433832632646626166e+02
3.443022080699914795e+02
3.452756034659136617e+02
3.462991178379054418e+02
3.473687576131607671e+02
3.484808425670069028e+02
3.496319825130082108e+02
3.498359954897824196e+02
3.501515486340197185e+02
3.505698122975301203e+02
3.510826073440338178e+02
3.516823708547419187e+02
3.523621198326035824e+02
3.531154142364555355e+02
3.539363202939255757e+02
3.548193747530296491e+02
3.557595505155629780e+02
3.567522239339213570e+02
3.577931439338971700e+02
3.593915851468231608e+02
3.609900263597491517e+02
3.625884675726751425e+02
3.641869087856011333e+02
3.657853499985271242e+02
3.673837912114531150e+02
3.689822324243791059e+02
3.705806736373050967e+02
3.721791148502310875e+02
3.737775560631570784e+02
3.753759972760830692e+02
3.769744384890090600e+02
3.785728797019350509e+02
3.801713209148610417e+02
3.817697621277870326e+02
3.833682033407130234e+02
3.849666445536390142e+02
3.865650857665650051e+02
3.881635269794909959e+02
3.897619681924169868e+02
3.913604094053429776e+02
3.929588506182689684e+02
3.945572918311949593e+02
3.961557330441209501e+02
3.966376618822570777e+02
3.972084532147854361e+02
3.978608519485989063e+02
3.985881846502134067e+02
3.993843175267986112e+02
4.002436160307706814e+02
4.011609064564996174e+02
4.021314397405233194e+02
4.031508575628972721e+02
4.042151607663046207e+02
4.053206800531363569e+02
4.064640488826765363e+02
4.080500380187118594e+02
4.096360271547471825e+02
4.112220162907825056e+02
4.128080054268178287e+02
4.143939945628531518e+02
4.159799836988884749e+02
4.175659728349237980e+02
4.191519619709591211e+02
4.207379511069944442e+02
4.223239402430297673e+02
4.239099293790650904e+02
4.254959185151004135e+02
4.259730662858529513e+02
4.265378617749025807e+02
4.271829989682976816e+02
4.279017805690995147e+02
4.286880702498795586e+02
4.295362475366934518e+02
4.304411655290288081e+02
4.313981115283550594e+02
4.324027705558065122e+02
4.334511916770001676e+02
4.345397570112896233e+02
4.356651532779970921e+02
4.361338029348057717e+02
4.366882027460728182e+02
4.373210526918523442e+02
4.380256837846126245e+02
4.387960049651589998e+02
4.396264536174493855e+02
4.405119497411493512e+02
4.414478537152280637e+02
4.424299275161753258e+02
4.434542992108627004e+02
4.445174305193928035e+02
4.456160872320367048e+02
4.471403002468717887e+02
4.486645132617068725e+02
4.501887262765419564e+02
4.517129392913770403e+02
4.532371523062121241e+02
4.547613653210472080e+02
4.562855783358822919e+02
4.578097913507173757e+02
4.593340043655524596e+02
4.608582173803875435e+02
4.623824303952226273e+02
4.639066434100577112e+02
4.654308564248927951e+02
4.669550694397278789e+02
4.684792824545629628e+02
4.700034954693980467e+02
4.715277084842331305e+02
4.730519214990682144e+02
4.745761345139032983e+02
4.761003475287383822e+02
4.776245605435734660e+02
4.791487735584085499e+02
4.806729865732436338e+02
4.821971995880786608e+02
4.823873510367228050e+02
4.826824824817027206e+02
4.830733144495810620e+02
4.835514060448237501e+02
4.841090819137746166e+02
4.847393639670494849e+02
4.854359080993584143e+02
4.861929459286936321e+02
4.870052314307636721e+02
4.878679922503797002e+02
4.887768854148139326e+02
4.897279571441883377e+02
4.901642844745163075e+02
4.906796809767109835e+02
4.912670672535899143e+02
4.919200269737778513e+02
4.926327432862140085e+02
4.933999409608034625e+02
4.942168339222109239e+02
4.950790778001538115e+02
4.959827271019025261e+02
4.969241966128217314e+02
4.979002266426805363e+02
4.989078517547741853e+02
5.003060591310357381e+02
5.017042665072972909e+02
5.031024738835588437e+02
5.045006812598203965e+02
5.058988886360819492e+02
5.072970960123435020e+02
5.086953033886050548e+02
5.100935107648666076e+02
5.114917181411281604e+02
5.128899255173896563e+02
5.142881328936512091e+02
5.156863402699127619e+02
5.170845476461743147e+02
5.184827550224358674e+02
5.198809623986974202e+02
5.212791697749589730e+02
5.226773771512205258e+02
5.240755845274820786e+02
5.254737919037436313e+02
5.268719992800051841e+02
5.282702066562667369e+02
5.296684140325282897e+02
5.310666214087898425e+02
5.324648287850513952e+02
5.326366519827340653e+02
5.329039247432248203e+02
5.332576555387861390e+02
5.336897447792285902e+02
5.341928950869451000e+02
5.347605296985184395e+02
5.353867186301129095e+02
5.360661121282009844e+02
5.367938808663957388e+02
5.375656623264164864e+02
5.383775128041863809e+02
5.392258645018122252e+02
5.393845275989133370e+02
5.396316930601789181e+02
5.399586834507948652e+02
5.403577278368951511e+02
5.408218642773134661e+02
5.413448521830125628e+02
5.419210938517289833e+02
5.425455644282881167e+02
5.432137495288861828e+02
5.439215897851532873e+02
5.446654316000204972e+02
5.454419834545751655e+02
5.474854916824099291e+02
5.494799735031009504e+02
5.514280519509261467e+02
5.533323545900549334e+02
5.551954770884415211e+02
5.570199558963212212e+02
5.588082482185710660e+02
5.605627178066989700e+02
5.622856253718509834e+02
5.639791226457376752e+02
5.656452493007089970e+02
5.672859320907707570e+02
5.674417259504779167e+02
5.676845005682740748e+02
5.680056541432486483e+02
5.683974929678380477e+02
5.688531325025112437e+02
5.693664086526000574e+02
5.699317984897602400e+02
5.705443496152904572e+02
5.711996173601405644e+02
5.718936090419928178e+02
5.726227345426259490e+02
5.733837625213503770e+02
5.735241009337884179e+02
5.737431919844050299e+02
5.740328740932435494e+02
5.743858950916461481e+02
5.747958069475056391e+02
5.752568722872649687e+02
5.757639816380683442e+02
5.763125803275206636e+02
5.768986040248538529e+02
5.775184219727885875e+02
5.781687870348771412e+02
5.788467917623630683e+02
5.798896829230588992e+02
5.809325740837547301e+02
5.819754652444505609e+02
5.830183564051463918e+02
5.840612475658422227e+02
5.851041387265380536e+02
5.861470298872338844e+02
5.871899210479297153e+02
5.882328122086255462e+02
5.892757033693213771e+02
5.903185945300172079e+02
5.913614856907130388e+02
5.916674290378116439e+02
5.920270307502127025e+02
5.924346691802813893e+02
5.928853632985576496e+02
5.933746952195936046e+02
5.938987422232778499e+02
5.944540171797177663e+02
5.950374163821635420e+02
5.956461738899866987e+02
5.962778215784097711e+02
5.969301541811050811e+02
5.976011986945836725e+02
5.978729888270256652e+02
5.981919224462944840e+02
5.985528118740735408e+02
5.989510902476025649e+02
5.993827330137885383e+02
5.998441894718633876e+02
6.003323231418852401e+02
6.008443598594222976e+02
6.013778426157422246e+02
6.019305922747905697e+02
6.025006734015436223e+02
6.030863645302647456e+02
6.044885272897915911e+02
6.058682733309914283e+02
6.072258191927338657e+02
6.085616157424663015e+02
6.098762888694631101e+02
6.111705915211458660e+02
6.124453650954180830e+02
6.137015085368954033e+02
6.149399537650837146e+02
6.161616462964634593e+02
6.173675301174283732e+02
6.185585360273754532e+02
6.188303261598174458e+02
6.191492597790861510e+02
6.195101492068653215e+02
6.199084275803943456e+02
6.203400703465803190e+02
6.208015268046551682e+02
6.212896604746770208e+02
6.218016971922140783e+02
6.223351799485340052e+02
6.228879296075823504e+02
6.234580107343354030e+02
6.240437018630565262e+02
6.241363927605074196e+02
6.242822415429569674e+02
6.244746791516265603e+02
6.247079979256684510e+02
6.249772359615438972e+02
6.252780767000232345e+02
6.256067619051065094e+02
6.259600163648606213e+02
6.263349828131156301e+02
6.267291657353875962e+02
6.271403828775661395e+02
6.275667234192314936e+02
6.277543593500013230e+02
6.279732194324490138e+02
6.282192345207042763e+02
6.284888943419418865e+02
6.287791689097005019e+02
6.290874409383437751e+02
6.294114477779839945e+02
6.297492315683253992e+02
6.300990964735187845e+02
6.304595720075626559e+02
6.308293815912251148e+02
6.312074155976762313e+02
6.322219716384139474e+02
6.332345515886217981e+02
6.342426800952731583e+02
6.352444948738830135e+02
6.362386320722285973e+02
6.372241311456609765e+02
6.382003560765073189e+02
6.391669302625962246e+02
6.401236828213855006e+02
6.410706044150026628e+02
6.420078110058316270e+02
6.429355142095604378e+02
6.430118187411826511e+02
6.431324229067490705e+02
6.432913630636203379e+02
6.434835076805745757e+02
6.437044403911837662e+02
6.439503590904137127e+02
6.442179890327851126e+02
6.445045081006110195e+02
6.448074826151674870e+02
6.451248122561597711e+02
6.454546828322655756e+02
6.457955258064370128e+02
6.458505268889399531e+02
6.459382778452629736e+02
6.460536365462114645e+02
6.461922472817616381e+02
6.463504234635852299e+02
6.465250472139000522e+02
6.467134835640689516e+02
6.469135072498150976e+02
6.471232403362315608e+02
6.473410991312416627e+02
6.475657490494286321e+02
6.477960662692444203e+02
6.478921676037974748e+02
6.480023455969369479e+02
6.481238096893489455e+02
6.482542442697712204e+02
6.483917330986158731e+02
6.485346952526150517e+02
6.486818309100756323e+02
6.488320755245094915e+02
6.489845611362609361e+02
6.491385837488727475e+02
6.492935758513474411e+02
6.494490833013671818e+02
6.498873115395342666e+02
6.503469420923075859e+02
6.508235807543144347e+02
6.513135991745841693e+02
6.518140099389663646e+02
6.523223612788133323e+02
6.528366484295443115e+02
6.533552390887808770e+02
6.538768107964218643e+02
6.544002983824809689e+02
6.549248499075378049e+02
6.554497897602038847e+02
6.554872534931433847e+02
6.555479334570858327e+02
6.556273902886799760e+02
6.557219275697026433e+02
6.558284752768898898e+02
6.559444906450494273e+02
6.560678739987602057e+02
6.561968974117556854e+02
6.563301443308242824e+02
6.564664585509730159e+02
6.566049011507597015e+02
6.567447141923776144e+02
6.567986990794236135e+02
6.568589205995823477e+02
6.569231948566274468e+02
6.569897693813002206e+02
6.570572498584111827e+02
6.571245384611352165e+02
6.571907820441565491e+02
6.572553286945197897e+02
6.573176913554127623e+02
6.573775174262451628e+02
6.574345634051003344e+02
6.574886737797625074e+02
6.576638409713415285e+02
6.578705845241893257e+02
6.581037086175816739e+02
6.583588418372271462e+02
6.586323092482271022e+02
6.589210238966315956e+02
6.592223948863478427e+02
6.595342495691298836e+02
6.598547677315442570e+02
6.601824259663480916e+02
6.605159506799088831e+02
6.608542784158797758e+02
6.608739129516393405e+02
6.609070492179617986e+02
6.609499852005885714e+02
6.609997125687016251e+02
6.610538017800039370e+02
6.611103049903822466e+02
6.611676741743914363e+02
6.612246922045573001e+02
6.612804149445078110e+02
6.613341226833288147e+02
6.613852794778799762e+02
6.614334991785348166e+02
6.614306485297254312e+02
6.614290175312938800e+02
6.614258657152699925e+02
6.614190771698232538e+02
6.614070489698867732e+02
6.613885977061903532e+02
6.613628813611413761e+02
6.613293341654343749e+02
6.612876124094918850e+02
6.612375494813143177e+02
6.611791186604899622e+02
6.611124024208668288e+02
6.609570657671436038e+02
6.608456680033208386e+02
6.607720689115468531e+02
6.607310167904304308e+02
6.607180181696130603e+02
6.607292264933082606e+02
6.607613471046130371e+02
6.608115562052524865e+02
6.608774317746684801e+02
6.609568947077186749e+02
6.610481586730137451e+02
6.611496874063086580e+02
6.612261166566363499e+02
6.613025459069640419e+02
6.613789751572917339e+02
6.614554044076194259e+02
6.615318336579471179e+02
6.616082629082748099e+02
6.616846921586025019e+02
6.617611214089301939e+02
6.618375506592578859e+02
6.619139799095855778e+02
6.619904091599132698e+02
6.620668384102409618e+02
6.620639877614315765e+02
6.620623567630000252e+02
6.620592049469762514e+02
6.620524164015293991e+02
6.620403882015929184e+02
6.620219369378964984e+02
6.619962205928475214e+02
6.619626733971405201e+02
6.619209516411980303e+02
6.618708887130204630e+02
6.618124578921961074e+02
6.617457416525729741e+02
6.617039318222675774e+02
6.616506345495204187e+02
6.615850857220548278e+02
6.615068430025730777e+02
6.614157197911745243e+02
6.613117306583624213e+02
6.611950463978903372e+02
6.610659571314398590e+02
6.609248421398456230e+02
6.607721453030321754e+02
6.606083552075068610e+02
6.604339891303002332e+02
6.600154176017283589e+02
6.596502970667672798e+02
6.593317850603647230e+02
6.590539711710154052e+02
6.588117460092851161e+02
6.586006886110518508e+02
6.584169697788078111e+02
6.582572691656899906e+02
6.581187041838973073e+02
6.579987690695222682e+02
6.578952826593040299e+02
6.578063436323726592e+02
6.577855166641068081e+02
6.577560658027812224e+02
6.577160444022924821e+02
6.576640695557154004e+02
6.575992141662910626e+02
6.575209171934112646e+02
6.574289092198251865e+02
6.573231509033322482e+02
6.572037822400473033e+02
6.570710808812776804e+02
6.569254280170453058e+02
6.567672805713049229e+02
6.566831998870450207e+02
6.565798583266590640e+02
6.564571358281775701e+02
6.563151810312718908e+02
6.561543493099134139e+02
6.559751520691166888e+02
6.557782154327284161e+02
6.555642467442701218e+02
6.553340075542565728e+02
6.550882919808564111e+02
6.548279095114472739e+02
6.545536714651898365e+02
6.538751257913710333e+02
6.532591268243041895e+02
6.526981831554769542e+02
6.521857717061864150e+02
6.517162069707667342e+02
6.512845280166772000e+02
6.508864009357787381e+02
6.505180346985778215e+02
6.501761086057846342e+02
6.498577097549707560e+02
6.495602791425648093e+02
6.492815652026222324e+02
6.489285764835630061e+02
6.486266969255773347e+02
6.483692548350845755e+02
6.481505003561826470e+02
6.479654745300795184e+02
6.478098969364493769e+02
