1.000000000000000000e+02
1.000000000000000000e+02
1.000000000000000000e+02
1.000000000000000000e+02
1.000000000000000000e+02
1.000000000000000000e+02
1.000000000000000000e+02
1.000000000000000000e+02
1.000000000000000000e+02
1.000000000000000000e+02
1.000000000000000000e+02
1.000000000000000000e+02
1.000000000000000000e+02
1.000000000000000000e+02
1.000000000000000000e+02
1.000000000000000000e+02
1.000000000000000000e+02
1.000000000000000000e+02
1.000000000000000000e+02
1.000000000000000000e+02
1.000000000000000000e+02
1.000000000000000000e+02
1.000000000000000000e+02
1.000000000000000000e+02
9.994456047351830819e+01
9.982132873716746246e+01
9.964171709737897231e+01
9.941531783124864319e+01
9.915018266067056629e+01
9.885306125027865676e+01
9.852960422811362662e+01
9.818453564700845959e+01
9.782179923119915088e+01
9.744468220999264929e+01
9.705592004106833315e+01
9.665778487570840127e+01
9.599438892084975805e+01
9.529202173516264907e+01
9.455987877800706087e+01
9.380547580103036864e+01
9.303492797405719728e+01
9.225318524536615428e+01
9.146423034201868063e+01
9.067124500351016536e+01
8.987674929120673539e+01
8.908271813819209228e+01
8.829067870239454408e+01
8.750179155829347621e+01
8.609703641161137000e+01
8.467320693239102525e+01
8.324053350064099277e+01
8.180703446833976500e+01
8.037891450550286265e+01
7.896089695773930828e+01
7.755650032502678926e+01
7.616826763766226804e+01
7.479795627447717266e+01
7.344669466192607388e+01
7.211511131635666061e+01
7.080344084204509159e+01
6.866339666183250756e+01
6.654846904870848334e+01
6.446493338123232775e+01
6.241718797930347762e+01
6.040813335992702804e+01
5.843948341526524359e+01
5.651201990452030799e+01
5.462579991618957820e+01
5.278032443161073672e+01
5.097467479989070682e+01
4.920762280400241195e+01
4.747771903908145674e+01
4.468656145109058286e+01
4.196372340499978293e+01
3.931127844473598287e+01
3.672983185639689907e+01
3.421886591622322982e+01
3.177701764939453710e+01
2.940230132493960014e+01
2.709228584406048412e+01
2.484423541879785802e+01
2.265522045475091772e+01
2.052220431170579218e+01
1.844211058595791997e+01
1.524760239927813643e+01
1.215646222631067275e+01
9.166035603577242341e+00
6.272870924328920239e+00
3.472968193771606593e+00
7.619736457395163143e-01
-1.864669144792046040e+00
-4.411602993595046485e+00
-6.883468656637468541e+00
-9.284838512235658925e+00
-1.162016778852276389e+01
-1.389375964283285469e+01
-1.532862297407503860e+01
-1.676348630531722250e+01
-1.819834963655940641e+01
-1.963321296780159031e+01
-2.106807629904378132e+01
-2.250293963028596522e+01
-2.393780296152814913e+01
-2.537266629277033303e+01
-2.680752962401251693e+01
-2.824239295525470084e+01
-2.967725628649688474e+01
-3.111211961773906864e+01
-3.254698294898125255e+01
-3.398184628022343645e+01
-3.541670961146562036e+01
-3.685157294270780426e+01
-3.828643627394998816e+01
-3.972129960519217207e+01
-4.115616293643435597e+01
-4.259102626767653987e+01
-4.402588959891872378e+01
-4.546075293016090768e+01
-4.689561626140309158e+01
-4.833047959264527549e+01
-4.976534292388745939e+01
-5.120020625512964330e+01
-5.263506958637182720e+01
-5.406993291761401110e+01
-5.550479624885619501e+01
-5.693965958009837891e+01
-5.837452291134056281e+01
-5.980938624258274672e+01
-6.124424957382493062e+01
-6.267911290506711453e+01
-6.411397623630929843e+01
-6.554883956755148233e+01
-6.698370289879366624e+01
-6.841856623003585014e+01
-6.985342956127803404e+01
-7.128829289252021795e+01
-7.272315622376240185e+01
-7.415801955500458575e+01
-7.559288288624676966e+01
-7.702774621748895356e+01
-7.846260954873113747e+01
-7.989747287997332137e+01
-8.133233621121550527e+01
-8.276719954245768918e+01
-8.602792982256690379e+01
-8.917118393586582670e+01
-9.220307948215284455e+01
-9.512985528351860864e+01
-9.795774534030365999e+01
-1.006928854000186675e+02
-1.033412451427139729e+02
-1.059085803923227047e+02
-1.084004008992637580e+02
-1.108219501538043517e+02
-1.131781944234138280e+02
-1.154738187947870927e+02
-1.170026339309547154e+02
-1.185314490671223382e+02
-1.200602642032899610e+02
-1.215890793394575837e+02
-1.231178944756252065e+02
-1.246467096117928293e+02
-1.261755247479604520e+02
-1.277043398841280748e+02
-1.292331550202956976e+02
-1.307619701564633203e+02
-1.322907852926309431e+02
-1.338196004287985659e+02
-1.353484155649661886e+02
-1.368772307011338114e+02
-1.384060458373014342e+02
-1.399348609734690569e+02
-1.414636761096366797e+02
-1.429924912458043025e+02
-1.445213063819719252e+02
-1.460501215181395480e+02
-1.475789366543071708e+02
-1.491077517904747936e+02
-1.506365669266424163e+02
-1.521653820628100391e+02
-1.536941971989776619e+02
-1.552230123351452846e+02
-1.567518274713129074e+02
-1.582806426074805302e+02
-1.598094577436481529e+02
-1.613382728798157757e+02
-1.628670880159833985e+02
-1.643959031521510212e+02
-1.659247182883186440e+02
-1.674535334244862668e+02
-1.689823485606538895e+02
-1.705111636968215123e+02
-1.736527080476912772e+02
-1.766794715033119303e+02
-1.795989368944517253e+02
-1.824183165037458139e+02
-1.851445088465236779e+02
-1.877840719598175383e+02
-1.903432092277188303e+02
-1.928277646274813151e+02
-1.952432249605734285e+02
-1.975947271712856832e+02
-1.998870692809610716e+02
-2.021247238014233858e+02
-2.037024701269602360e+02
-2.052802164524970863e+02
-2.068579627780339365e+02
-2.084357091035707867e+02
-2.100134554291076370e+02
-2.115912017546444872e+02
-2.131689480801813374e+02
-2.147466944057181877e+02
-2.163244407312550379e+02
-2.179021870567918882e+02
-2.194799333823287384e+02
-2.210576797078655886e+02
-2.226354260334024389e+02
-2.242131723589392891e+02
-2.257909186844761393e+02
-2.273686650100129896e+02
-2.289464113355498398e+02
-2.305241576610866900e+02
-2.321019039866235403e+02
-2.336796503121603905e+02
-2.352573966376972407e+02
-2.368351429632340910e+02
-2.384128892887709412e+02
-2.399906356143078483e+02
-2.432270836391832631e+02
-2.463383988795688708e+02
-2.493333666947283973e+02
-2.522203278135329469e+02
-2.550071589791565430e+02
-2.577012668807808495e+02
-2.603095918016407495e+02
-2.628386182306448973e+02
-2.652943903259976537e+02
-2.676825306204606818e+02
-2.700082607485945232e+02
-2.722764232799981983e+02
-2.738754688084819691e+02
-2.754745143369657399e+02
-2.770735598654495107e+02
-2.786726053939332814e+02
-2.802716509224170522e+02
-2.818706964509008230e+02
-2.834697419793845938e+02
-2.850687875078683646e+02
-2.866678330363521354e+02
-2.882668785648359062e+02
-2.898659240933196770e+02
-2.914649696218034478e+02
-2.930640151502872186e+02
-2.946630606787709894e+02
-2.962621062072547602e+02
-2.978611517357385310e+02
-2.994601972642223018e+02
-3.010592427927060726e+02
-3.026582883211898434e+02
-3.042573338496736142e+02
-3.058563793781573850e+02
-3.074554249066411558e+02
-3.090544704351249266e+02
-3.106535159636086973e+02
-3.139281858712332109e+02
-3.170695626281535624e+02
-3.200875802590368835e+02
-3.229915618629684104e+02
-3.257902244609951481e+02
-3.284916936768052551e+02
-3.311035251435714031e+02
-3.336327302952425384e+02
-3.360858047919106184e+02
-3.384687582841316384e+02
-3.407871445701691187e+02
-3.430460914666676331e+02
-3.446384311863822063e+02
-3.462307709060967795e+02
-3.478231106258113527e+02
-3.494154503455259260e+02
-3.510077900652404992e+02
-3.526001297849550724e+02
-3.541924695046696456e+02
-3.557848092243842189e+02
-3.573771489440987921e+02
-3.589694886638133653e+02
-3.605618283835279385e+02
-3.621541681032425117e+02
-3.637465078229570850e+02
-3.653388475426716582e+02
-3.669311872623862314e+02
-3.685235269821008046e+02
-3.701158667018153778e+02
-3.717082064215299511e+02
-3.733005461412445243e+02
-3.748928858609590975e+02
-3.764852255806736707e+02
-3.780775653003882439e+02
-3.796699050201028172e+02
-3.812622447398173904e+02
-3.845177853369348782e+02
-3.876342068573862321e+02
-3.906224180109068698e+02
-3.934925609859546398e+02
-3.962540404152046563e+02
-3.989155585480912691e+02
-4.014851540415393742e+02
-4.039702424792289435e+02
-4.063776572608774131e+02
-4.087136899043393896e+02
-4.109841291046915330e+02
-4.131942981191970148e+02
-4.147520444611443509e+02
-4.163097908030916869e+02
-4.178675371450390230e+02
-4.194252834869863591e+02
-4.209830298289336952e+02
-4.225407761708810312e+02
-4.240985225128283673e+02
-4.256562688547757034e+02
-4.272140151967230395e+02
-4.287717615386703756e+02
-4.303295078806177116e+02
-4.318872542225650477e+02
-4.334450005645123838e+02
-4.350027469064597199e+02
-4.365604932484070559e+02
-4.381182395903543920e+02
-4.396759859323017281e+02
-4.412337322742490642e+02
-4.427914786161964003e+02
-4.443492249581437363e+02
-4.459069713000910724e+02
-4.474647176420384085e+02
-4.490224639839857446e+02
-4.505802103259330806e+02
-4.537596054419964844e+02
-4.567964920285044172e+02
-4.597025624297002082e+02
-4.624886002973860286e+02
-4.651645331670788437e+02
-4.677394875064177313e+02
-4.702218442104191354e+02
-4.726192931390763192e+02
-4.749388857544399798e+02
-4.771870852546621791e+02
-4.793698138508588045e+02
-4.814924970116199461e+02
-4.829883682606894695e+02
-4.844842395097589929e+02
-4.859801107588285163e+02
-4.874759820078980397e+02
-4.889718532569675631e+02
-4.904677245060370865e+02
-4.919635957551066099e+02
-4.934594670041761333e+02
-4.949553382532456567e+02
-4.964512095023151801e+02
-4.979470807513847035e+02
-4.994429520004542269e+02
-5.009388232495237503e+02
-5.024346944985932737e+02
-5.039305657476627971e+02
-5.054264369967323205e+02
-5.069223082458018439e+02
-5.084181794948713673e+02
-5.099140507439408907e+02
-5.114099219930104141e+02
-5.129057932420798807e+02
-5.144016644911494041e+02
-5.158975357402189275e+02
-5.173934069892884509e+02
-5.201314863324357702e+02
-5.227563840744352319e+02
-5.252776963600285853e+02
-5.277042039182256303e+02
-5.300439366397110916e+02
-5.323042348909962129e+02
-5.344918071267750292e+02
-5.366127835965507984e+02
-5.386727661060344872e+02
-5.406768739062313216e+02
-5.426297858572932000e+02
-5.445357790604716683e+02
-5.459632200076625850e+02
-5.473906609548535016e+02
-5.488181019020444182e+02
-5.502455428492353349e+02
-5.516729837964262515e+02
-5.531004247436171681e+02
-5.545278656908080848e+02
-5.559553066379990014e+02
-5.573827475851900317e+02
-5.588101885323809483e+02
-5.602376294795718650e+02
-5.616650704267627816e+02
-5.642744513513878246e+02
-5.667718834926631644e+02
-5.691671162401332822e+02
-5.714690313265365376e+02
-5.736857179689746999e+02
-5.758245428796203669e+02
-5.778922150193952803e+02
-5.798948451525184282e+02
-5.818380003817384249e+02
-5.837267539205820412e+02
-5.855657304028582075e+02
-5.873591470505184589e+02
-5.887021495293089401e+02
-5.900451520080994214e+02
-5.913881544868899027e+02
-5.927311569656803840e+02
-5.940741594444708653e+02
-5.954171619232613466e+02
-5.967601644020518279e+02
-5.981031668808423092e+02
-5.994461693596327905e+02
-6.007891718384232718e+02
-6.021321743172137531e+02
-6.034751767960042343e+02
-6.048181792747947156e+02
-6.061611817535851969e+02
-6.075041842323756782e+02
-6.088471867111661595e+02
-6.101901891899566408e+02
-6.115331916687471221e+02
-6.128761941475376034e+02
-6.142191966263280847e+02
-6.155621991051185660e+02
-6.169052015839090473e+02
-6.182482040626995285e+02
-6.195912065414900098e+02
-6.220426259075360349e+02
-6.243845847678583141e+02
-6.266268764213868963e+02
-6.287783839995880726e+02
-6.308471653287185745e+02
-6.328405308519475057e+02
-6.347651147981716804e+02
-6.366269399166029643e+02
-6.384314761742474502e+02
-6.401836938531378109e+02
-6.418881114973628428e+02
-6.435488391551549512e+02
-6.447923419419181528e+02
-6.460358447286813544e+02
-6.472793475154445559e+02
-6.485228503022077575e+02
-6.497663530889709591e+02
-6.510098558757341607e+02
-6.522533586624973623e+02
-6.534968614492605639e+02
-6.547403642360237654e+02
-6.559838670227869670e+02
-6.572273698095501686e+02
-6.584708725963133702e+02
-6.597143753830765718e+02
-6.609578781698397734e+02
-6.622013809566029749e+02
-6.634448837433661765e+02
-6.646883865301293781e+02
-6.659318893168925797e+02
-6.671753921036557813e+02
-6.684188948904189829e+02
-6.696623976771821845e+02
-6.709059004639453860e+02
-6.721494032507085876e+02
-6.733929060374717892e+02
-6.754043473423994328e+02
-6.773383746308638820e+02
-6.792019078766697930e+02
-6.810012145942923780e+02
-6.827419743094983460e+02
-6.844293366538439614e+02
-6.860679736266242799e+02
-6.876621265548652673e+02
-6.892156482569960190e+02
-6.907320408838340882e+02
-6.922144898748935020e+02
-6.936658944311739106e+02
-6.955395549435297653e+02
-6.973386395464916632e+02
-6.990699325171608507e+02
-7.007395617515874164e+02
-7.023530659754503631e+02
-7.039154549545677355e+02
-7.054312633673180244e+02
-7.069045989668450147e+02
-7.083391856184578046e+02
-7.097384017511842558e+02
-7.111053147149275446e+02
-7.124427114880214731e+02
-7.135112089916773357e+02
-7.145797064953331983e+02
-7.156482039989890609e+02
-7.167167015026449235e+02
-7.177851990063007861e+02
-7.188536965099566487e+02
-7.199221940136125113e+02
-7.209906915172683739e+02
-7.220591890209242365e+02
-7.231276865245800991e+02
-7.241961840282359617e+02
-7.252646815318918243e+02
-7.263331790355476869e+02
-7.274016765392035495e+02
-7.284701740428594121e+02
-7.295386715465152747e+02
-7.306071690501711373e+02
-7.316756665538269999e+02
-7.327441640574828625e+02
-7.338126615611387251e+02
-7.348811590647945877e+02
-7.359496565684504503e+02
-7.370181540721063129e+02
-7.380866515757621755e+02
-7.398107070160961030e+02
-7.414634952870652569e+02
-7.430516221549142983e+02
-7.445810372253985179e+02
-7.460571034703698388e+02
-7.474846591743247473e+02
-7.488680730773185132e+02
-7.502112934354428262e+02
-7.515178916603510970e+02
-7.527911011387234339e+02
-7.540338517734481911e+02
-7.552488007321564965e+02
-7.562193933463954636e+02
-7.571899859606344307e+02
-7.581605785748733979e+02
-7.591311711891123650e+02
-7.601017638033513322e+02
-7.610723564175902993e+02
-7.620429490318292665e+02
-7.630135416460682336e+02
-7.639841342603072007e+02
-7.649547268745461679e+02
-7.659253194887851350e+02
-7.668959121030241022e+02
-7.678665047172630693e+02
-7.688370973315020365e+02
-7.698076899457410036e+02
-7.707782825599799708e+02
-7.717488751742189379e+02
-7.727194677884579050e+02
-7.736900604026968722e+02
-7.746606530169358393e+02
-7.756312456311748065e+02
-7.766018382454137736e+02
-7.775724308596527408e+02
-7.785430234738917079e+02
-7.800083313937871026e+02
-7.814183541290585708e+02
-7.827782020377321714e+02
-7.840924769943027286e+02
-7.853653270070507233e+02
-7.866004946420879378e+02
-7.878013599556118152e+02
-7.889709785655838914e+02
-7.901121154274053424e+02
-7.912272748161603886e+02
-7.923187269611423744e+02
-7.933885317267935307e+02
-7.946324138297618447e+02
-7.958352176756735616e+02
-7.970006991104232839e+02
-7.981322441839002977e+02
-7.992329087407669022e+02
-8.003054534550881272e+02
-8.013523748521143943e+02
-8.023759327977044222e+02
-8.033781748791424207e+02
-8.043609580502370591e+02
-8.053259678682970844e+02
-8.062747356104251821e+02
-8.070871898959206874e+02
-8.078996441814161926e+02
-8.087120984669116979e+02
-8.095245527524072031e+02
-8.103370070379027084e+02
-8.111494613233982136e+02
-8.119619156088937189e+02
-8.127743698943892241e+02
-8.135868241798847293e+02
-8.143992784653802346e+02
-8.152117327508757398e+02
-8.160241870363712451e+02
-8.168366413218667503e+02
-8.176490956073622556e+02
-8.184615498928577608e+02
-8.192740041783532661e+02
-8.200864584638487713e+02
-8.208989127493442766e+02
-8.217113670348397818e+02
-8.225238213203352871e+02
-8.233362756058307923e+02
-8.241487298913262975e+02
-8.249611841768218028e+02
-8.257736384623173080e+02
-8.269152193300826639e+02
-8.280177513857265694e+02
-8.290848484292628200e+02
-8.301197625110851277e+02
-8.311254234315083522e+02
-8.321044735973352999e+02
-8.330592988021346628e+02
-8.339920554292896213e+02
-8.349046945162494922e+02
-8.357989830644154381e+02
-8.366765229312608199e+02
-8.375387675990978096e+02
-8.382770979159028002e+02
-8.390154282327077908e+02
-8.397537585495127814e+02
-8.404920888663177720e+02
-8.412304191831227627e+02
-8.419687494999277533e+02
-8.427070798167327439e+02
-8.434454101335377345e+02
-8.441837404503427251e+02
-8.449220707671477157e+02
-8.456604010839527064e+02
-8.463987314007576970e+02
-8.471370617175626876e+02
-8.478753920343676782e+02
-8.486137223511726688e+02
-8.493520526679776594e+02
-8.500903829847826501e+02
-8.508287133015876407e+02
-8.515670436183926313e+02
-8.523053739351976219e+02
-8.530437042520026125e+02
-8.537820345688076031e+02
-8.545203648856125938e+02
-8.552586952024175844e+02
-8.562947719978417354e+02
-8.572939389820373890e+02
-8.582596577702042850e+02
-8.591950372892366659e+02
-8.601028730752083220e+02
-8.609856818540822587e+02
-8.618457319941256856e+02
-8.626850703462629326e+02
-8.635055459242474853e+02
-8.643088308195463014e+02
-8.650964386956006820e+02
-8.658697411620198636e+02
-8.665318760390489388e+02
-8.671940109160782413e+02
-8.678561457931073164e+02
-8.685182806701366189e+02
-8.691804155471656941e+02
-8.698425504241949966e+02
-8.705046853012240717e+02
-8.711668201782533743e+02
-8.718289550552824494e+02
-8.724910899323117519e+02
-8.731532248093408271e+02
-8.738153596863701296e+02
-8.744774945633992047e+02
-8.751396294404285072e+02
-8.758017643174575824e+02
-8.764638991944868849e+02
-8.771260340715159600e+02
-8.777881689485452625e+02
-8.784503038255743377e+02
-8.791124387026036402e+02
-8.797745735796327153e+02
-8.804367084566620179e+02
-8.810988433336910930e+02
-8.817609782107203955e+02
-8.826886441005405004e+02
-8.835816427347690478e+02
-8.844432738318292877e+02
-8.852764944726626481e+02
-8.860839580859022817e+02
-8.868680486557049107e+02
-8.876309107608670956e+02
-8.883744759771776671e+02
-8.891004861070720153e+02
-8.898105136408370299e+02
-8.905059798011242265e+02
-8.911881704766303756e+02
-8.917722522179161615e+02
-8.923563339592019474e+02
-8.929404157004877334e+02
-8.935244974417735193e+02
-8.941085791830593053e+02
-8.946926609243450912e+02
-8.952767426656308771e+02
-8.958608244069166631e+02
-8.964449061482024490e+02
-8.970289878894882349e+02
-8.976130696307740209e+02
-8.981971513720598068e+02
-8.987812331133455928e+02
-8.993653148546313787e+02
-8.999493965959171646e+02
-9.005334783372029506e+02
-9.011175600784887365e+02
-9.017016418197745224e+02
-9.022857235610603084e+02
-9.028698053023460943e+02
-9.034538870436318803e+02
-9.040379687849176662e+02
-9.046220505262034521e+02
-9.052061322674892381e+02
-9.060227845777751554e+02
-9.068071094511007004e+02
-9.075622354513714072e+02
-9.082909595171432784e+02
-9.089957855251074079e+02
-9.096789580290719641e+02
-9.103424918014987952e+02
-9.109881977237813544e+02
-9.116177055002094676e+02
-9.122324836080862269e+02
-9.128338568418689647e+02
-9.134230217616326399e+02
-9.139274116583059140e+02
-9.144318015549791880e+02
-9.149361914516524621e+02
-9.154405813483257361e+02
-9.159449712449990102e+02
-9.164493611416722842e+02
-9.169537510383455583e+02
-9.174581409350188324e+02
-9.179625308316921064e+02
-9.184669207283653805e+02
-9.189713106250386545e+02
-9.194757005217119286e+02
-9.199800904183852026e+02
-9.204844803150584767e+02
-9.209888702117317507e+02
-9.214932601084050248e+02
-9.219976500050782988e+02
-9.225020399017515729e+02
-9.230064297984248469e+02
-9.235108196950981210e+02
-9.240152095917713950e+02
-9.245195994884446691e+02
-9.250239893851179431e+02
-9.255283792817912172e+02
-9.262317268000476815e+02
-9.269051773983377416e+02
-9.275516797085015241e+02
-9.281738626795747678e+02
-9.287740736113914863e+02
-9.293544113300551999e+02
