-1.000000000000000000e+02
-1.000000000000000000e+02
-1.000000000000000000e+02
-1.000000000000000000e+02
-1.000000000000000000e+02
-1.000000000000000000e+02
-1.000000000000000000e+02
-1.000000000000000000e+02
-1.000000000000000000e+02
-1.000000000000000000e+02
-1.000000000000000000e+02
-1.000000000000000000e+02
-1.000000000000000000e+02
-1.000000000000000000e+02
-1.000000000000000000e+02
-1.000000000000000000e+02
-1.000000000000000000e+02
-1.000000000000000000e+02
-1.000000000000000000e+02
-1.000000000000000000e+02
-1.000000000000000000e+02
-1.000000000000000000e+02
-1.000000000000000000e+02
-1.000000000000000000e+02
-1.000115762190096547e+02
-1.000169894441982166e+02
-1.000226800009197916e+02
-1.000336565788275607e+02
-1.000537495729846853e+02
-1.000858240053799904e+02
-1.001319578879073475e+02
-1.001935911781079938e+02
-1.002716498103501692e+02
-1.003666486730297862e+02
-1.004787768532395944e+02
-1.006079679849391226e+02
-1.005378822332017137e+02
-1.004893012751494155e+02
-1.004663686403825125e+02
-1.004719697319712139e+02
-1.005079780079880578e+02
-1.005754591366420811e+02
-1.006748397032109779e+02
-1.008060461340486995e+02
-1.009686186815749380e+02
-1.011618045880763361e+02
-1.013846339126618687e+02
-1.016359809584872522e+02
-1.013471802911286801e+02
-1.011083465432806179e+02
-1.009236281431352893e+02
-1.007955086270309550e+02
-1.007251576619822373e+02
-1.007127190958908187e+02
-1.007575463232451085e+02
-1.008583937728644173e+02
-1.010135719937682666e+02
-1.012210726441874158e+02
-1.014786686731789302e+02
-1.017839941134098467e+02
-1.013298294044073771e+02
-1.009632146832455248e+02
-1.006846059377413098e+02
-1.004931516334840893e+02
-1.003870157012379707e+02
-1.003636373624961493e+02
-1.004199390165116768e+02
-1.005524915880623951e+02
-1.007576451593669589e+02
-1.010316313656702363e+02
-1.013706428991757349e+02
-1.017708945150095587e+02
-1.011692296939625209e+02
-1.006892542735396745e+02
-1.003277138655437852e+02
-1.000804553587229435e+02
-9.994270916678979688e+01
-9.990931060944734554e+01
-9.997487214380703335e+01
-1.001339160684527485e+02
-1.003809755631809821e+02
-1.007106704635744734e+02
-1.011177629600766039e+02
-1.015971974175519392e+02
-1.010065617594027287e+02
-1.005588261195919983e+02
-1.002470866347320140e+02
-1.000641368618008471e+02
-1.000026562241174446e+02
-1.000553515889958902e+02
-1.002150618388688912e+02
-1.004748333677535470e+02
-1.008279728575197680e+02
-1.012680824066893308e+02
-1.017890810480073611e+02
-1.023852158561816452e+02
-1.038200791874238291e+02
-1.052549425186660130e+02
-1.066898058499081969e+02
-1.081246691811503808e+02
-1.095595325123925647e+02
-1.109943958436347486e+02
-1.124292591748769325e+02
-1.138641225061191165e+02
-1.152989858373613004e+02
-1.167338491686034843e+02
-1.181687124998456682e+02
-1.196035758310878521e+02
-1.210384391623300360e+02
-1.224733024935722199e+02
-1.239081658248144038e+02
-1.253430291560565877e+02
-1.267778924872987716e+02
-1.282127558185409555e+02
-1.296476191497831394e+02
-1.310824824810253233e+02
-1.325173458122675072e+02
-1.339522091435096911e+02
-1.353870724747518750e+02
-1.368219358059940589e+02
-1.382567991372362428e+02
-1.396916624684784267e+02
-1.411265257997206106e+02
-1.425613891309627945e+02
-1.439962524622049784e+02
-1.454311157934471623e+02
-1.468659791246893462e+02
-1.483008424559315301e+02
-1.497357057871737140e+02
-1.511705691184158979e+02
-1.526054324496580819e+02
-1.540402957809002658e+02
-1.554751591121424497e+02
-1.569100224433846336e+02
-1.583448857746268175e+02
-1.597797491058690014e+02
-1.612146124371111853e+02
-1.626494757683533692e+02
-1.640843390995955531e+02
-1.655192024308377370e+02
-1.669540657620799209e+02
-1.683889290933221048e+02
-1.698237924245642887e+02
-1.712586557558064726e+02
-1.708955378054452865e+02
-1.706745165599070333e+02
-1.705866218953053419e+02
-1.706231206881860203e+02
-1.707755956315001242e+02
-1.710359977125084470e+02
-1.713966785550599923e+02
-1.718504075073186357e+02
-1.723903773010981979e+02
-1.730102012700071157e+02
-1.737039044486402020e+02
-1.744659103496021828e+02
-1.759947254857698056e+02
-1.775235406219374283e+02
-1.790523557581050511e+02
-1.805811708942726739e+02
-1.821099860304402966e+02
-1.836388011666079194e+02
-1.851676163027755422e+02
-1.866964314389431649e+02
-1.882252465751107877e+02
-1.897540617112784105e+02
-1.912828768474460333e+02
-1.928116919836136560e+02
-1.943405071197812788e+02
-1.958693222559489016e+02
-1.973981373921165243e+02
-1.989269525282841471e+02
-2.004557676644517699e+02
-2.019845828006193926e+02
-2.035133979367870154e+02
-2.050422130729546382e+02
-2.065710282091222609e+02
-2.080998433452898837e+02
-2.096286584814575065e+02
-2.111574736176251292e+02
-2.126862887537927520e+02
-2.142151038899603748e+02
-2.157439190261279975e+02
-2.172727341622956203e+02
-2.188015492984632431e+02
-2.203303644346308658e+02
-2.218591795707984886e+02
-2.233879947069661114e+02
-2.249168098431337341e+02
-2.264456249793013569e+02
-2.279744401154689797e+02
-2.295032552516366025e+02
-2.294347260027558093e+02
-2.294943698674287305e+02
-2.296729850053716007e+02
-2.299618750386135844e+02
-2.303528590620560124e+02
-2.308382698729360527e+02
-2.314109437332386392e+02
-2.320642042081114482e+02
-2.327918420197449620e+02
-2.335880923852538444e+02
-2.344476109409320941e+02
-2.353654490715434804e+02
-2.369431953970803306e+02
-2.385209417226171809e+02
-2.400986880481540311e+02
-2.416764343736908813e+02
-2.432541806992277316e+02
-2.448319270247645818e+02
-2.464096733503014320e+02
-2.479874196758382823e+02
-2.495651660013751325e+02
-2.511429123269119827e+02
-2.527206586524488330e+02
-2.542984049779856832e+02
-2.558761513035225335e+02
-2.574538976290593837e+02
-2.590316439545962339e+02
-2.606093902801330842e+02
-2.621871366056699344e+02
-2.637648829312067846e+02
-2.653426292567436349e+02
-2.669203755822804851e+02
-2.684981219078173353e+02
-2.700758682333541856e+02
-2.716536145588910358e+02
-2.732313608844278860e+02
-2.731588734341607392e+02
-2.732185248382043028e+02
-2.734003038384754518e+02
-2.736948430528439644e+02
-2.740934071646281609e+02
-2.745878725634660213e+02
-2.751707013118261784e+02
-2.758349115899709432e+02
-2.765740462157808111e+02
-2.773821404086339157e+02
-2.782536896400515047e+02
-2.791836181656153713e+02
-2.807826636940991420e+02
-2.823817092225829128e+02
-2.839807547510666836e+02
-2.855798002795504544e+02
-2.871788458080342252e+02
-2.887778913365179960e+02
-2.903769368650017668e+02
-2.919759823934855376e+02
-2.935750279219693084e+02
-2.951740734504530792e+02
-2.967731189789368500e+02
-2.983721645074206208e+02
-2.999712100359043916e+02
-3.015702555643881624e+02
-3.031693010928719332e+02
-3.047683466213557040e+02
-3.063673921498394748e+02
-3.079664376783232456e+02
-3.095654832068070164e+02
-3.111645287352907872e+02
-3.127635742637745579e+02
-3.143626197922583287e+02
-3.159616653207420995e+02
-3.175607108492258703e+02
-3.174855347123283877e+02
-3.175441489461084075e+02
-3.177259082076522532e+02
-3.180209381670663333e+02
-3.184201020827530897e+02
-3.189149622102508488e+02
-3.194977384287836344e+02
-3.201612658103865101e+02
-3.208989523570055553e+02
-3.217047377549444604e+02
-3.225730537149515271e+02
-3.234987862578821591e+02
-3.250911259775967324e+02
-3.266834656973113056e+02
-3.282758054170258788e+02
-3.298681451367404520e+02
-3.314604848564550252e+02
-3.330528245761695985e+02
-3.346451642958841717e+02
-3.362375040155987449e+02
-3.378298437353133181e+02
-3.394221834550278913e+02
-3.410145231747424646e+02
-3.426068628944570378e+02
-3.441992026141716110e+02
-3.457915423338861842e+02
-3.473838820536007574e+02
-3.489762217733153307e+02
-3.505685614930299039e+02
-3.521609012127444771e+02
-3.537532409324590503e+02
-3.553455806521736235e+02
-3.569379203718881968e+02
-3.585302600916027700e+02
-3.601225998113173432e+02
-3.617149395310319164e+02
-3.616383913107884496e+02
-3.616949418292351197e+02
-3.618734980966918897e+02
-3.621638517703680122e+02
-3.625566247008044343e+02
-3.630432127845521677e+02
-3.636157299753579650e+02
-3.642669537205684378e+02
-3.649902726556800872e+02
-3.657796370717107948e+02
-3.666295124393147944e+02
-3.675348361087039848e+02
-3.690925824506513209e+02
-3.706503287925986569e+02
-3.722080751345459930e+02
-3.737658214764933291e+02
-3.753235678184406652e+02
-3.768813141603880013e+02
-3.784390605023353373e+02
-3.799968068442826734e+02
-3.815545531862300095e+02
-3.831122995281773456e+02
-3.846700458701246816e+02
-3.862277922120720177e+02
-3.877855385540193538e+02
-3.893432848959666899e+02
-3.909010312379140260e+02
-3.924587775798613620e+02
-3.940165239218086981e+02
-3.955742702637560342e+02
-3.971320166057033703e+02
-3.986897629476507063e+02
-4.002475092895980424e+02
-4.018052556315453785e+02
-4.033630019734927146e+02
-4.049207483154400506e+02
-4.048441686452262616e+02
-4.048976650463131364e+02
-4.050698911602161729e+02
-4.053504834158749190e+02
-4.057299865009392761e+02
-4.061997806416267167e+02
-4.067520119791082607e+02
-4.073795268287954627e+02
-4.080758102483960101e+02
-4.088349290857040614e+02
-4.096514795007020666e+02
-4.105205388380799718e+02
-4.120164100871494952e+02
-4.135122813362190186e+02
-4.150081525852885420e+02
-4.165040238343580654e+02
-4.179998950834275888e+02
-4.194957663324971122e+02
-4.209916375815666356e+02
-4.224875088306361590e+02
-4.239833800797056824e+02
-4.254792513287752058e+02
-4.269751225778447292e+02
-4.284709938269142526e+02
-4.299668650759837760e+02
-4.314627363250532994e+02
-4.329586075741228228e+02
-4.344544788231923462e+02
-4.359503500722618696e+02
-4.374462213213313930e+02
-4.389420925704009164e+02
-4.404379638194704398e+02
-4.419338350685399632e+02
-4.434297063176094866e+02
-4.449255775666790100e+02
-4.464214488157485334e+02
-4.466596225903645632e+02
-4.469962553889470200e+02
-4.474225310576561583e+02
-4.479304491503935424e+02
-4.485127503799033661e+02
-4.491628477191212028e+02
-4.498747631453559848e+02
-4.506430698617721760e+02
-4.514628397301550535e+02
-4.523295955899060914e+02
-4.532392681085449340e+02
-4.541881567997482421e+02
-4.556155977469391587e+02
-4.570430386941300753e+02
-4.584704796413209920e+02
-4.598979205885119086e+02
-4.613253615357028252e+02
-4.627528024828937419e+02
-4.641802434300846585e+02
-4.656076843772755751e+02
-4.670351253244665486e+02
-4.684625662716574652e+02
-4.698900072188483819e+02
-4.713174481660392985e+02
-4.715433167523123643e+02
-4.718626223392811880e+02
-4.722667180982616628e+02
-4.727477967538887924e+02
-4.732988080518383072e+02
-4.739133835102957164e+02
-4.745857681540989574e+02
-4.753107588221373021e+02
-4.760836485798776039e+02
-4.769001767447905422e+02
-4.777564840319187738e+02
-4.786490723418394282e+02
-4.799920748206299095e+02
-4.813350772994203908e+02
-4.826780797782108721e+02
-4.840210822570013534e+02
-4.853640847357918346e+02
-4.867070872145823159e+02
-4.880500896933727972e+02
-4.893930921721632785e+02
-4.907360946509537598e+02
-4.920790971297442411e+02
-4.934220996085347224e+02
-4.947651020873252037e+02
-4.961081045661156850e+02
-4.974511070449061663e+02
-4.987941095236966476e+02
-5.001371120024871288e+02
-5.014801144812776101e+02
-5.028231169600680914e+02
-5.041661194388585727e+02
-5.055091219176490540e+02
-5.068521243964395353e+02
-5.081951268752300166e+02
-5.095381293540204979e+02
-5.108811318328109792e+02
-5.110921622069068349e+02
-5.113905597006727817e+02
-5.117679437812280412e+02
-5.122167878993417389e+02
-5.127303298993406315e+02
-5.133024912645796576e+02
-5.139278046071187873e+02
-5.146013487528961150e+02
-5.153186907574062161e+02
-5.160758341980015302e+02
-5.168691731175501900e+02
-5.176954510332844848e+02
-5.189389538200476863e+02
-5.201824566068108879e+02
-5.214259593935740895e+02
-5.226694621803372911e+02
-5.239129649671004927e+02
-5.251564677538636943e+02
-5.263999705406268959e+02
-5.276434733273900974e+02
-5.288869761141532990e+02
-5.301304789009165006e+02
-5.313739816876797022e+02
-5.326174844744429038e+02
-5.338609872612061054e+02
-5.351044900479693069e+02
-5.363479928347325085e+02
-5.375914956214957101e+02
-5.388349984082589117e+02
-5.400785011950221133e+02
-5.413220039817853149e+02
-5.425655067685485164e+02
-5.438090095553117180e+02
-5.450525123420749196e+02
-5.462960151288381212e+02
-5.475395179156013228e+02
-5.479947133908135584e+02
-5.485083633725359959e+02
-5.490748796885584397e+02
-5.496892496209532055e+02
-5.503469728171812676e+02
-5.510440052517870981e+02
-5.517767095099941344e+02
-5.525418107145859494e+02
-5.533363574727018204e+02
-5.541576872758714671e+02
-5.550033958423333615e+02
-5.558713099438502923e+02
-5.562946870657183354e+02
-5.567719364690927932e+02
-5.572977581493003072e+02
-5.578674173942538346e+02
-5.584766803486386380e+02
-5.591217571056514544e+02
-5.597992514951204157e+02
-5.605061168064755748e+02
-5.612396167562656046e+02
-5.619972910796566339e+02
-5.627769251916909070e+02
-5.635765234259087038e+02
-5.646450209295645664e+02
-5.657135184332204290e+02
-5.667820159368762916e+02
-5.678505134405321542e+02
-5.689190109441880168e+02
-5.699875084478438794e+02
-5.710560059514997420e+02
-5.721245034551556046e+02
-5.731930009588114672e+02
-5.742614984624673298e+02
-5.753299959661231924e+02
-5.763984934697790550e+02
-5.774669909734349176e+02
-5.785354884770907802e+02
-5.796039859807466428e+02
-5.806724834844025054e+02
-5.817409809880583680e+02
-5.828094784917142306e+02
-5.838779759953700932e+02
-5.849464734990259558e+02
-5.860149710026818184e+02
-5.870834685063376810e+02
-5.881519660099935436e+02
-5.892204635136494062e+02
-5.896093504377442969e+02
-5.900471874416454057e+02
-5.905289961354366142e+02
-5.910503496926490925e+02
-5.916073074741671007e+02
-5.921963576091487766e+02
-5.928143666045459668e+02
-5.934585351435883922e+02
-5.941263593203466371e+02
-5.948155966398394412e+02
-5.955242361896952161e+02
-5.962504724594648451e+02
-5.972210650737038122e+02
-5.981916576879427794e+02
-5.991622503021817465e+02
-6.001328429164207137e+02
-6.011034355306596808e+02
-6.020740281448986480e+02
-6.030446207591376151e+02
-6.040152133733765822e+02
-6.049858059876155494e+02
-6.059563986018545165e+02
-6.069269912160934837e+02
-6.078975838303324508e+02
-6.088681764445714180e+02
-6.098387690588103851e+02
-6.108093616730493522e+02
-6.117799542872883194e+02
-6.127505469015272865e+02
-6.137211395157662537e+02
-6.146917321300052208e+02
-6.156623247442441880e+02
-6.166329173584831551e+02
-6.176035099727221223e+02
-6.185741025869610894e+02
-6.195446952012000565e+02
-6.199991922984690973e+02
-6.204891857493771568e+02
-6.210110485901980155e+02
-6.215615597995712278e+02
-6.221378552297345550e+02
-6.227373847331951993e+02
-6.233578747064655090e+02
-6.239972953624294405e+02
-6.246538321252107835e+02
-6.253258606158294697e+02
-6.260119247635893771e+02
-6.267107176374080382e+02
-6.272175202204505240e+02
-6.277488516727099750e+02
-6.283022218562398393e+02
-6.288754185539061154e+02
-6.294664736924781892e+02
-6.300736339134289210e+02
-6.306953349209062480e+02
-6.313301791090399320e+02
-6.319769160351935398e+02
-6.326344253625868532e+02
-6.333017019455726313e+02
-6.339778427744355440e+02
-6.347902970599310493e+02
-6.356027513454265545e+02
-6.364152056309220598e+02
-6.372276599164175650e+02
-6.380401142019130702e+02
-6.388525684874085755e+02
-6.396650227729040807e+02
-6.404774770583995860e+02
-6.412899313438950912e+02
-6.421023856293905965e+02
-6.429148399148861017e+02
-6.437272942003816070e+02
-6.445397484858771122e+02
-6.453522027713726175e+02
-6.461646570568681227e+02
-6.469771113423636280e+02
-6.477895656278591332e+02
-6.486020199133546384e+02
-6.494144741988501437e+02
-6.502269284843456489e+02
-6.510393827698411542e+02
-6.518518370553366594e+02
-6.526642913408321647e+02
-6.534767456263276699e+02
-6.539415610568507873e+02
-6.544283302614069271e+02
-6.549347536626542023e+02
-6.554587969437557149e+02
-6.559986578411360370e+02
-6.565527373174509194e+02
-6.571196145274877836e+02
-6.576980250663839342e+02
-6.582868420571501247e+02
-6.588850596937987802e+02
-6.594917789082070385e+02
-6.601061948739800300e+02
-6.608445251907850206e+02
-6.615828555075900113e+02
-6.623211858243950019e+02
-6.630595161411999925e+02
-6.637978464580049831e+02
-6.645361767748099737e+02
-6.652745070916149643e+02
-6.660128374084199550e+02
-6.667511677252249456e+02
-6.674894980420299362e+02
-6.682278283588349268e+02
-6.689661586756399174e+02
-6.697044889924449080e+02
-6.704428193092498987e+02
-6.711811496260548893e+02
-6.719194799428598799e+02
-6.726578102596648705e+02
-6.733961405764698611e+02
-6.741344708932748517e+02
-6.748728012100798423e+02
-6.756111315268848330e+02
-6.763494618436898236e+02
-6.770877921604948142e+02
-6.778261224772998048e+02
-6.782476466618616087e+02
-6.786884879314204682e+02
-6.791465437209694755e+02
-6.796199633214802134e+02
-6.801071153354911303e+02
-6.806065595331249369e+02
-6.811170225061540577e+02
-6.816373765981578572e+02
-6.821666216593774834e+02
-6.827038692365229053e+02
-6.832483288614359935e+02
-6.837992961490751895e+02
-6.844614310261044920e+02
-6.851235659031335672e+02
-6.857857007801628697e+02
-6.864478356571919448e+02
-6.871099705342212474e+02
-6.877721054112503225e+02
-6.884342402882796250e+02
-6.890963751653087002e+02
-6.897585100423380027e+02
-6.904206449193670778e+02
-6.910827797963963803e+02
-6.917449146734254555e+02
-6.924070495504547580e+02
-6.930691844274838331e+02
-6.937313193045131356e+02
-6.943934541815422108e+02
-6.950555890585715133e+02
-6.957177239356005884e+02
-6.963798588126298910e+02
-6.970419936896589661e+02
-6.977041285666882686e+02
-6.983662634437173438e+02
-6.990283983207466463e+02
-6.996905331977757214e+02
-7.000675835015307484e+02
-7.004612600049313187e+02
-7.008696630542943922e+02
-7.012911307407783852e+02
-7.017242071101096599e+02
-7.021676147806095969e+02
-7.026202313537297641e+02
-7.030810690852614471e+02
-7.035492573587126799e+02
-7.040240275661495843e+02
-7.045047000571277067e+02
-7.049906728641931295e+02
-7.055747546054789154e+02
-7.061588363467647014e+02
-7.067429180880504873e+02
-7.073269998293362733e+02
-7.079110815706220592e+02
-7.084951633119078451e+02
-7.090792450531936311e+02
-7.096633267944794170e+02
-7.102474085357652029e+02
-7.108314902770509889e+02
-7.114155720183367748e+02
-7.119996537596225608e+02
-7.125837355009083467e+02
-7.131678172421941326e+02
-7.137518989834799186e+02
-7.143359807247657045e+02
-7.149200624660514904e+02
-7.155041442073372764e+02
-7.160882259486230623e+02
-7.166723076899088483e+02
-7.172563894311946342e+02
-7.178404711724804201e+02
-7.184245529137662061e+02
-7.190086346550519920e+02
-7.193401532197704000e+02
-7.196855604520570751e+02
-7.200431649392510280e+02
-7.204114982353745518e+02
-7.207892839141906052e+02
-7.211754110260608286e+02
-7.215689113311349274e+02
-7.219689397686469192e+02
-7.223747576979867517e+02
-7.227857185129950039e+02
-7.232012552877793041e+02
-7.236208701613621770e+02
-7.241252600580354510e+02
-7.246296499547087251e+02
-7.251340398513819991e+02
-7.256384297480552732e+02
-7.261428196447285472e+02
-7.266472095414018213e+02
-7.271515994380750953e+02
-7.276559893347483694e+02
-7.281603792314216435e+02
-7.286647691280949175e+02
-7.291691590247681916e+02
-7.296735489214414656e+02
-7.301779388181147397e+02
-7.306823287147880137e+02
-7.311867186114612878e+02
-7.316911085081345618e+02
-7.321954984048078359e+02
-7.326998883014811099e+02
-7.332042781981543840e+02
-7.337086680948276580e+02
-7.342130579915009321e+02
-7.347174478881742061e+02
-7.352218377848474802e+02
-7.357262276815207542e+02
-7.360112843935321507e+02
-7.363074532747713192e+02
-7.366132558990534562e+02
-7.369274214031599968e+02
-7.372488564700511233e+02
-7.375766196990271055e+02
