6.016000000000000227e+02
6.032000000000000455e+02
6.048000000000000682e+02
6.064000000000000909e+02
6.080000000000001137e+02
6.096000000000001364e+02
6.112000000000001592e+02
6.128000000000001819e+02
6.144000000000002046e+02
6.160000000000002274e+02
6.176000000000002501e+02
6.192000000000002728e+02
6.219168876682936116e+02
6.245440283960400620e+02
6.270883750814425639e+02
6.295563805413156615e+02
6.319540241869857482e+02
6.342868396508383739e+02
6.365599425859350049e+02
6.387780580807601609e+02
6.409455472983264599e+02
6.430664330753836566e+02
6.451444243126013589e+02
6.471829390575283014e+02
6.476649965542925429e+02
6.482364392550737193e+02
6.488901941751013283e+02
6.496197209826971175e+02
6.504189791722041036e+02
6.512823953273734787e+02
6.522048310840671093e+02
6.531815522083925316e+02
6.542081990618387408e+02
6.552807586174825474e+02
6.563955381122254948e+02
6.575491403625439943e+02
6.580320530622573187e+02
6.586041764316859144e+02
6.592583020745155409e+02
6.599877880115810740e+02
6.607865196518079074e+02
6.616488718775190137e+02
6.625696726936910181e+02
6.635441687213839259e+02
6.645679926912922610e+02
6.656371330033553022e+02
6.667479053542451766e+02
6.678969263899277848e+02
6.683769323364427919e+02
6.689452794550220460e+02
6.695946800922030206e+02
6.703184423632623066e+02
6.711104252252100650e+02
6.719649956793796264e+02
6.728769883904128619e+02
6.738416678637953510e+02
6.748546932210547311e+02
6.759120855399064567e+02
6.770101976780219957e+02
6.781456864676481473e+02
6.786190463488235309e+02
6.791791897145686789e+02
6.798188064260921237e+02
6.805312068238118854e+02
6.813102712523902937e+02
6.821504027140024391e+02
6.830464827716264153e+02
6.839938307053250810e+02
6.849881658434974270e+02
6.860255729379855438e+02
6.871024704191988803e+02
6.882155813494001677e+02
6.886786076268549550e+02
6.892261836461403846e+02
6.898510337301199797e+02
6.905465225577182764e+02
6.913065995342042243e+02
6.921257472639750858e+02
6.929989340816712229e+02
6.939215705053831016e+02
6.948894694173998232e+02
6.958988097440100091e+02
6.969461033892793012e+02
6.980281651732808541e+02
6.984772508088240102e+02
6.990079937893764281e+02
6.996132095779792053e+02
7.002863688821245205e+02
7.010215373026500174e+02
7.018133200274438650e+02
7.026568113601719006e+02
7.035475488096452636e+02
7.044814714302643779e+02
7.054548820894524397e+02
7.064644133376771151e+02
7.075069965658104820e+02
7.079386431207628902e+02
7.084484185019888400e+02
7.090292852812348201e+02
7.096748710586448396e+02
7.103794038604085017e+02
7.111376534842308956e+02
7.119448784188501804e+02
7.127967779272166808e+02
7.136894488711649274e+02
7.146193468604229793e+02
7.155832513247535189e+02
7.165782341307134402e+02
7.169890790192251870e+02
7.174739155810050306e+02
7.180259083190361480e+02
7.186388913679827510e+02
7.193073001438540359e+02
7.200261097981648390e+02
7.207907799417488377e+02
7.215972050950266521e+02
7.224416703332487941e+02
7.233208116197336039e+02
7.242315803522233182e+02
7.251712116835203688e+02
7.257409213047054664e+02
7.263650851211388044e+02
7.270386742821029884e+02
7.277571569372291833e+02
7.285164458888056060e+02
7.293128519178137594e+02
7.301430422045442583e+02
7.310040033063598912e+02
7.318930081998214519e+02
7.328075869394724577e+02
7.337455005294469856e+02
7.347047176456796933e+02
7.359400694739913433e+02
7.371754213023032207e+02
7.384107731306148708e+02
7.396461249589267481e+02
7.408814767872383982e+02
7.421168286155502756e+02
7.433521804438619256e+02
7.445875322721738030e+02
7.458228841004854530e+02
7.470582359287973304e+02
7.482935877571089804e+02
7.495289395854208578e+02
7.514658070768890639e+02
7.533599369075559480e+02
7.552139538238599243e+02
7.570304025156242460e+02
7.588117323683781024e+02
7.605602871198556159e+02
7.622782983879599215e+02
7.639678822334997221e+02
7.656310380810207334e+02
7.672696494515863606e+02
7.688854860677615761e+02
7.704802069777421138e+02
7.708670496617970684e+02
7.713231704608342625e+02
7.718419890585327039e+02
7.724175941570131272e+02
7.730446719109763762e+02
7.737184419700062108e+02
7.744346004372854395e+02
7.751892690729542892e+02
7.759789501054522134e+02
7.768004860579951583e+02
7.776510240453341112e+02
7.785279840450562006e+02
7.788878109671019274e+02
7.793116627598291188e+02
7.797932655491786136e+02
7.803270086545491040e+02
7.809078703649167892e+02
7.815313520675190375e+02
7.821934198858346008e+02
7.828904530317432773e+02
7.836191981349934395e+02
7.843767288758760969e+02
7.851604103105180457e+02
7.859678673400194384e+02
7.870887639398412148e+02
7.882096605396629911e+02
7.893305571394847675e+02
7.904514537393065439e+02
7.915723503391283202e+02
7.926932469389500966e+02
7.938141435387718730e+02
7.949350401385936493e+02
7.960559367384154257e+02
7.971768333382372020e+02
7.982977299380589784e+02
7.994186265378807548e+02
8.005395231377025311e+02
8.016604197375243075e+02
8.027813163373460839e+02
8.039022129371678602e+02
8.050231095369896366e+02
8.061440061368114129e+02
8.072649027366331893e+02
8.083857993364549657e+02
8.095066959362767420e+02
8.106275925360985184e+02
8.117484891359202948e+02
8.128693857357420711e+02
8.131993937947167979e+02
8.135876747175504988e+02
8.140283099467854981e+02
8.145160331270689085e+02
8.150461538014699272e+02
8.156144901396900195e+02
8.162173097099552024e+02
8.168512773823206317e+02
8.175134095320440792e+02
8.182010337929229991e+02
8.189117536890345264e+02
8.196434175473376627e+02
8.200839181218709655e+02
8.205647771078631649e+02
8.210818943155782108e+02
8.216316248750446221e+02
8.222107247768620937e+02
8.228163031841504562e+02
8.234457806870774448e+02
8.240968527617071686e+02
8.247674577791310639e+02
8.254557489881275387e+02
8.261600699646287467e+02
8.268789330841264018e+02
8.278050174357751985e+02
8.287311017874239951e+02
8.296571861390727918e+02
8.305832704907215884e+02
8.315093548423703851e+02
8.324354391940191817e+02
8.333615235456679784e+02
8.342876078973167751e+02
8.352136922489655717e+02
8.361397766006143684e+02
8.370658609522631650e+02
8.379919453039119617e+02
8.394501239342362169e+02
8.408830065903678133e+02
8.422916534839505402e+02
8.436771936744994491e+02
8.450407947747970638e+02
8.463836391282627574e+02
8.477069052713491146e+02
8.490117537004998667e+02
8.502993161346095121e+02
8.515706876060750119e+02
8.528269208313369063e+02
8.540690224093602865e+02
8.543666407972342540e+02
8.547163260885449745e+02
8.551125611488099594e+02
8.555504649735559042e+02
8.560257148992471912e+02
8.565344784550807162e+02
8.570733537301850902e+02
8.576393172339104467e+02
8.582296783298698983e+02
8.588420394234665309e+02
8.594742611756037149e+02
8.601244321009276064e+02
8.605145217671765749e+02
8.609395907679594302e+02
8.613959158427003331e+02
8.618802078896673038e+02
8.623895576473914844e+02
8.629213884109556147e+02
8.634734148835393626e+02
8.640436073688647411e+02
8.646301606064213274e+02
8.652314666382734458e+02
8.658460911739927042e+02
8.664727529892978737e+02
8.672801830111420713e+02
8.680876130329862690e+02
8.688950430548304666e+02
8.697024730766746643e+02
8.705099030985188620e+02
8.713173331203630596e+02
8.721247631422072573e+02
8.729321931640514549e+02
8.737396231858956526e+02
8.745470532077398502e+02
8.753544832295840479e+02
8.761619132514282455e+02
8.769693432732724432e+02
8.777767732951166408e+02
8.785842033169608385e+02
8.793916333388050361e+02
8.801990633606492338e+02
8.810064933824934315e+02
8.818139234043376291e+02
8.826213534261818268e+02
8.834287834480260244e+02
8.842362134698702221e+02
8.850436434917144197e+02
8.858510735135586174e+02
8.866585035354028150e+02
8.874659335572470127e+02
8.882733635790912103e+02
8.890807936009354080e+02
8.898882236227796056e+02
8.906956536446238033e+02
8.915030836664680010e+02
8.923105136883121986e+02
8.931179437101563963e+02
8.939253737320005939e+02
8.947328037538447916e+02
8.955402337756889892e+02
8.957738893082037066e+02
8.960474533977776446e+02
8.963562374630945442e+02
8.966961477439263035e+02
8.970636063702164620e+02
8.974554829761019619e+02
8.978690355091323454e+02
8.983018590349020087e+02
8.987518414778306806e+02
8.992171253679813390e+02
8.996960747808153656e+02
9.001872467616407221e+02
9.008697324630961702e+02
9.015522181645516184e+02
9.022347038660070666e+02
9.029171895674625148e+02
9.035996752689179630e+02
9.042821609703734111e+02
9.049646466718288593e+02
9.056471323732843075e+02
9.063296180747397557e+02
9.070121037761952039e+02
9.076945894776506520e+02
9.083770751791061002e+02
9.090595608805615484e+02
9.097420465820169966e+02
9.104245322834724448e+02
9.111070179849278929e+02
9.117895036863833411e+02
9.124719893878387893e+02
9.131544750892942375e+02
9.138369607907496857e+02
9.145194464922051338e+02
9.152019321936605820e+02
9.158844178951160302e+02
9.165669035965714784e+02
9.168588748154634231e+02
9.171754858691905383e+02
9.175137629434545943e+02
9.178711198977416643e+02
9.182453052633405832e+02
9.186343566117258206e+02
9.190365612838036213e+02
9.194504226005471992e+02
9.198746307914593672e+02
9.203080379798162767e+02
9.207496366537162658e+02
9.211985411307177856e+02
9.217771952081610607e+02
9.223558492856043358e+02
9.229345033630476109e+02
9.235131574404908861e+02
9.240918115179341612e+02
9.246704655953774363e+02
9.252491196728207115e+02
9.258277737502639866e+02
9.264064278277072617e+02
9.269850819051505368e+02
9.275637359825938120e+02
9.281423900600370871e+02
9.287210441374803622e+02
9.292996982149236374e+02
9.298783522923669125e+02
9.304570063698101876e+02
9.310356604472535764e+02
9.316143145246969652e+02
9.321929686021403541e+02
9.327716226795837429e+02
9.333502767570271317e+02
9.339289308344705205e+02
9.345075849119139093e+02
9.350862389893572981e+02
9.353320855033391581e+02
9.355977610479372970e+02
9.358806501512375462e+02
9.361785011398569623e+02
9.364893741541100098e+02
9.368115966233592644e+02
9.371437251512317061e+02
9.374845129004006594e+02
9.378328816903915595e+02
9.381878981304874969e+02
9.385487532046691967e+02
9.389147448079638707e+02
9.396677149328586438e+02
9.404185312743038594e+02
9.411662890474499363e+02
9.419103237636556969e+02
9.426501657514351109e+02
9.433855024274014340e+02
9.441161470550071044e+02
9.448420129289074794e+02
9.455630920920541485e+02
9.462794378356163634e+02
9.469911503524336922e+02
9.476983650162944741e+02
9.478621687950276282e+02
9.480527169557500429e+02
9.482662676381926303e+02
9.484996175027789604e+02
9.487500236471856851e+02
9.490151367061455403e+02
9.492929435944935221e+02
9.495817185464327395e+02
9.498799812785360928e+02
9.501864612599614475e+02
9.505000672114809959e+02
9.508198610763332681e+02
9.510063551997257036e+02
9.512065286522682754e+02
9.514182320159744677e+02
9.516396472909126487e+02
9.518692375456463424e+02
9.521057040877834652e+02
9.523479500606765669e+02
9.525950495238505482e+02
9.528462212074055060e+02
9.531008062461496593e+02
9.533582492993667756e+02
9.536180825486053436e+02
9.541585084395941294e+02
9.547033487980507971e+02
9.552511607386051082e+02
9.558007857132545269e+02
9.563513005679826620e+02
9.569019765702498717e+02
9.574522451466741586e+02
9.580016692648260914e+02
9.585499195586892256e+02
9.590967544379850551e+02
9.596420035407837759e+02
9.601855539897245535e+02
9.606304226597366096e+02
9.610752913297486657e+02
9.615201599997607218e+02
9.619650286697727779e+02
9.624098973397848340e+02
9.628547660097968901e+02
9.632996346798089462e+02
9.637445033498210023e+02
9.641893720198330584e+02
9.646342406898451145e+02
9.650791093598571706e+02
9.655239780298692267e+02
9.656470739031468611e+02
9.657892874367245213e+02
9.659474451087579610e+02
9.661188746701203627e+02
9.663013283855492546e+02
9.664929176916028837e+02
9.666920576422281783e+02
9.668974197275912275e+02
9.671078918433909166e+02
9.673225443570952393e+02
9.675406013658976008e+02
9.677614163705122792e+02
9.678871052885220934e+02
9.680202172703658334e+02
9.681590856962463931e+02
9.683023404021514580e+02
9.684488593578005293e+02
9.685977278660384400e+02
9.687482041546065830e+02
9.688996903930855069e+02
9.690517083083493617e+02
9.692038786933812844e+02
9.693559042089489139e+02
9.695075549674918420e+02
9.698312266327808402e+02
9.701658466271492216e+02
9.705094452049795564e+02
9.708603787841559551e+02
9.712172779196286001e+02
9.715790034066310454e+02
9.719446092642112944e+02
9.723133115373980218e+02
9.726844620170129474e+02
9.730575261133512868e+02
9.734320642368567178e+02
9.738077161383491784e+02
9.739334050563589926e+02
9.740665170382027327e+02
9.742053854640832924e+02
9.743486401699883572e+02
9.744951591256374286e+02
9.746440276338753392e+02
9.747945039224434822e+02
9.749459901609224062e+02
9.750980080761862610e+02
9.752501784612181837e+02
9.754022039767858132e+02
9.755538547353287413e+02
9.759106691279926054e+02
9.762832442775949175e+02
9.766686071056587934e+02
9.770642863997364884e+02
9.774682320941922171e+02
9.778787471840118997e+02
9.782944303418240679e+02
9.787141275925628179e+02
9.791368916456316356e+02
9.795619476953810363e+02
9.799886646813599782e+02
9.804165311540452876e+02
9.805063547776541100e+02
9.806090845605908726e+02
9.807220196709877200e+02
9.808429279247571912e+02
9.809699705175918325e+02
9.811016382966587344e+02
9.812366978805350755e+02
9.813741461670850867e+02
9.815131719731120938e+02
9.816531237284818872e+02
9.817934823031523592e+02
9.819338381804507208e+02
9.821298776453515984e+02
9.823259171102524760e+02
9.825219565751533537e+02
9.827179960400542313e+02
9.829140355049551090e+02
9.831100749698559866e+02
9.833061144347568643e+02
9.835021538996577419e+02
9.836981933645586196e+02
9.838942328294594972e+02
9.840902722943603749e+02
9.842863117592612525e+02
9.844823512241621302e+02
9.846783906890630078e+02
9.848744301539638855e+02
9.850704696188647631e+02
9.852665090837656408e+02
9.854625485486665184e+02
9.856585880135673960e+02
9.858546274784682737e+02
9.860506669433691513e+02
9.862467064082700290e+02
9.864427458731709066e+02
9.866387853380717843e+02
9.868348248029726619e+02
9.870308642678735396e+02
9.872269037327744172e+02
9.874229431976752949e+02
9.876189826625761725e+02
9.878150221274770502e+02
9.880110615923779278e+02
9.882071010572788055e+02
9.884031405221796831e+02
9.885991799870805607e+02
9.887952194519814384e+02
9.889912589168823160e+02
9.890675756710978703e+02
9.891462664840770458e+02
9.892260605066454673e+02
9.893059536991120240e+02
9.893851624031118490e+02
9.894630843937644613e+02
9.895392662613121502e+02
9.896133761406199483e+02
9.896851809529904358e+02
9.897545274503636392e+02
9.898213264596465706e+02
9.898855398169624777e+02
9.900339108429277530e+02
9.901983983032281458e+02
9.903766218189092569e+02
9.905665588210002852e+02
9.907664903483996568e+02
9.909749550568820951e+02
9.911907102059744830e+02
9.914126985715023466e+02
9.916400203874410408e+02
9.918719095543917774e+02
9.921077134664044479e+02
9.923468759055597275e+02
9.923944989740982692e+02
9.924471769806750672e+02
9.925028186133822601e+02
9.925597571605923122e+02
9.926166776333122925e+02
9.926725554998650978e+02
9.927266052755270493e+02
9.927782374596439467e+02
9.928270225311490549e+02
9.928726609030720738e+02
9.929149579004832731e+02
9.929538029672736457e+02
9.930090606016937045e+02
9.930643182361137633e+02
9.931195758705338221e+02
9.931748335049538809e+02
9.932300911393739398e+02
9.932853487737939986e+02
9.933406064082140574e+02
9.933958640426341162e+02
9.934511216770541751e+02
9.935063793114742339e+02
9.935616369458942927e+02
9.936168945803143515e+02
9.937212905732495756e+02
9.938430834678902102e+02
9.939797920029611760e+02
9.941293003659631040e+02
9.942898034889769860e+02
9.944597605695716993e+02
9.946378555885460173e+02
9.948229637755031263e+02
9.950141231277419820e+02
9.952105102206580796e+02
9.954114196615319088e+02
9.956162466357544645e+02
9.956553744873166352e+02
9.956979803416018058e+02
9.957420969001026378e+02
9.957861722467171148e+02
9.958289975169763011e+02
9.958696461832736304e+02
9.959074231871759366e+02
9.959418224032946227e+02
9.959724911402611269e+02
9.959992005759968379e+02
9.960218211897944229e+02
9.960403023957667301e+02
9.960368242534716501e+02
9.960289330130890448e+02
9.960152898643780190e+02
9.959949234062639789e+02
9.959671603850641759e+02
9.959315680127921269e+02
9.958879060471748517e+02
9.958360870848190416e+02
9.957761437522314054e+02
9.957082016800675319e+02
9.956324573178924311e+02
9.955491597934956189e+02
9.953895023946020046e+02
9.952547969418280900e+02
9.951419742102725650e+02
9.950483737828400308e+02
9.949716866968612976e+02
9.949099063457433658e+02
9.948612864452859412e+02
9.948243050416382403e+02
9.947976336833436335e+02
9.947801110058604763e+02
9.947707200855946894e+02
9.947685690139586541e+02
9.947673317655220444e+02
9.947660945170854347e+02
9.947648572686488251e+02
9.947636200202122154e+02
9.947623827717756058e+02
9.947611455233389961e+02
9.947599082749023864e+02
9.947586710264657768e+02
9.947574337780291671e+02
9.947561965295925575e+02
9.947549592811559478e+02
9.947537220327193381e+02
9.947524847842827285e+02
9.947512475358461188e+02
9.947500102874095091e+02
9.947487730389728995e+02
9.947475357905362898e+02
9.947462985420996802e+02
9.947450612936630705e+02
9.947438240452264608e+02
9.947425867967898512e+02
9.947413495483532415e+02
9.947401122999166319e+02
9.947388750514800222e+02
9.947280239641850130e+02
9.947106978723619477e+02
9.946863325697510163e+02
9.946545756696364151e+02
9.946152440417921525e+02
9.945682885682319920e+02
9.945137650426959226e+02
9.944518102188391140e+02
9.943826221660676765e+02
9.943064442232504234e+02
9.942235519522058667e+02
9.941342425876327979e+02
9.939745851887391836e+02
9.938398797359652690e+02
9.937270570044097440e+02
9.936334565769772098e+02
9.935567694909984766e+02
9.934949891398805448e+02
9.934463692394231202e+02
9.934093878357754193e+02
9.933827164774808125e+02
9.933651937999976553e+02
9.933558028797318684e+02
9.933536518080958331e+02
9.933524145596592234e+02
9.933511773112226138e+02
9.933499400627860041e+02
9.933487028143493944e+02
9.933474655659127848e+02
9.933462283174761751e+02
9.933449910690395654e+02
9.933437538206029558e+02
9.933425165721663461e+02
9.933412793237297365e+02
9.933400420752931268e+02
9.933388048268565171e+02
9.933267981035166940e+02
9.933088022219166078e+02
9.932836054793574476e+02
9.932503536318278066e+02
9.932084813116169926e+02
9.931576550069737550e+02
9.930977257772508437e+02
9.930286901497958070e+02
9.929506578803577668e+02
9.928638254610592639e+02
9.927684544330498966e+02
9.926648537085287671e+02
9.925225400971993395e+02
9.923802264858699118e+02
9.922379128745404842e+02
9.920955992632110565e+02
9.919532856518816288e+02
9.918109720405522012e+02
9.916686584292227735e+02
9.915263448178933459e+02
9.913840312065639182e+02
9.912417175952344905e+02
9.910994039839050629e+02
9.909570903725756352e+02
9.907535182944648113e+02
9.905761323784973911e+02
9.904217685794219506e+02
9.902876784529797760e+02
9.901714714228276080e+02
9.900710652984732860e+02
