1.600000000000000089e+00
3.200000000000000178e+00
4.800000000000000711e+00
6.400000000000000355e+00
8.000000000000000000e+00
9.599999999999999645e+00
1.119999999999999929e+01
1.279999999999999893e+01
1.439999999999999858e+01
1.599999999999999822e+01
1.759999999999999787e+01
1.919999999999999929e+01
2.498849801832454887e+01
3.044078278920693492e+01
3.558306329808910107e+01
4.043968227020634032e+01
4.503320248704716278e+01
4.938450195347363092e+01
5.351287345345338764e+01
5.743612525588437734e+01
6.117068066248033631e+01
6.473167479347057451e+01
6.813304753584057494e+01
7.138763197345014078e+01
7.713523258063233357e+01
8.254097119951542538e+01
8.763238858937805276e+01
9.243491738180544814e+01
9.697200840190724591e+01
1.012652595443138210e+02
1.053345436902646668e+02
1.091981332421554214e+02
1.128728196649800282e+02
1.163740270254986342e+02
1.197159189602542995e+02
1.229114988217800715e+02
1.285482672763271523e+02
1.338416846557046256e+02
1.388202883869526829e+02
1.435102915528725873e+02
1.479357476809712750e+02
1.521187117602165415e+02
1.560793949630327688e+02
1.598363114932786289e+02
1.634064166667081963e+02
1.668052358221035547e+02
1.700469840075189722e+02
1.731446766240336501e+02
1.786020267503107561e+02
1.837187144872087856e+02
1.885239266963587852e+02
1.930443379603938183e+02
1.973043118345277094e+02
2.013260920448750539e+02
2.051299821327524455e+02
2.087345128292932372e+02
2.121565969948147199e+02
2.154116723333701202e+02
2.185138323409217946e+02
2.214759461003656895e+02
2.266874748205668482e+02
2.315651748948766340e+02
2.361385274842592708e+02
2.404343441044311760e+02
2.444770018913166325e+02
2.482886626545005981e+02
2.518894752579876410e+02
2.552977614848996950e+02
2.585301859505024709e+02
2.616019108836778742e+02
2.645267367436952100e+02
2.673172297088850655e+02
2.722195250118531362e+02
2.767988873195765791e+02
2.810847333761662412e+02
2.851036853975208487e+02
2.888798374880336723e+02
2.924349998838143847e+02
2.957889216074092928e+02
2.989594925610472842e+02
3.019629263458843980e+02
3.048139252270718202e+02
3.075258287081499020e+02
3.101107471621356240e+02
3.080648251839501199e+02
3.062657148374532312e+02
3.046987270027914860e+02
3.033494732122055666e+02
3.022039966503731421e+02
3.012488645479794513e+02
3.004712302483425219e+02
2.998588715993289497e+02
2.994002110032657811e+02
2.990843213898727413e+02
2.989009215147574423e+02
2.988403632903192033e+02
2.966321801801331048e+02
2.946945162277914392e+02
2.930100804342392848e+02
2.915621910368475938e+02
2.903348682842356538e+02
2.893128932852847015e+02
2.884818407001404239e+02
2.878280914478660293e+02
2.873388303254816947e+02
2.870020324068163404e+02
2.868064412680855639e+02
2.867415414305741024e+02
2.851579891915272356e+02
2.838104365701353800e+02
2.826822493514322900e+02
2.817577214382179136e+02
2.810220749438969960e+02
2.804614461719754672e+02
2.800628613484830112e+02
2.798142051249672022e+02
2.797041841958479154e+02
2.797222878398214334e+02
2.798587467724773319e+02
2.801044913637225022e+02
2.847371516589112161e+02
2.891010892224144300e+02
2.932192021243347995e+02
2.971124022555023316e+02
3.007997842757486069e+02
3.042987825774951034e+02
3.076253162939102594e+02
3.107939226782985997e+02
3.138178793734775809e+02
3.167093162056156075e+02
3.194793171980402349e+02
3.221380135230394899e+02
3.205544612839925662e+02
3.192069086626007106e+02
3.180787214438976207e+02
3.171541935306832443e+02
3.164185470363623267e+02
3.158579182644408547e+02
3.154593334409483987e+02
3.152106772174325329e+02
3.151006562883133029e+02
3.151187599322868209e+02
3.152552188649427194e+02
3.155009634561878897e+02
3.138576781502125641e+02
3.124607814085557607e+02
3.112923973988919215e+02
3.103357386095161132e+02
3.095750843096570293e+02
3.089957478486443279e+02
3.085840362697655337e+02
3.083272049124396972e+02
3.082134090450505255e+02
3.082316540751523917e+02
3.083717454956331494e+02
3.086242394223247061e+02
3.101684413547457098e+02
3.117126432871667134e+02
3.132568452195877171e+02
3.148010471520087208e+02
3.163452490844297245e+02
3.178894510168507281e+02
3.194336529492717318e+02
3.209778548816927355e+02
3.225220568141137392e+02
3.240662587465347428e+02
3.256104606789557465e+02
3.271546626113767502e+02
3.286988645437977539e+02
3.302430664762187575e+02
3.317872684086397612e+02
3.333314703410607649e+02
3.348756722734817686e+02
3.364198742059027722e+02
3.379640761383237759e+02
3.395082780707447796e+02
3.410524800031657833e+02
3.425966819355867869e+02
3.441408838680077906e+02
3.456850858004287943e+02
3.431847502963857437e+02
3.410005649310087961e+02
3.391095299969367147e+02
3.374900135522647702e+02
3.361217407243389061e+02
3.349857630338157719e+02
3.340644137519927881e+02
3.333412538898734283e+02
3.328010123115974466e+02
3.324295226028989418e+02
3.322136586554322548e+02
3.321412704090249690e+02
3.337222101356445592e+02
3.353031498622641493e+02
3.368840895888837395e+02
3.384650293155033296e+02
3.400459690421229197e+02
3.416269087687425099e+02
3.432078484953621000e+02
3.447887882219816902e+02
3.463697279486012803e+02
3.479506676752208705e+02
3.495316074018404606e+02
3.511125471284600508e+02
3.526934868550796409e+02
3.542744265816992311e+02
3.558553663083188212e+02
3.574363060349384114e+02
3.590172457615580015e+02
3.605981854881775917e+02
3.621791252147971818e+02
3.637600649414167719e+02
3.653410046680363621e+02
3.669219443946559522e+02
3.685028841212755424e+02
3.700838238478951325e+02
3.683534915670029477e+02
3.668858061232090790e+02
3.656606201707265313e+02
3.646592023489142775e+02
3.638641679374233036e+02
3.632594052744248643e+02
3.628300004412462272e+02
3.625621620411978938e+02
3.624431473822806993e+02
3.624611909780138603e+02
3.626054359804836054e+02
3.628658689334449150e+02
3.602822758358120723e+02
3.580314199280028333e+02
3.560874289140580231e+02
3.544262612856889518e+02
3.530256239917867447e+02
3.518648808152526613e+02
3.509249559568632435e+02
3.501882361040233604e+02
3.496384733310975435e+02
3.492606904721603200e+02
3.490410900752285102e+02
3.489669676493039674e+02
3.505654088622299582e+02
3.521638500751559491e+02
3.537622912880819399e+02
3.553607325010079308e+02
3.569591737139339216e+02
3.585576149268599124e+02
3.601560561397859033e+02
3.617544973527118941e+02
3.633529385656378849e+02
3.649513797785638758e+02
3.665498209914898666e+02
3.681482622044158575e+02
3.697467034173418483e+02
3.713451446302678391e+02
3.729435858431938300e+02
3.745420270561198208e+02
3.761404682690458117e+02
3.777389094819718025e+02
3.793373506948977933e+02
3.809357919078237842e+02
3.825342331207497750e+02
3.841326743336757659e+02
3.857311155466017567e+02
3.873295567595277475e+02
3.855802376821387156e+02
3.840994928719381392e+02
3.828656959370924824e+02
3.818589084396616613e+02
3.810607654731603020e+02
3.804543640940826208e+02
3.800241560397401486e+02
3.797558456424610540e+02
3.796362934656705761e+02
3.796534259076599369e+02
3.797961508185055095e+02
3.800542790350554014e+02
3.816402681710907245e+02
3.832262573071260476e+02
3.848122464431613707e+02
3.863982355791966938e+02
3.879842247152320169e+02
3.895702138512673400e+02
3.911562029873026631e+02
3.927421921233379862e+02
3.943281812593733093e+02
3.959141703954086324e+02
3.975001595314439555e+02
3.990861486674792786e+02
3.973505314927053291e+02
3.958827308504805274e+02
3.946607337810962690e+02
3.936643153874542804e+02
3.928749057230844528e+02
3.922754626661370594e+02
3.918503517150246012e+02
3.915852331941723605e+02
3.914669570383695145e+02
3.914834650997511289e+02
3.916237007682311742e+02
3.918775255957421564e+02
3.901691310193608615e+02
3.887257089133780710e+02
3.875250312341847234e+02
3.865467441802460371e+02
3.857722174275360771e+02
3.851844024363277867e+02
3.847677002610452064e+02
3.845078389262502014e+02
3.843917601789065657e+02
3.844075152596187195e+02
3.845441692306468440e+02
3.847917133389083801e+02
3.863159263537434640e+02
3.878401393685785479e+02
3.893643523834136317e+02
3.908885653982487156e+02
3.924127784130837995e+02
3.939369914279188833e+02
3.954612044427539672e+02
3.969854174575890511e+02
3.985096304724241350e+02
4.000338434872592188e+02
4.015580565020943027e+02
4.030822695169293866e+02
4.046064825317644704e+02
4.061306955465995543e+02
4.076549085614346382e+02
4.091791215762697220e+02
4.107033345911048059e+02
4.122275476059398898e+02
4.137517606207749736e+02
4.152759736356100575e+02
4.168001866504451414e+02
4.183243996652802252e+02
4.198486126801153091e+02
4.213728256949503361e+02
4.189087390131844586e+02
4.167728890800464114e+02
4.149368140881342129e+02
4.133745486316818187e+02
4.120624170819447158e+02
4.109788385024131117e+02
4.101041443158628113e+02
4.094204092008568523e+02
4.089112951873172506e+02
4.085619085797516163e+02
4.083586691177206376e+02
4.082891906523887542e+02
4.066902158954201241e+02
4.053423270989026150e+02
4.042234457636918705e+02
4.033135073147652179e+02
4.025942751071302155e+02
4.020491701511062956e+02
4.016631158484909179e+02
4.014223968488030323e+02
4.013145310391187195e+02
4.013281536458973733e+02
4.014529124334428616e+02
4.016793730172007031e+02
4.030775803934622559e+02
4.044757877697238087e+02
4.058739951459853614e+02
4.072722025222469142e+02
4.086704098985084670e+02
4.100686172747700198e+02
4.114668246510315726e+02
4.128650320272931253e+02
4.142632394035546781e+02
4.156614467798162309e+02
4.170596541560777837e+02
4.184578615323393365e+02
4.198560689086008892e+02
4.212542762848624420e+02
4.226524836611239948e+02
4.240506910373855476e+02
4.254488984136471004e+02
4.268471057899086532e+02
4.282453131661702059e+02
4.296435205424317587e+02
4.310417279186933115e+02
4.324399352949548643e+02
4.338381426712164171e+02
4.352363500474779698e+02
4.329773978155212149e+02
4.310255055724359181e+02
4.293524432243527826e+02
4.279326928734130888e+02
4.267431870679105259e+02
4.257630691509280041e+02
4.249734750798583605e+02
4.243573356592457912e+02
4.238991978782906926e+02
4.235850639192507288e+02
4.234022463649179144e+02
4.233392381538430982e+02
4.212333068435959262e+02
4.194173785929453970e+02
4.178638342223821383e+02
4.165478409122525250e+02
4.154470641533218895e+02
4.145414073115467204e+02
4.138127771634710257e+02
4.132448735059614364e+02
4.128230008405450349e+02
4.125339001301615554e+02
4.123655986897053367e+02
4.123072763762896784e+02
4.160261785884642904e+02
4.195765142368848046e+02
4.229680982968227454e+02
4.262105703608739304e+02
4.293133052383280983e+02
4.322853486292783600e+02
4.351353727008350916e+02
4.378716473737194406e+02
4.405020239282070520e+02
4.430339281911949456e+02
4.454743610978403012e+02
4.478299048538598299e+02
4.457577178561226106e+02
4.439716916792451684e+02
4.424443699643861692e+02
4.411510934985863059e+02
4.400697073164891435e+02
4.391802964811749348e+02
4.384649486993349683e+02
4.379075417092017233e+02
4.374935533059415320e+02
4.372098918913402485e+02
4.370447455184531123e+02
4.369874475231342217e+02
4.350987791982651629e+02
4.334750091151269089e+02
4.320896938475486877e+02
4.309192205228522994e+02
4.299424918645643174e+02
4.291406450190455075e+02
4.284968013307594106e+02
4.279958441947570691e+02
4.276242221901961784e+02
4.273697748433363586e+02
4.272215785528460970e+02
4.271698104139125007e+02
4.282127015746083316e+02
4.292555927353041625e+02
4.302984838959999934e+02
4.313413750566958242e+02
4.323842662173916551e+02
4.334271573780874860e+02
4.344700485387833169e+02
4.355129396994791477e+02
4.365558308601749786e+02
4.375987220208708095e+02
4.386416131815666404e+02
4.396845043422624713e+02
4.385437895900637386e+02
4.375893353852036398e+02
4.368024436556115688e+02
4.361664538399606954e+02
4.356665063732654062e+02
4.352893341082403253e+02
4.350230785935409585e+02
4.348571283763102997e+02
4.347819767544444858e+02
4.347890966602460026e+02
4.348708306031094821e+02
4.350202938294738715e+02
4.340011663115445231e+02
4.331505101031347067e+02
4.324507675518915448e+02
4.318863751354856504e+02
4.314435221215948104e+02
4.311099390233260351e+02
4.308747123549072739e+02
4.307281225214089204e+02
4.306615020011246315e+02
4.306671112895623992e+02
4.307380303636220447e+02
4.308680636903258687e+02
4.334168349024811846e+02
4.358703156987580201e+02
4.382315560791031430e+02
4.405040948876973061e+02
4.426918019620626410e+02
4.447987523584382643e+02
4.468291268781802614e+02
4.487871341107484113e+02
4.506769500350719682e+02
4.525026719088002665e+02
4.542682837464958538e+02
4.559776311622656522e+02
4.549585036443362469e+02
4.541078474359264874e+02
4.534081048846832687e+02
4.528437124682774311e+02
4.524008594543865911e+02
4.520672763561178158e+02
4.518320496876990546e+02
4.516854598542007011e+02
4.516188393339164122e+02
4.516244486223541799e+02
4.516953676964138253e+02
4.518254010231176494e+02
4.505150649398087239e+02
4.494000169657414858e+02
4.484579111752606195e+02
4.476691580597178017e+02
4.470165706870149052e+02
4.464850558533130425e+02
4.460613450065881693e+02
4.457337601518830752e+02
4.454920104018399911e+02
4.453270152873359393e+02
4.452307513754053616e+02
4.451961191455398534e+02
4.444780479444766570e+02
4.438838513272430646e+02
4.433990224222081338e+02
4.430108947933979948e+02
4.427083971504065403e+02
4.424818411702312915e+02
4.423227381033559027e+02
4.422236403409305012e+02
4.421780045852311218e+02
4.421800736880985596e+02
4.422247746011559002e+02
4.423076302186408952e+02
4.442579551655797445e+02
4.461638108703721741e+02
4.480210193572975754e+02
4.498269610597425867e+02
4.515802556120249847e+02
4.532804990774163230e+02
4.549280482466174362e+02
4.565238441236908216e+02
4.580692679804959653e+02
4.595660244332177058e+02
4.610160469012362796e+02
4.624214215727364490e+02
4.613130604478563441e+02
4.603750520678806311e+02
4.595866987728169306e+02
4.589299903740014202e+02
4.583892440851199694e+02
4.579507921889616000e+02
4.576027115633524431e+02
4.573345897580192059e+02
4.571373228782334195e+02
4.570029410703470489e+02
4.569244579067557197e+02
4.568957404274016767e+02
4.560517989890049648e+02
4.553451986673382521e+02
4.547575272489862641e+02
4.542729444473828266e+02
4.538778179963019852e+02
4.535604103833659906e+02
4.533106095916794516e+02
4.531196979522950983e+02
4.529801539060218261e+02
4.528854821163735096e+02
4.528300679599039427e+02
4.528090529442484922e+02
4.524202823774015769e+02
4.521059172367513952e+02
4.518550720387127626e+02
4.516584756500507751e+02
4.515082316958603315e+02
4.513976140935424723e+02
4.513208927228193943e+02
4.512731849021049015e+02
4.512503289290396538e+02
4.512487764610954741e+02
4.512655009658175800e+02
4.512979198652959099e+02
4.521342774887120299e+02
4.529942384630509764e+02
4.538679439283556576e+02
4.547475597049117937e+02
4.556269234163375472e+02
4.565012489635255974e+02
4.573668794573334253e+02
4.582210810176301834e+02
4.590618709778385664e+02
4.598878750121260737e+02
4.606982085429371523e+02
4.614923785056768679e+02
4.608675252962297577e+02
4.603523806915146679e+02
4.599305235686342712e+02
4.595879896836311218e+02
4.593129078825983811e+02
4.590951888340417213e+02
4.589262591040177313e+02
4.587988342568744429e+02
4.587067254595524446e+02
4.586446747883499029e+02
4.586082150820336665e+02
4.585935507563063425e+02
4.583568422275350827e+02
4.581714926736045754e+02
4.580283726994919107e+02
4.579198457720686974e+02
4.578395342125308503e+02
4.577821207692385883e+02
4.577431805483851122e+02
4.577190388014000746e+02
4.577066507026199247e+02
4.577034998049839487e+02
4.577075123427406993e+02
4.577169849660718342e+02
4.580450149679505785e+02
4.584267638234576339e+02
4.588499594846765035e+02
4.593045372365576213e+02
4.597822762520667084e+02
4.602764931795180701e+02
4.607817841943825101e+02
4.612938081493103937e+02
4.618091045140804454e+02
4.623249407205635180e+02
4.628391843281267484e+02
4.633501961147798625e+02
4.629492988264632345e+02
4.626296229858066908e+02
4.623768664832297191e+02
4.621790499007590824e+02
4.620261556747233271e+02
4.619098212517877187e+02
4.618230785691866913e+02
4.617601331713159993e+02
4.617161771631062948e+02
4.616872309935865246e+02
4.616700097635351767e+02
4.616618103648441434e+02
4.615450427900294130e+02
4.614730244466281306e+02
4.614342566505337686e+02
4.614193703663251540e+02
4.614207730075884228e+02
4.614323504781629595e+02
4.614492162562606268e+02
4.614675004438472570e+02
4.614841726985475816e+02
4.614968938396146427e+02
4.615038916816693018e+02
4.615038573101269890e+02
4.611933506631731916e+02
4.609735915557118915e+02
4.608294280278934139e+02
4.607481194333058170e+02
4.607189637732461165e+02
4.607329810406825459e+02
4.607826445052028248e+02
4.608616529357998388e+02
4.609647377128515018e+02
4.610874996256750364e+02
4.612262708933885733e+02
4.613779985926179847e+02
4.614544278429456767e+02
4.615308570932733687e+02
4.616072863436010607e+02
4.616837155939287527e+02
4.617601448442564447e+02
4.618365740945841367e+02
4.619130033449118287e+02
4.619894325952395207e+02
4.620658618455672126e+02
4.621422910958949046e+02
4.622187203462225966e+02
4.622951495965502886e+02
4.621783820217355583e+02
4.621063636783342758e+02
4.620675958822399139e+02
4.620527095980312993e+02
4.620541122392945681e+02
4.620656897098691047e+02
4.620825554879667720e+02
4.621008396755534022e+02
4.621175119302537269e+02
4.621302330713207880e+02
4.621372309133754470e+02
4.621371965418331342e+02
4.622475425535740214e+02
4.623562086239056157e+02
4.624582548580097523e+02
4.625499199410152755e+02
4.626284062713804133e+02
4.626917006817911897e+02
4.627384251525942886e+02
4.627677127607894931e+02
4.627791048297137877e+02
4.627724658639081099e+02
4.627479133829161810e+02
4.627057602186527561e+02
4.618867723459410968e+02
4.611873811684416182e+02
4.605902619285756145e+02
4.600806433492253973e+02
4.596459308525771803e+02
4.592753844790990456e+02
4.589598439081718197e+02
4.586914939293124576e+02
4.584636645762380454e+02
4.582706609109005171e+02
4.581076181322590628e+02
4.579703782894151800e+02
4.580821043231820227e+02
4.582089882119190634e+02
4.583418764464833544e+02
4.584735719512685819e+02
4.585984900951363556e+02
4.587123704578436900e+02
4.588120358023418248e+02
4.588951909253302688e+02
4.589602551299489051e+02
4.590062229961972662e+02
4.590325489295220223e+02
4.590390516596574457e+02
4.593030622635948816e+02
4.595417164355621935e+02
4.597520087987851980e+02
4.599319571882336959e+02
4.600803990611642575e+02
4.601968230470270100e+02
4.602812299463214458e+02
4.603340183674291097e+02
4.603558909424836543e+02
4.603477777039464627e+02
4.603107737475608587e+02
4.602460887681531858e+02
4.589249996975109980e+02
4.577514248031458806e+02
4.567060014919873652e+02
4.557720429264861082e+02
4.549351600632057284e+02
4.541829366558714014e+02
4.535046501538105872e+02
4.528910322486260043e+02
4.523340635873257725e+02
4.518267978688447215e+02
4.513632111694502100e+02
4.509380729017270255e+02
4.502457613132289111e+02
4.496659128081630001e+02
4.491817338198220568e+02
4.487789505444038127e+02
4.484454329144004987e+02
4.481708736399176018e+02
