0.000000000000000000e+00
0.000000000000000000e+00
0.000000000000000000e+00
0.000000000000000000e+00
0.000000000000000000e+00
0.000000000000000000e+00
0.000000000000000000e+00
0.000000000000000000e+00
0.000000000000000000e+00
0.000000000000000000e+00
0.000000000000000000e+00
0.000000000000000000e+00
0.000000000000000000e+00
0.000000000000000000e+00
0.000000000000000000e+00
0.000000000000000000e+00
0.000000000000000000e+00
0.000000000000000000e+00
0.000000000000000000e+00
0.000000000000000000e+00
0.000000000000000000e+00
0.000000000000000000e+00
0.000000000000000000e+00
0.000000000000000000e+00
-2.216103168831328407e+00
-4.236808588533981457e+00
-6.077595924151157014e+00
-7.752773583820487424e+00
-9.275552430081935640e+00
-1.065811880313665228e+01
-1.191170564002293730e+01
-1.304666086937988290e+01
-1.407251255728109740e+01
-1.499803049879868944e+01
-1.583128411055925966e+01
-1.657969659556248487e+01
-1.367760333651126459e+01
-1.101610781759498003e+01
-8.576745777794616998e+00
-6.342324775451185559e+00
-4.296872688420617870e+00
-2.425578513940859438e+00
-7.147287934148760513e-01
8.483578872919776970e-01
2.275396541928111027e+00
3.577200303809703996e+00
4.763742941493408267e+00
5.844218782964723857e+00
8.577900381533329011e+00
1.106651376673655562e+01
1.332948935857374728e+01
1.538481551669902991e+01
1.724911770578442116e+01
1.893774107416682639e+01
2.046483375427779450e+01
2.184342898136988254e+01
2.308552472071412964e+01
2.420215993758055006e+01
2.520348697384235592e+01
2.609883973706574523e+01
2.863084721852236214e+01
3.091629791545344830e+01
3.297535198446131233e+01
3.482657482729059240e+01
3.648704295845367085e+01
3.797244895760437799e+01
3.929720348161085042e+01
4.047453300311433111e+01
4.151657245197292667e+01
4.243445230724272932e+01
4.323837995406104540e+01
4.393771530793726754e+01
4.623724011393285593e+01
4.829171957871272980e+01
5.012179829393166841e+01
5.174639280627913962e+01
5.318282289920770722e+01
5.444693764201068120e+01
5.555323487229162538e+01
5.651497336510817604e+01
5.734427736143389609e+01
5.805223342243632345e+01
5.864897977671772367e+01
5.914378845963787512e+01
6.118285079758514655e+01
6.298136086139670198e+01
6.456019648179747605e+01
6.593839518067041183e+01
6.713330926949888067e+01
6.816075146142841845e+01
6.903513037031308386e+01
6.976957574561022568e+01
7.037605361599590026e+01
7.086547172745150647e+01
7.124777579371708214e+01
7.153203715120402251e+01
7.328582644235231669e+01
7.480648348018731042e+01
7.611486530055245225e+01
7.722989875879008537e+01
7.816875755771565082e+01
7.894702565090818780e+01
7.957884710962981956e+01
8.007706289965827295e+01
8.045333523902944250e+01
8.071826033700011749e+01
8.088147037657263638e+01
8.095172561844400150e+01
8.239890238409745393e+01
8.362320358685200006e+01
8.464521168674259854e+01
8.548351257738760012e+01
8.615489238948202910e+01
8.667451669708398754e+01
8.705609292888061645e+01
8.731201702270666942e+01
8.745350548427425963e+01
8.749071405524409784e+01
8.743284418693468751e+01
8.728823847262057711e+01
8.841119398525663087e+01
8.932424249527210236e+01
9.004744144690633334e+01
9.059880962557028283e+01
9.099454134222438029e+01
9.124919926214329280e+01
9.137588738436622293e+01
9.138640578946208848e+01
9.129138879240309734e+01
9.110042809583386259e+01
9.082218245943187185e+01
9.046447529936801857e+01
9.124954583931454977e+01
9.184023200999534708e+01
9.225582218807095103e+01
9.251354880463050279e+01
9.262881730433596772e+01
9.261541025039380770e+01
9.248566876743758769e+01
9.225065349962494565e+01
9.192028717665985482e+01
9.150348075377559098e+01
9.100824494232809059e+01
9.044178878886442874e+01
8.918353141114185689e+01
8.792527403341928505e+01
8.666701665569671320e+01
8.540875927797414136e+01
8.415050190025156951e+01
8.289224452252899766e+01
8.163398714480642582e+01
8.037572976708385397e+01
7.911747238936128213e+01
7.785921501163871028e+01
7.660095763391613843e+01
7.534270025619356659e+01
7.408444287847099474e+01
7.282618550074842290e+01
7.156792812302585105e+01
7.030967074530327920e+01
6.905141336758070736e+01
6.779315598985813551e+01
6.653489861213556367e+01
6.527664123441299182e+01
6.401838385669041998e+01
6.276012647896784813e+01
6.150186910124527628e+01
6.024361172352270444e+01
6.034451609442227493e+01
6.030838737463602683e+01
6.014887599677251728e+01
5.987815514595538957e+01
5.950709165683278457e+01
5.904539666252723862e+01
5.850175826315650340e+01
5.788395828786053698e+01
5.719897502675677003e+01
5.645307361638157317e+01
5.565188557922144241e+01
5.480047884789482282e+01
5.223971279054792660e+01
4.976822228643186463e+01
4.738191196230192759e+01
4.507652287225862153e+01
4.284772581435832706e+01
4.069119390409518644e+01
3.860265828475361616e+01
3.657795017183518382e+01
3.461303186216944994e+01
3.270401886895338350e+01
3.084719495567726710e+01
2.903902152106198287e+01
2.913992589196155336e+01
2.910379717217531947e+01
2.894428579431178150e+01
2.867356494349465379e+01
2.830250145437204878e+01
2.784080646006651705e+01
2.729716806069578183e+01
2.667936808539980120e+01
2.599438482429604846e+01
2.524848341392083739e+01
2.444729537676070663e+01
2.359588864543408704e+01
2.225538586121888329e+01
2.091488307700367955e+01
1.957438029278847580e+01
1.823387750857327205e+01
1.689337472435806831e+01
1.555287194014286456e+01
1.421236915592766081e+01
1.287186637171245707e+01
1.153136358749725332e+01
1.019086080328204957e+01
8.850358019066845827e+00
7.509855234851642081e+00
6.169352450636438334e+00
4.828849666421234588e+00
3.488346882206030841e+00
2.147844097990827095e+00
8.073413137756233482e-01
-5.331614704395803983e-01
-1.873664254654784145e+00
-3.214167038869987891e+00
-4.554669823085191638e+00
-5.895172607300395384e+00
-7.235675391515599131e+00
-8.576178175730802877e+00
-9.916680959946006624e+00
-1.125718374416121037e+01
-1.259768652837641412e+01
-1.393818931259161786e+01
-1.527869209680682161e+01
-1.661919488102202536e+01
-1.795969766523722910e+01
-1.930020044945243285e+01
-2.064070323366763660e+01
-2.198120601788284034e+01
-2.332170880209804409e+01
-2.466221158631324784e+01
-2.600271437052845158e+01
-2.734321715474365533e+01
-2.868371993895885907e+01
-3.002422272317406282e+01
-3.136472550738926657e+01
-3.270522829160447031e+01
-3.404573107581967406e+01
-3.538623386003487781e+01
-3.672673664425008155e+01
-3.806723942846528530e+01
-3.940774221268048905e+01
-4.074824499689569279e+01
-4.088922406931260412e+01
-4.115428450115337000e+01
-4.153061925221487627e+01
-4.200686376301413816e+01
-4.257292215200425289e+01
-4.321981490720767738e+01
-4.393954552006718473e+01
-4.472498376003815679e+01
-4.556976353203782537e+01
-4.646819348891241930e+01
-4.741517878400387076e+01
-4.840615254306212023e+01
-5.087084970948117757e+01
-5.326205400332392514e+01
-5.558245100500485592e+01
-5.783502189814143435e+01
-6.002293739678421503e+01
-6.214947359927504067e+01
-6.421794580888621340e+01
-6.623165703911843138e+01
-6.819385848734353317e+01
-7.010771973191944539e+01
-7.197630680008413151e+01
-7.380256657974686618e+01
-7.394354565216377750e+01
-7.420860608400457181e+01
-7.458494083506607808e+01
-7.506118534586533997e+01
-7.562724373485545470e+01
-7.627413649005887919e+01
-7.699386710291838654e+01
-7.777930534288935860e+01
-7.862408511488902718e+01
-7.952251507176362111e+01
-8.046950036685510099e+01
-8.146047412591332204e+01
-8.287277961612369381e+01
-8.428508510633406559e+01
-8.569739059654443736e+01
-8.710969608675480913e+01
-8.852200157696518090e+01
-8.993430706717555267e+01
-9.134661255738592445e+01
-9.275891804759629622e+01
-9.417122353780666799e+01
-9.558352902801703976e+01
-9.699583451822741154e+01
-9.840814000843778331e+01
-9.982044549864815508e+01
-1.012327509888585269e+02
-1.026450564790688986e+02
-1.040573619692792704e+02
-1.054696674594896422e+02
-1.068819729497000139e+02
-1.082942784399103857e+02
-1.097065839301207575e+02
-1.111188894203311293e+02
-1.125311949105415010e+02
-1.139435004007518728e+02
-1.153558058909622446e+02
-1.167681113811726163e+02
-1.181804168713829881e+02
-1.195927223615933599e+02
-1.210050278518037317e+02
-1.224173333420141034e+02
-1.238296388322244752e+02
-1.252419443224348470e+02
-1.266542498126452188e+02
-1.280665553028555905e+02
-1.294788607930659623e+02
-1.308911662832763341e+02
-1.323034717734867058e+02
-1.337157772636970776e+02
-1.351280827539074494e+02
-1.365403882441178212e+02
-1.379526937343281929e+02
-1.393649992245385647e+02
-1.407773047147489365e+02
-1.421896102049593082e+02
-1.436019156951696800e+02
-1.450142211853800518e+02
-1.464265266755904236e+02
-1.478388321658007953e+02
-1.492511376560111671e+02
-1.496329019254395405e+02
-1.501248292122259897e+02
-1.507150556371720995e+02
-1.513931137979122070e+02
-1.521497574143022007e+02
-1.529768085471391998e+02
-1.538670245733245849e+02
-1.548139824063826779e+02
-1.558119777390189995e+02
-1.568559373498371485e+02
-1.579413427575615003e+02
-1.590641637228869740e+02
-1.605372698656698844e+02
-1.620103760084527948e+02
-1.634834821512357053e+02
-1.649565882940186157e+02
-1.664296944368015261e+02
-1.679028005795844365e+02
-1.693759067223673469e+02
-1.708490128651502573e+02
-1.723221190079331677e+02
-1.737952251507160781e+02
-1.752683312934989885e+02
-1.767414374362818990e+02
-1.782145435790648094e+02
-1.796876497218477198e+02
-1.811607558646306302e+02
-1.826338620074135406e+02
-1.841069681501964510e+02
-1.855800742929793614e+02
-1.870531804357622718e+02
-1.885262865785451822e+02
-1.899993927213280926e+02
-1.914724988641110031e+02
-1.929456050068939135e+02
-1.944187111496768239e+02
-1.958918172924597343e+02
-1.973649234352426447e+02
-1.988380295780255551e+02
-2.003111357208084655e+02
-2.017842418635913759e+02
-2.032573480063742863e+02
-2.047304541491571968e+02
-2.062035602919401072e+02
-2.076766664347230176e+02
-2.091497725775059280e+02
-2.106228787202888384e+02
-2.120959848630717488e+02
-2.135690910058546592e+02
-2.150421971486375696e+02
-2.165153032914204800e+02
-2.179884094342033904e+02
-2.194615155769863009e+02
-2.209346217197692113e+02
-2.224077278625521217e+02
-2.238808340053350321e+02
-2.253539401481179425e+02
-2.268270462909008529e+02
-2.283001524336837633e+02
-2.297732585764666737e+02
-2.312463647192495841e+02
-2.327194708620324946e+02
-2.341925770048154050e+02
-2.356656831475983154e+02
-2.371387892903812258e+02
-2.386118954331641362e+02
-2.400850015759470466e+02
-2.415581077187299570e+02
-2.430312138615128674e+02
-2.445043200042957778e+02
-2.459774261470786882e+02
-2.474505322898615987e+02
-2.480701077602954285e+02
-2.487850697210108990e+02
-2.495845898750599474e+02
-2.504591795196940609e+02
-2.514005140059620942e+02
-2.524012806747034574e+02
-2.534550472093052065e+02
-2.545561477040849638e+02
-2.556995840768725827e+02
-2.568809407531192619e+02
-2.580963108165205995e+02
-2.593422320588334173e+02
-2.608646631553457951e+02
-2.623870942518581728e+02
-2.639095253483705505e+02
-2.654319564448829283e+02
-2.669543875413953060e+02
-2.684768186379076838e+02
-2.699992497344200615e+02
-2.715216808309324392e+02
-2.730441119274448170e+02
-2.745665430239571947e+02
-2.760889741204695724e+02
-2.776114052169819502e+02
-2.791338363134943279e+02
-2.806562674100067056e+02
-2.821786985065190834e+02
-2.837011296030314611e+02
-2.852235606995438388e+02
-2.867459917960562166e+02
-2.882684228925685943e+02
-2.897908539890809720e+02
-2.913132850855933498e+02
-2.928357161821057275e+02
-2.943581472786181052e+02
-2.958805783751304830e+02
-2.974030094716428607e+02
-2.989254405681552385e+02
-3.004478716646676162e+02
-3.019703027611799939e+02
-3.034927338576923717e+02
-3.050151649542047494e+02
-3.065375960507171271e+02
-3.080600271472295049e+02
-3.095824582437418826e+02
-3.111048893402542603e+02
-3.126273204367666381e+02
-3.141497515332790158e+02
-3.156721826297913935e+02
-3.171946137263037713e+02
-3.187170448228161490e+02
-3.202394759193285267e+02
-3.217619070158409045e+02
-3.232843381123532822e+02
-3.248067692088656599e+02
-3.263292003053780377e+02
-3.278516314018904154e+02
-3.293740624984027932e+02
-3.308964935949151709e+02
-3.324189246914275486e+02
-3.332714847849965736e+02
-3.342039117679322544e+02
-3.352064972794548794e+02
-3.362708052347284138e+02
-3.373894974661515676e+02
-3.385561835612237473e+02
-3.397652916184458718e+02
-3.410119570511112101e+02
-3.422919269379192997e+02
-3.436014777491001837e+02
-3.449373445687343178e+02
-3.462966601907172617e+02
-3.478565562939629672e+02
-3.494164523972086727e+02
-3.509763485004543782e+02
-3.525362446037000836e+02
-3.540961407069457891e+02
-3.556560368101914946e+02
-3.572159329134372001e+02
-3.587758290166829056e+02
-3.603357251199286111e+02
-3.618956212231743166e+02
-3.634555173264200221e+02
-3.650154134296657276e+02
-3.665753095329114331e+02
-3.681352056361571385e+02
-3.696951017394028440e+02
-3.712549978426485495e+02
-3.728148939458942550e+02
-3.743747900491399605e+02
-3.759346861523856660e+02
-3.774945822556313715e+02
-3.790544783588770770e+02
-3.806143744621227825e+02
-3.821742705653684880e+02
-3.837341666686141934e+02
-3.852940627718598989e+02
-3.868539588751056044e+02
-3.884138549783513099e+02
-3.899737510815970154e+02
-3.915336471848427209e+02
-3.930935432880884264e+02
-3.946534393913341319e+02
-3.962133354945798374e+02
-3.977732315978255428e+02
-3.993331277010712483e+02
-4.008930238043169538e+02
-4.024529199075626593e+02
-4.040128160108083648e+02
-4.055727121140540703e+02
-4.071326082172997758e+02
-4.086925043205454813e+02
-4.102524004237911868e+02
-4.118122965270368923e+02
-4.133721926302825977e+02
-4.149320887335283032e+02
-4.164919848367740087e+02
-4.180518809400197142e+02
-4.196117770432654197e+02
-4.211716731465111252e+02
-4.221341060999571937e+02
-4.231825591987654320e+02
-4.243048260608242117e+02
-4.254904738401050963e+02
-4.267305845569190978e+02
-4.280175335258745690e+02
-4.293447998141339212e+02
-4.307068042749828578e+02
-4.320987712651541415e+02
-4.335166106639571240e+02
-4.349568172673311324e+02
-4.364163850323556062e+02
-4.380059987047976620e+02
-4.395956123772397177e+02
-4.411852260496817735e+02
-4.427748397221238292e+02
-4.443644533945658850e+02
-4.459540670670079408e+02
-4.475436807394499965e+02
-4.491332944118920523e+02
-4.507229080843341080e+02
-4.523125217567761638e+02
-4.539021354292182195e+02
-4.554917491016602753e+02
-4.570813627741023311e+02
-4.586709764465443868e+02
-4.602605901189864426e+02
-4.618502037914284983e+02
-4.634398174638705541e+02
-4.650294311363126099e+02
-4.666190448087546656e+02
-4.682086584811967214e+02
-4.697982721536387771e+02
-4.713878858260808329e+02
-4.729774994985228886e+02
-4.745671131709649444e+02
-4.761567268434070002e+02
-4.777463405158490559e+02
-4.793359541882911117e+02
-4.809255678607331674e+02
-4.825151815331752232e+02
-4.841047952056172790e+02
-4.856944088780593347e+02
-4.872840225505013905e+02
-4.888736362229434462e+02
-4.904632498953855020e+02
-4.920528635678275577e+02
-4.936424772402696135e+02
-4.952320909127116693e+02
-4.968217045851537250e+02
-4.984113182575957808e+02
-5.000009319300378365e+02
-5.015905456024798923e+02
-5.031801592749219481e+02
-5.047697729473640038e+02
-5.063593866198060596e+02
-5.079490002922481153e+02
-5.095386139646901711e+02
-5.111282276371322268e+02
-5.127178413095742826e+02
-5.140115494050514826e+02
-5.153653050737866579e+02
-5.167688447280698938e+02
-5.182135528883082998e+02
-5.196922069111624296e+02
-5.211987600051592153e+02
-5.227281570511385098e+02
-5.242761784600376131e+02
-5.258393079435588788e+02
-5.274146206443278970e+02
-5.289996885744841393e+02
-5.305925007502479502e+02
-5.322129366500902279e+02
-5.338534327103971009e+02
-5.355088462866485770e+02
-5.371749889413235906e+02
-5.388484672989081901e+02
-5.405265491052180096e+02
-5.422070506479543610e+02
-5.438882422539672916e+02
-5.455687690632811382e+02
-5.472475846981391214e+02
-5.489238958046987591e+02
-5.505971157527750393e+02
-5.521903593640856798e+02
-5.537836029753963203e+02
-5.553768465867069608e+02
-5.569700901980176013e+02
-5.585633338093282418e+02
-5.601565774206388824e+02
-5.617498210319495229e+02
-5.633430646432601634e+02
-5.649363082545708039e+02
-5.665295518658814444e+02
-5.681227954771920849e+02
-5.697160390885027255e+02
-5.710742391612388928e+02
-5.724871943227285556e+02
-5.739450453152348928e+02
-5.754395534438565392e+02
-5.769638463589600406e+02
-5.785122023085041292e+02
-5.800798673024205527e+02
-5.816629003659096497e+02
-5.832580427165540868e+02
-5.848626072827031521e+02
-5.864743854916482633e+02
-5.880915687013211937e+02
-5.896912969376514866e+02
-5.912910251739817795e+02
-5.928907534103120724e+02
-5.944904816466423654e+02
-5.960902098829726583e+02
-5.976899381193029512e+02
-5.992896663556332442e+02
-6.008893945919635371e+02
-6.024891228282938300e+02
-6.040888510646241230e+02
-6.056885793009544159e+02
-6.072883075372847088e+02
-6.088880357736150017e+02
-6.104877640099452947e+02
-6.120874922462755876e+02
-6.136872204826058805e+02
-6.152869487189361735e+02
-6.168866769552664664e+02
-6.184864051915967593e+02
-6.200861334279270523e+02
-6.216858616642573452e+02
-6.232855899005876381e+02
-6.248853181369179310e+02
-6.264850463732482240e+02
-6.281379931238342351e+02
-6.298081069002778349e+02
-6.314904748359717814e+02
-6.331811207931032186e+02
-6.348768473338005833e+02
-6.365751028813045878e+02
-6.382738702107276367e+02
-6.399715729732741920e+02
-6.416669974466806252e+02
-6.433592271260041571e+02
-6.450475881305783332e+02
-6.467316037123919159e+02
-6.480987497471153347e+02
-6.495073630259917081e+02
-6.509506252008178535e+02
-6.524227957099215018e+02
-6.539190454190004402e+02
-6.554353153988283793e+02
-6.569681971525180870e+02
-6.585148311168321698e+02
-6.600728207112788368e+02
-6.616401596004142220e+02
-6.632151701744155616e+02
-6.647964515462340387e+02
-6.664493982968200498e+02
-6.681195120732636497e+02
-6.698018800089575961e+02
-6.714925259660890333e+02
-6.731882525067863980e+02
-6.748865080542904025e+02
-6.765852753837134514e+02
-6.782829781462600067e+02
-6.799784026196664399e+02
-6.816706322989899718e+02
-6.833589933035641479e+02
-6.850430088853777306e+02
-6.868822704146834894e+02
-6.887213719271611581e+02
-6.905567928406231886e+02
-6.923858408364934576e+02
-6.942065012039993235e+02
-6.960173111746489667e+02
-6.978172553006247654e+02
-6.996056785268167459e+02
-7.013822141184956536e+02
-7.031467240449951532e+02
-7.048992497936336576e+02
-7.066399719060632378e+02
-7.076918319296948994e+02
-7.088228930829164938e+02
-7.100214521869291957e+02
-7.112775482850747721e+02
-7.125827045706595300e+02
-7.139297077737055588e+02
-7.153124198225357304e+02
-7.167256172366231795e+02
-7.181648542924505136e+02
-7.196263465307142724e+02
-7.211068716414189339e+02
-7.226036851759379260e+02
-7.243976564022743787e+02
-7.261958045357184801e+02
-7.279942579238614826e+02
-7.297900009330181774e+02
-7.315807213367260147e+02
-7.333646827628035680e+02
-7.351406182712189548e+02
-7.369076417235991130e+02
-7.386651741120012957e+02
-7.404128824490047691e+02
-7.421506291922704577e+02
-7.438784304927720541e+02
-7.458481005744640697e+02
-7.478046087836480638e+02
-7.497454973516654491e+02
-7.516690511421028305e+02
-7.535741532984517335e+02
-7.554601656043499815e+02
-7.573268295657323961e+02
-7.591741848411168121e+02
-7.610025021734550137e+02
-7.628122284258680565e+02
-7.646039417046644076e+02
-7.663783148757656818e+02
-7.673636381747617179e+02
-7.684194937292570557e+02
-7.695368609645028073e+02
-7.707079477650822810e+02
-7.719260174315605809e+02
-7.731852401666264996e+02
