-3.000000000000000000e+02
-3.000000000000000000e+02
-3.000000000000000000e+02
-3.000000000000000000e+02
-3.000000000000000000e+02
-3.000000000000000000e+02
-3.000000000000000000e+02
-3.000000000000000000e+02
-3.000000000000000000e+02
-3.000000000000000000e+02
-3.000000000000000000e+02
-3.000000000000000000e+02
-2.999930966923853930e+02
-2.999574316241804581e+02
-2.999032441430568383e+02
-2.998387357227785515e+02
-2.997704185152242076e+02
-2.997034083292169839e+02
-2.996416704326160811e+02
-2.995882253975711365e+02
-2.995453211714988697e+02
-2.995145766500971831e+02
-2.994971012426927928e+02
-2.994935942423301753e+02
-2.992016036550927538e+02
-2.989179642380701125e+02
-2.986499224469183673e+02
-2.984029162300236067e+02
-2.981809098264985209e+02
-2.979866727092476708e+02
-2.978220114538269172e+02
-2.976879620181570090e+02
-2.975849487919072089e+02
-2.975129158023473224e+02
-2.974714346292661844e+02
-2.974597928688453976e+02
-2.968862678386612970e+02
-2.963581052954548340e+02
-2.958794706305950513e+02
-2.954529721000855034e+02
-2.950799777948343490e+02
-2.947608771538747874e+02
-2.944952960786966969e+02
-2.942822733078273814e+02
-2.941204045093678019e+02
-2.940079595232155043e+02
-2.939429773124850271e+02
-2.939233424447688208e+02
-2.930752614183789433e+02
-2.923090022412678763e+02
-2.916255985575298268e+02
-2.910247971944633036e+02
-2.905053534483323574e+02
-2.900652719857446868e+02
-2.897020025860202850e+02
-2.894125984645780818e+02
-2.891938436553570568e+02
-2.890423548628496064e+02
-2.889546622946891148e+02
-2.889272732297013704e+02
-2.878149553526760656e+02
-2.868199231083327163e+02
-2.859400658164807396e+02
-2.851722719562277462e+02
-2.845126991743022700e+02
-2.839569916433870276e+02
-2.835004540508024320e+02
-2.831381899442758936e+02
-2.828652108543053032e+02
-2.826765215167038150e+02
-2.825671856028116053e+02
-2.825323756008656346e+02
-2.811693551579446080e+02
-2.799576570416216441e+02
-2.788920519294203473e+02
-2.779666078121269379e+02
-2.771749314393103987e+02
-2.765103594898718598e+02
-2.759661086900115379e+02
-2.755353924980396982e+02
-2.752115106389198900e+02
-2.749879166603674889e+02
-2.748582677609053917e+02
-2.748164603776123727e+02
-2.783347575955339153e+02
-2.815912441687717092e+02
-2.846127122918459804e+02
-2.874229935143060288e+02
-2.900433020268343967e+02
-2.924925386927504860e+02
-2.947875596778847580e+02
-2.969434133815984751e+02
-2.989735491435860695e+02
-3.008900009312959583e+02
-3.027035489260786107e+02
-3.044238616389748699e+02
-3.074144620029727548e+02
-3.101693179330629278e+02
-3.127136989249829639e+02
-3.150699382584642763e+02
-3.172577916164875660e+02
-3.192947520821428498e+02
-3.211963262966024217e+02
-3.229762762286636644e+02
-3.246468306300383233e+02
-3.262188698609451762e+02
-3.277020873870918081e+02
-3.291051308839123521e+02
-3.311873212025908515e+02
-3.331113083692096097e+02
-3.348941831457297553e+02
-3.365510173487185739e+02
-3.380951183790695040e+02
-3.395382508284873211e+02
-3.408908292998628440e+02
-3.421620861233051869e+02
-3.433602172228383438e+02
-3.444925089964044105e+02
-3.455654487161559700e+02
-3.465848206371204014e+02
-3.459783959236141868e+02
-3.454505349084113277e+02
-3.449997470060826572e+02
-3.446239023888339830e+02
-3.443204039212683938e+02
-3.440863260053776571e+02
-3.439185260770908030e+02
-3.438137335475844338e+02
-3.437686201843537219e+02
-3.437798552567591059e+02
-3.438441482090835279e+02
-3.439582811542542800e+02
-3.460404714729327225e+02
-3.479644586395514807e+02
-3.497473334160716831e+02
-3.514041676190605017e+02
-3.529482686494114319e+02
-3.543914010988291921e+02
-3.557439795702048286e+02
-3.570152363936471147e+02
-3.582133674931802716e+02
-3.593456592667463383e+02
-3.604185989864978978e+02
-3.614379709074623293e+02
-3.631159772031630268e+02
-3.646560100486127567e+02
-3.660737466052669902e+02
-3.673829216089600322e+02
-3.685955825044778749e+02
-3.697223103365442967e+02
-3.707724108861302170e+02
-3.717540800090779953e+02
-3.726745466464315086e+02
-3.735401965352137950e+02
-3.743566792545007615e+02
-3.751290008925003008e+02
-3.755478569440350043e+02
-3.759667129955697078e+02
-3.763855690471044113e+02
-3.768044250986391148e+02
-3.772232811501738183e+02
-3.776421372017085218e+02
-3.780609932532432254e+02
-3.784798493047779289e+02
-3.788987053563126324e+02
-3.793175614078473359e+02
-3.797364174593820394e+02
-3.801552735109167429e+02
-3.805741295624514464e+02
-3.809929856139861499e+02
-3.814118416655208534e+02
-3.818306977170555570e+02
-3.822495537685902605e+02
-3.826684098201249640e+02
-3.830872658716596675e+02
-3.835061219231943710e+02
-3.839249779747290745e+02
-3.843438340262637780e+02
-3.847626900777984815e+02
-3.851815461293331850e+02
-3.866471048559374140e+02
-3.879572253020227208e+02
-3.891318358774598209e+02
-3.901881575061902367e+02
-3.911410813775620454e+02
-3.920034943169759458e+02
-3.927865586801696054e+02
-3.934999528913663767e+02
-3.941520780098051091e+02
-3.947502350336971517e+02
-3.953007770402423375e+02
-3.958092397152689728e+02
-3.960554704623255020e+02
-3.963017012093821450e+02
-3.965479319564386742e+02
-3.967941627034953171e+02
-3.970403934505518464e+02
-3.972866241976084893e+02
-3.975328549446650186e+02
-3.977790856917216615e+02
-3.980253164387781908e+02
-3.982715471858348337e+02
-3.985177779328913630e+02
-3.987640086799480059e+02
-3.990102394270045352e+02
-3.992564701740611781e+02
-3.995027009211177074e+02
-3.997489316681743503e+02
-3.999951624152308796e+02
-4.002413931622875225e+02
-4.004876239093440518e+02
-4.007338546564006947e+02
-4.009800854034572239e+02
-4.012263161505138669e+02
-4.014725468975703961e+02
-4.017187776446270391e+02
-4.024445353264790128e+02
-4.030815127105331044e+02
-4.036417781382442627e+02
-4.041356839219529320e+02
-4.045721155913354892e+02
-4.049587049131281447e+02
-4.053020118329588399e+02
-4.056076797999559176e+02
-4.058805683248596665e+02
-4.061248660861737676e+02
-4.063441874305877946e+02
-4.065416547070092861e+02
-4.068732070978572892e+02
-4.071128066212413046e+02
-4.072756972999432605e+02
-4.073747056006155844e+02
-4.074206133269298675e+02
-4.074224745484749519e+02
-4.073878846159358318e+02
-4.073232082522430346e+02
-4.072337727584942968e+02
-4.071240315311941345e+02
-4.069977023481075094e+02
-4.068578842358108432e+02
-4.067872748255340412e+02
-4.067166654152573528e+02
-4.066460560049805508e+02
-4.065754465947038625e+02
-4.065048371844270605e+02
-4.064342277741503722e+02
-4.063636183638735702e+02
-4.062930089535968818e+02
-4.062223995433200798e+02
-4.061517901330433915e+02
-4.060811807227665895e+02
-4.060105713124899012e+02
-4.059399619022130992e+02
-4.058693524919364108e+02
-4.057987430816596088e+02
-4.057281336713829205e+02
-4.056575242611061185e+02
-4.055869148508294302e+02
-4.055163054405526282e+02
-4.054456960302759398e+02
-4.053750866199991378e+02
-4.053044772097224495e+02
-4.052338677994456475e+02
-4.051632583891689592e+02
-4.049082208029475396e+02
-4.046170881191083026e+02
-4.042978451679252885e+02
-4.039570546446483377e+02
-4.036000906640737753e+02
-4.032313355301757838e+02
-4.028543453270352757e+02
-4.024719891199590620e+02
-4.020865658473870212e+02
-4.016999023735452283e+02
-4.013134356475104596e+02
-4.009282814657021277e+02
-4.007170033069211854e+02
-4.005057251481401863e+02
-4.002944469893592441e+02
-4.000831688305782450e+02
-3.998718906717973027e+02
-3.996606125130163036e+02
-3.994493343542353614e+02
-3.992380561954543623e+02
-3.990267780366734200e+02
-3.988154998778924210e+02
-3.986042217191114787e+02
-3.983929435603304796e+02
-3.977029209345570848e+02
-3.970008007317551915e+02
-3.962926420036008608e+02
-3.955832310144642179e+02
-3.948763048228617549e+02
-3.941747382950728706e+02
-3.934807002904263982e+02
-3.927957838930658454e+02
-3.921211148217486198e+02
-3.914574415130711600e+02
-3.908052098308542099e+02
-3.901646248928099681e+02
-3.890449925983545540e+02
-3.879373544892439440e+02
-3.868457966377125103e+02
-3.857732915915952958e+02
-3.847219102409305833e+02
-3.836929976187003604e+02
-3.826873184637698841e+02
-3.817051774687754460e+02
-3.807465183632886578e+02
-3.798110053258521930e+02
-3.788980896616909604e+02
-3.780070642119146100e+02
-3.775204692207695985e+02
-3.770338742296245300e+02
-3.765472792384795184e+02
-3.760606842473345068e+02
-3.755740892561894952e+02
-3.750874942650444837e+02
-3.746008992738994152e+02
-3.741143042827544036e+02
-3.736277092916093920e+02
-3.731411143004643236e+02
-3.726545193093193120e+02
-3.721679243181743004e+02
-3.716813293270292888e+02
-3.711947343358842772e+02
-3.707081393447392088e+02
-3.702215443535941972e+02
-3.697349493624491856e+02
-3.692483543713041172e+02
-3.687617593801591056e+02
-3.682751643890140940e+02
-3.677885693978690824e+02
-3.673019744067240708e+02
-3.668153794155790024e+02
-3.663287844244339908e+02
-3.645192365933945098e+02
-3.627453886317514957e+02
-3.610121679541321669e+02
-3.593228793416597000e+02
-3.576795292489052827e+02
-3.560830934295357224e+02
-3.545337372055930700e+02
-3.530309962431356894e+02
-3.515739244473686540e+02
-3.501612145277698005e+02
-3.487912958836504345e+02
-3.474624137006014166e+02
-3.454130362610861198e+02
-3.434292332252767324e+02
-3.415105588858342571e+02
-3.396558420700638408e+02
-3.378633657733534505e+02
-3.361310128739449965e+02
-3.344563837898742236e+02
-3.328368909683981087e+02
-3.312698342824447195e+02
-3.297524607245003949e+02
-3.282820112157183416e+02
-3.268557568694432121e+02
-3.260779290395425960e+02
-3.253001012096419799e+02
-3.245222733797414207e+02
-3.237444455498408615e+02
-3.229666177199402455e+02
-3.221887898900396294e+02
-3.214109620601390702e+02
-3.206331342302385110e+02
-3.198553064003378950e+02
-3.190774785704372789e+02
-3.182996507405367197e+02
-3.175218229106361605e+02
-3.167439950807355444e+02
-3.159661672508349284e+02
-3.151883394209343692e+02
-3.144105115910338100e+02
-3.136326837611331939e+02
-3.128548559312325779e+02
-3.120770281013320187e+02
-3.112992002714314594e+02
-3.105213724415308434e+02
-3.097435446116302273e+02
-3.089657167817296681e+02
-3.081878889518291089e+02
-3.053287779636342520e+02
-3.025720661933559086e+02
-2.999168442019921486e+02
-2.973611006773556369e+02
-2.949020020492977778e+02
-2.925361182759106669e+02
-2.902596042791260516e+02
-2.880683449133317708e+02
-2.859580700115675427e+02
-2.839244449332897489e+02
-2.819631411024503223e+02
-2.800698902457276063e+02
-2.766738021295029739e+02
-2.734155906978048733e+02
-2.702911045256261104e+02
-2.672953997445176810e+02
-2.644229899455696682e+02
-2.616680447635125120e+02
-2.590245465443161379e+02
-2.564864128570751518e+02
-2.540475912448268332e+02
-2.517021314751511056e+02
-2.494442396124834147e+02
-2.472683174578891112e+02
-2.484333236640759992e+02
-2.494085343327034252e+02
-2.502128675052241249e+02
-2.508631966498933537e+02
-2.513745859348044576e+02
-2.517604979813559396e+02
-2.520329770869900017e+02
-2.522028106772491753e+02
-2.522796715034422732e+02
-2.522722428575068250e+02
-2.521883288390468465e+02
-2.520349514865191338e+02
-2.485362259242190817e+02
-2.451822847100241631e+02
-2.419683328288262771e+02
-2.388888459879208028e+02
-2.359378142004017320e+02
-2.331089346277520349e+02
-2.303957630550138731e+02
-2.277918317233611845e+02
-2.252907398753262953e+02
-2.228862222331430587e+02
-2.205721996923867891e+02
-2.183428157385920088e+02
-2.143574410419551270e+02
-2.105502649044718737e+02
-2.069133156286619055e+02
-2.034382127768403734e+02
-2.001163774401161106e+02
-1.969391950217016927e+02
-1.938981396948274494e+02
-1.909848680242120622e+02
-1.881912878633618504e+02
-1.855096075085130849e+02
-1.829323691617766201e+02
-1.804524699955936171e+02
-1.792390541448060048e+02
-1.780256382940184210e+02
-1.768122224432308087e+02
-1.755988065924431965e+02
-1.743853907416556126e+02
-1.731719748908680003e+02
-1.719585590400803881e+02
-1.707451431892927758e+02
-1.695317273385051635e+02
-1.683183114877175797e+02
-1.671048956369299674e+02
-1.658914797861423551e+02
-1.621129724301964643e+02
-1.585069597956283474e+02
-1.550632467790392184e+02
-1.517718533797824989e+02
-1.486230996805789175e+02
-1.456076662539321944e+02
-1.427166351147368744e+02
-1.399415153621372667e+02
-1.372742568569856587e+02
-1.347072546325460962e+02
-1.322333462084451412e+02
-1.298458035490820350e+02
-1.257999165799829200e+02
-1.219445056838017223e+02
-1.182676051133879014e+02
-1.147576532436476242e+02
-1.114035560055072835e+02
-1.081947282560951180e+02
-1.051211179314667845e+02
-1.021732168726099559e+02
-9.934206144155045592e+01
-9.661922541835404843e+01
-9.399680716395016589e+01
-9.146741262534868611e+01
-9.297480848929909314e+01
-9.424359928738014958e+01
-9.529538370365563082e+01
-9.614970188568200626e+01
-9.682423842995191876e+01
-9.733500609611195387e+01
-9.769651160305470228e+01
-9.792190493164928000e+01
-9.802311356220960192e+01
-9.801096303300487023e+01
-9.789528513592402703e+01
-9.768501497874983386e+01
-9.363912800965071881e+01
-8.978371711346952111e+01
-8.610681654305570021e+01
-8.259686467331539461e+01
-7.924276743517509658e+01
-7.603393968576295947e+01
-7.296032936113462597e+01
-7.001242830227778313e+01
-6.718127287121828317e+01
-6.445843684802187568e+01
-6.183601859361799313e+01
-5.930662405501652756e+01
-5.429597057640721403e+01
-4.953930769423988068e+01
-4.502095121360521546e+01
-4.072565498018484220e+01
-3.663872365744741444e+01
-3.274608906666864527e+01
-2.903435818474103769e+01
-2.549083925934399986e+01
-2.210355118389570350e+01
-1.886122021576726127e+01
-1.575326727121560566e+01
-1.276978834911776062e+01
-8.240309593259439680e+00
-3.936145073802521210e+00
1.582942582260358222e-01
4.057781749423497786e+00
7.776261634948582468e+00
1.132685144831400237e+01
1.472185615466244712e+01
1.797279079196688656e+01
2.109040910550834269e+01
2.408473621850329494e+01
2.696510382451640453e+01
2.974018673833067794e+01
2.729732636332379059e+01
2.518067629933750595e+01
2.336174141048516617e+01
2.181455664764101243e+01
2.051547278090446014e+01
1.944295507324551409e+01
1.857739587037715978e+01
1.790094138552939285e+01
1.739733248213879335e+01
1.705175894380565182e+01
1.685072652495560419e+01
1.678193596431086121e+01
2.202867165000957073e+01
2.700202840468904242e+01
3.171983237507721753e+01
3.619921513841656235e+01
4.045653317474850041e+01
4.450731972813210291e+01
4.836626142838127862e+01
5.204719364189794817e+01
5.556310979687395957e+01
5.892618094686602603e+01
6.214778264826476573e+01
6.523852687257813443e+01
7.072270256729072457e+01
7.591227488226307685e+01
8.082755026646947272e+01
8.548782777760600027e+01
8.991135971846109953e+01
9.411533925098896702e+01
9.811590802595344485e+01
1.019281783975544755e+02
1.055662660046306200e+02
1.090433294573895182e+02
1.123716146231438984e+02
1.155625015979339167e+02
1.203974114857008431e+02
1.249810313911078197e+02
1.293319604917082870e+02
1.334676027668626546e+02
1.374042041410029356e+02
1.411568985786136352e+02
1.447397599475966672e+02
1.481658572371169669e+02
1.514473113163675464e+02
1.545953518877728641e+02
1.576203736503942707e+02
1.605319909692100566e+02
1.579680489443852025e+02
1.557402837394068342e+02
1.538209441401144772e+02
1.521845071242688050e+02
1.508075259288676193e+02
1.496684800806314115e+02
1.487476301668638712e+02
1.480268791475817238e+02
1.474896412941018866e+02
1.471207193208954891e+02
1.469061899077715339e+02
1.468332975510273855e+02
1.524594916571642216e+02
1.577766728033621462e+02
1.628069551320677988e+02
1.675712037844083966e+02
1.720890288369721475e+02
1.763788016476611631e+02
1.804576872429296941e+02
1.843416878444405711e+02
1.880456937830830100e+02
1.915835389481230777e+02
1.949680586215465610e+02
1.982111480942282355e+02
2.031212073870215988e+02
2.077715576388169438e+02
2.121819070746762179e+02
2.163706143204161663e+02
2.203547476616019196e+02
2.241501500724916980e+02
2.277715072794698017e+02
2.312324168338587356e+02
2.345454567167943480e+02
2.377222524195963729e+02
2.407735417647411680e+02
2.437092369771238225e+02
2.411237120661326117e+02
2.388745535525702053e+02
2.369346945529354400e+02
2.352791332306225343e+02
2.338848106412982872e+02
2.327304856115742950e+02
2.317966101981639895e+02
2.310652081857066662e+02
2.305197582675606611e+02
2.301450829505942295e+02
2.299272437822779409e+02
2.298534431775129860e+02
2.355778268715292256e+02
2.409811952787372604e+02
2.460872979628542794e+02
2.509184036061282086e+02
2.554953272937614770e+02
2.598374754642070457e+02
2.639629028016996699e+02
2.678883767358643695e+02
2.716294462919215675e+02
2.752005128703012815e+02
2.786149011790560053e+02
2.818849290379479839e+02
2.876692831590564765e+02
2.931211448800057724e+02
2.982660465103755882e+02
3.031277660542966146e+02
3.077283958502149517e+02
3.120884227584384689e+02
3.162268150399693809e+02
3.201611123469248810e+02
3.239075162227392752e+02
3.274809792558758659e+02
3.308952915962121892e+02
3.341631639695097533e+02
3.315789893361723557e+02
3.293277349907122016e+02
3.273834851955414251e+02
3.257221628673686951e+02
3.243214459554248492e+02
3.231606747276275655e+02
3.222207544348133297e+02
3.214840566053147199e+02
3.209343212945609025e+02
3.205565619116737821e+02
3.203369737159968054e+02
3.202628466811398766e+02
3.218610201916494020e+02
3.234591937021589274e+02
3.250573672126684528e+02
3.266555407231779782e+02
3.282537142336875036e+02
3.298518877441970290e+02
3.314500612547065543e+02
3.330482347652160797e+02
3.346464082757256051e+02
3.362445817862351305e+02
3.378427552967446559e+02
3.394409288072541813e+02
3.452252829283626738e+02
3.506771446493119697e+02
3.558220462796817856e+02
3.606837658236028119e+02
3.652843956195211490e+02
3.696444225277446662e+02
3.737828148092755782e+02
3.777171121162310783e+02
3.814635159920454726e+02
3.850369790251820632e+02
3.884512913655183866e+02
3.917191637388159506e+02
3.966580481651734544e+02
4.013257522521913074e+02
4.057439070173544451e+02
4.099324866158673331e+02
4.139099154156459690e+02
4.176931735572549655e+02
4.212978993433680444e+02
4.247384873602982793e+02
4.280281816487776041e+02
4.311791635462729460e+02
4.342026340448718997e+02
4.371088906673336396e+02
4.345484491088278673e+02
4.323152506591031283e+02
4.303845283402309860e+02
4.287331564649366555e+02
4.273395985966563444e+02
4.261838415933638657e+02
4.252473209049991283e+02
4.245128409840107793e+02
4.239644936580120316e+02
4.235875765373995705e+02
4.233685129372881306e+02
4.232947743415950299e+02
4.290764360729177724e+02
4.345193315201516384e+02
4.396501964247384535e+02
4.444938087011524317e+02
4.490730895834672083e+02
4.534092113204258112e+02
4.575217072993121405e+02
4.614285816551119979e+02
4.651464163100875453e+02
4.686904740560277105e+02
4.720747967885560001e+02
4.753122983699597626e+02
4.802014259735018982e+02
4.848176870218758268e+02
4.891832973077267752e+02
4.933186994888999948e+02
4.972426901696812251e+02
5.009725422312556589e+02
5.045241212595204274e+02
5.079119954011896425e+02
5.111495383290132395e+02
5.142490252465012190e+02
5.172217220368249855e+02
5.200779677786935054e+02
5.175612054858453348e+02
5.153634598539933904e+02
5.134613056030227654e+02
5.118327485939497024e+02
5.104572057762100599e+02
5.093154665029541661e+02
5.083896410436161091e+02
5.076631007304336549e+02
5.071204130900483733e+02
5.067472744677626224e+02
5.065304419986994731e+02
5.064576662759416195e+02
5.038894116012281756e+02
5.016500603940090741e+02
4.997145400226860943e+02
4.980594697477518480e+02
4.966631007387045429e+02
4.955052433720666727e+02
