7.016000000000000227e+02
7.032000000000000455e+02
7.048000000000000682e+02
7.064000000000000909e+02
7.080000000000001137e+02
7.096000000000001364e+02
7.112000000000001592e+02
7.128000000000001819e+02
7.144000000000002046e+02
7.160000000000002274e+02
7.176000000000002501e+02
7.192000000000002728e+02
7.230276366527889422e+02
7.266655275962120868e+02
7.301302420234309238e+02
7.334368531417877648e+02
7.365990743201223268e+02
7.396293840176343792e+02
7.425391399404763888e+02
7.453386830204082116e+02
7.480374318916994980e+02
7.506439685776776969e+02
7.531661161014121717e+02
7.556110087166504172e+02
7.550721564131441710e+02
7.546925231370428264e+02
7.544613565312675973e+02
7.543684193963352982e+02
7.544040101119962856e+02
7.545589701176913877e+02
7.548246816099662055e+02
7.551930579572425586e+02
7.556565288049914670e+02
7.562080214221595043e+02
7.568409395021886894e+02
7.575491403625439943e+02
7.569088270781726351e+02
7.564366833049601837e+02
7.561209556470331563e+02
7.559505277197748683e+02
7.559149248872229236e+02
7.560043081084518235e+02
7.562094597934445801e+02
7.565217639391119064e+02
7.569331823150874925e+02
7.574362280710772666e+02
7.580239378221563129e+02
7.586898430189057763e+02
7.579530568819536711e+02
7.573920806763633209e+02
7.569942515280320094e+02
7.567476604653701315e+02
7.566411414355525267e+02
7.566642515647654363e+02
7.568072452827200323e+02
7.570610443346604370e+02
7.574172052333008196e+02
7.578678853326961189e+02
7.584058084152777610e+02
7.590242304556305726e+02
7.581967111311320195e+02
7.575512725747258855e+02
7.570744410796057764e+02
7.567536078597306641e+02
7.565770024304954404e+02
7.565336594366170857e+02
7.566133812468634687e+02
7.568066980756617568e+02
7.571048269547300151e+02
7.574996305377597992e+02
7.579835764572713970e+02
7.585496977487357526e+02
7.576378917256971590e+02
7.569130188733315663e+02
7.563608996141522312e+02
7.559683235718388232e+02
7.557230075236957418e+02
7.556135490545916582e+02
7.556293779132964801e+02
7.557607065543489853e+02
7.559984809489980080e+02
7.563343324416154019e+02
7.567605311929858090e+02
7.572699415730752435e+02
7.562809519454418705e+02
7.554822916560306112e+02
7.548591857175271116e+02
7.543979250739749887e+02
7.540858094525764272e+02
7.539110882047298219e+02
7.538629008029133729e+02
7.539312181880984554e+02
7.541067858031905189e+02
7.543810688762164318e+02
7.547462003127322987e+02
7.551949314047360531e+02
7.541364625373166746e+02
7.532702364840255314e+02
7.525809979468984920e+02
7.520546459857682748e+02
7.516781622146022528e+02
7.514395392904912114e+02
7.513277110146211726e+02
7.513324849421408089e+02
7.514444780818806748e+02
7.516550560325667902e+02
7.519562757302714999e+02
7.523408318574533951e+02
7.512211293678611810e+02
7.502940855704214300e+02
7.495440836973828027e+02
7.489567407726248121e+02
7.485188217118914054e+02
7.482181560168146461e+02
7.480435580244937910e+02
7.479847513047978964e+02
7.480322975272707708e+02
7.481775299245069846e+02
7.484124913406524229e+02
7.487298767580516596e+02
7.480525672724464812e+02
7.475278976060636751e+02
7.471432948504261731e+02
7.468872237373421967e+02
7.467491040307190815e+02
7.467192332868780795e+02
7.467887150069265090e+02
7.469493920748057008e+02
7.471937852877505293e+02
7.475150367307376200e+02
7.479068577144730625e+02
7.483634809811089781e+02
7.495988328094207418e+02
7.508341846377325055e+02
7.520695364660442692e+02
7.533048882943560329e+02
7.545402401226677966e+02
7.557755919509795604e+02
7.570109437792913241e+02
7.582462956076030878e+02
7.594816474359148515e+02
7.607169992642266152e+02
7.619523510925383789e+02
7.631877029208501426e+02
7.663818536708762394e+02
7.694316344894834856e+02
7.723478927774401654e+02
7.751407392758125070e+02
7.778195817518696913e+02
7.803931609835009340e+02
7.828695878488898643e+02
7.852563806309259462e+02
7.875605018813967035e+02
7.897883943726900497e+02
7.919460158058461730e+02
7.940388720522734047e+02
7.928666585764349293e+02
7.918860188331441350e+02
7.910810962416244365e+02
7.904373378351582460e+02
7.899413949343878585e+02
7.895810286953369541e+02
7.893450211288661649e+02
7.892230918743646271e+02
7.892058207879779275e+02
7.892845762514755279e+02
7.894514490044120976e+02
7.896991912361077084e+02
7.884835984777323574e+02
7.874570021066549543e+02
7.866034292540120987e+02
7.859082703320955261e+02
7.853581670544882627e+02
7.849409075738785759e+02
7.846453289645615996e+02
7.844612270208660902e+02
7.843792731697507179e+02
7.843909381836504053e+02
7.844884223117514921e+02
7.846645914117880238e+02
7.857854880116098002e+02
7.869063846114315766e+02
7.880272812112533529e+02
7.891481778110751293e+02
7.902690744108969056e+02
7.913899710107186820e+02
7.925108676105404584e+02
7.936317642103622347e+02
7.947526608101840111e+02
7.958735574100057875e+02
7.969944540098275638e+02
7.981153506096493402e+02
7.992362472094711165e+02
8.003571438092928929e+02
8.014780404091146693e+02
8.025989370089364456e+02
8.037198336087582220e+02
8.048407302085799984e+02
8.059616268084017747e+02
8.070825234082235511e+02
8.082034200080453274e+02
8.093243166078671038e+02
8.104452132076888802e+02
8.115661098075106565e+02
8.103166074008672695e+02
8.092520517284997368e+02
8.083564780642971073e+02
8.076153340102514449e+02
8.070153557357693899e+02
8.065444535221689648e+02
8.061916064679020337e+02
8.059467660143975536e+02
8.058007678302914201e+02
8.057452515225353409e+02
8.057725876110758918e+02
8.058758111980082504e+02
8.050591276179245597e+02
8.043844344611010229e+02
8.038394077202460721e+02
8.034128355868049312e+02
8.030945150079068071e+02
8.028751576284748808e+02
8.027463044491522624e+02
8.027002485144873845e+02
8.027299649546741875e+02
8.028290477294124230e+02
8.029916524579073211e+02
8.032124447602000146e+02
8.041385291118488112e+02
8.050646134634976079e+02
8.059906978151464045e+02
8.069167821667952012e+02
8.078428665184439978e+02
8.087689508700927945e+02
8.096950352217415912e+02
8.106211195733903878e+02
8.115472039250391845e+02
8.124732882766879811e+02
8.133993726283367778e+02
8.143254569799855744e+02
8.170304958590196520e+02
8.196120734638202521e+02
8.220787912764749308e+02
8.244387793862160834e+02
8.266996963968787213e+02
8.288687361201502881e+02
8.309526392637134222e+02
8.329577087016922405e+02
8.348898272179008018e+02
8.367544768549182663e+02
8.385567591958188132e+02
8.403014160600308742e+02
8.390277378001974284e+02
8.379335158611985435e+02
8.370029180270803408e+02
8.362215624547116022e+02
8.355763830963813916e+02
8.350555065426037800e+02
8.346481397703216771e+02
8.343444681477134282e+02
8.341355629764896094e+02
8.340132978267275803e+02
8.339702729238297252e+02
8.339997468717617721e+02
8.331488927071133048e+02
8.324342210479212554e+02
8.318436844882364767e+02
8.313663555376160730e+02
8.309923177783626898e+02
8.307125676140424275e+02
8.305189257170156907e+02
8.304039573050674790e+02
8.303609004181805631e+02
8.303836014184659007e+02
8.304664569938845489e+02
8.306043620059708701e+02
8.314117920278150677e+02
8.322192220496592654e+02
8.330266520715034630e+02
8.338340820933476607e+02
8.346415121151918584e+02
8.354489421370360560e+02
8.362563721588802537e+02
8.370638021807244513e+02
8.378712322025686490e+02
8.386786622244128466e+02
8.394860922462570443e+02
8.402935222681012419e+02
8.411009522899454396e+02
8.419083823117896372e+02
8.427158123336338349e+02
8.435232423554780326e+02
8.443306723773222302e+02
8.451381023991664279e+02
8.459455324210106255e+02
8.467529624428548232e+02
8.475603924646990208e+02
8.483678224865432185e+02
8.491752525083874161e+02
8.499826825302316138e+02
8.507901125520758114e+02
8.515975425739200091e+02
8.524049725957642067e+02
8.532124026176084044e+02
8.540198326394526021e+02
8.548272626612967997e+02
8.556346926831409974e+02
8.564421227049851950e+02
8.572495527268293927e+02
8.580569827486735903e+02
8.588644127705177880e+02
8.596718427923619856e+02
8.583797290002247564e+02
8.572537015565019374e+02
8.562784762606403319e+02
8.554402591499057280e+02
8.547265951452329773e+02
8.541262316894947162e+02
8.536289962087840877e+02
8.532256862065975156e+02
8.529079708248546012e+02
8.526683027583201238e+02
8.524998394786571225e+02
8.523963728029110598e+02
8.530788585043665080e+02
8.537613442058219562e+02
8.544438299072774043e+02
8.551263156087328525e+02
8.558088013101883007e+02
8.564912870116437489e+02
8.571737727130991971e+02
8.578562584145546452e+02
8.585387441160100934e+02
8.592212298174655416e+02
8.599037155189209898e+02
8.605862012203764380e+02
8.612686869218318861e+02
8.619511726232873343e+02
8.626336583247427825e+02
8.633161440261982307e+02
8.639986297276536789e+02
8.646811154291091270e+02
8.653636011305645752e+02
8.660460868320200234e+02
8.667285725334754716e+02
8.674110582349309198e+02
8.680935439363863679e+02
8.687760296378418161e+02
8.678805176258879328e+02
8.671080961393691950e+02
8.664474502438445143e+02
8.658883768283293421e+02
8.654216682038274939e+02
8.650390082503238318e+02
8.647328798373705467e+02
8.644964823345169407e+02
8.643236581256164754e+02
8.642088271399056794e+02
8.641469285090394123e+02
8.641333685506948541e+02
8.647120226281381292e+02
8.652906767055814043e+02
8.658693307830246795e+02
8.664479848604679546e+02
8.670266389379112297e+02
8.676052930153545049e+02
8.681839470927977800e+02
8.687626011702410551e+02
8.693412552476843302e+02
8.699199093251276054e+02
8.704985634025708805e+02
8.710772174800141556e+02
8.716558715574574308e+02
8.722345256349007059e+02
8.728131797123439810e+02
8.733918337897872561e+02
8.739704878672306450e+02
8.745491419446740338e+02
8.751277960221174226e+02
8.757064500995608114e+02
8.762851041770042002e+02
8.768637582544475890e+02
8.774424123318909778e+02
8.780210664093343667e+02
8.771129046516430208e+02
8.763209964030866104e+02
8.756344451743714217e+02
8.750434536706352446e+02
8.745392049635554486e+02
8.741137569829182894e+02
8.737599488924978459e+02
8.734713180361494551e+02
8.732420262623453482e+02
8.730667945543509632e+02
8.729408450060018367e+02
8.728598492879182231e+02
8.747328725425375069e+02
8.765187194881874575e+02
8.782225214721512430e+02
8.798492983631243760e+02
8.814039181422227784e+02
8.828910680143244463e+02
8.843152346996374717e+02
8.856806919992211533e+02
8.869914940840833424e+02
8.882514732491977156e+02
8.894642411127224477e+02
8.906331924362715426e+02
8.893552086872747395e+02
8.882257553845636266e+02
8.872304815557965867e+02
8.863565287724861719e+02
8.855923668337305799e+02
8.849276476367164150e+02
8.843530754394646465e+02
8.838602918143824354e+02
8.834417737089974025e+02
8.830907431600160180e+02
8.828010873398885678e+02
8.825672877456490824e+02
8.816496877747110830e+02
8.808389840575642893e+02
8.801248793053472355e+02
8.794981519389484674e+02
8.789505350625329356e+02
8.784746096264551625e+02
8.780637101542079108e+02
8.777118415656653951e+02
8.774136057810083003e+02
8.771641369329857980e+02
8.769590441477013201e+02
8.767943609750849419e+02
8.783988705359226969e+02
8.799280129237071151e+02
8.813858479042060026e+02
8.827764273218172093e+02
8.841037440440127284e+02
8.853716935542551028e+02
8.865840457405108737e+02
8.877444248681613317e+02
8.888562960904945385e+02
8.899229571503032048e+02
8.909475341734722633e+02
8.919329806590403678e+02
8.923778493290524239e+02
8.928227179990644800e+02
8.932675866690765361e+02
8.937124553390885922e+02
8.941573240091006483e+02
8.946021926791127044e+02
8.950470613491247605e+02
8.954919300191368166e+02
8.959367986891488727e+02
8.963816673591609288e+02
8.968265360291729849e+02
8.972714046991850410e+02
8.960152448866049326e+02
8.948962123636337083e+02
8.939006327919980777e+02
8.930163093689102425e+02
8.922323530823574629e+02
8.915390327344468915e+02
8.909276426095614170e+02
8.903903858195695875e+02
8.899202715270938597e+02
8.895110244191787388e+02
8.891570049705914016e+02
8.888531391941373840e+02
8.879332492395465124e+02
8.871100655469284675e+02
8.863739702451468929e+02
8.857163893082062032e+02
8.851296702730112429e+02
8.846069749058983689e+02
8.841421850150553610e+02
8.837298197988710626e+02
8.833649633010174966e+02
8.830432007094996152e+02
8.827605623881995598e+02
8.825134746655461413e+02
8.838369711831144286e+02
8.850974967841584657e+02
8.862980080267975609e+02
8.874415571667090035e+02
8.885312308527354617e+02
8.895701025005739666e+02
8.905611957980050875e+02
8.915074572412077032e+02
8.924117359717314457e+02
8.932767694903189977e+02
8.941051740776330234e+02
8.948994389619742833e+02
8.939795490073834117e+02
8.931563653147653667e+02
8.924202700129837922e+02
8.917626890760431024e+02
8.911759700408481422e+02
8.906532746737352682e+02
8.901884847828922602e+02
8.897761195667079619e+02
8.894112630688543959e+02
8.890895004773365145e+02
8.888068621560364591e+02
8.885597744333830406e+02
8.901674459765152960e+02
8.917002620373077661e+02
8.931609385257243048e+02
8.945525011326869844e+02
8.958781745871103794e+02
8.971412949698744796e+02
8.983452408724062934e+02
8.994933799200454132e+02
9.005890277892590348e+02
9.016354173530595517e+02
9.026356760077210311e+02
9.035928095805248859e+02
9.023611653259160903e+02
9.012567521530205568e+02
9.002665140100566532e+02
8.993788520780517501e+02
8.985834516337707782e+02
8.978711298354063501e+02
8.972337020565969397e+02
8.966638645989024781e+02
8.961550918214622925e+02
8.957015459301971987e+02
8.952979978619796384e+02
8.949397578785050200e+02
8.951357973434058977e+02
8.953318368083067753e+02
8.955278762732076530e+02
8.957239157381085306e+02
8.959199552030094083e+02
8.961159946679102859e+02
8.963120341328111635e+02
8.965080735977120412e+02
8.967041130626129188e+02
8.969001525275137965e+02
8.970961919924146741e+02
8.972922314573155518e+02
8.974882709222164294e+02
8.976843103871173071e+02
8.978803498520181847e+02
8.980763893169190624e+02
8.982724287818199400e+02
8.984684682467208177e+02
8.986645077116216953e+02
8.988605471765225730e+02
8.990565866414234506e+02
8.992526261063243282e+02
8.994486655712252059e+02
8.996447050361260835e+02
8.998407445010269612e+02
9.000367839659278388e+02
9.002328234308287165e+02
9.004288628957295941e+02
9.006249023606304718e+02
9.008209418255313494e+02
9.010169812904322271e+02
9.012130207553331047e+02
9.014090602202339824e+02
9.016050996851348600e+02
9.018011391500357377e+02
9.019971786149366153e+02
9.010806172635423081e+02
9.002520637523098230e+02
8.995024979639680396e+02
8.988239122658158067e+02
8.982091889085165803e+02
8.976519928975801577e+02
8.971466784026704318e+02
8.966882069899932048e+02
8.962720761656652257e+02
8.958942569020251767e+02
8.955511389842871495e+02
8.952394831623993241e+02
8.963306379695549140e+02
8.973690968328214694e+02
8.983569167420705526e+02
8.992963327817157051e+02
9.001896889673905662e+02
9.010393835080324152e+02
9.018478258861516679e+02
9.026174035961832942e+02
9.033504567532781948e+02
9.040492590948223324e+02
9.047160041546114826e+02
9.053527956036140267e+02
9.041604157727261963e+02
9.030820106104708884e+02
9.021053880897077306e+02
9.012197778338529588e+02
9.004156549551046282e+02
8.996845861114502441e+02
8.990190951108468198e+02
8.984125456553801996e+02
8.978590390751265886e+02
8.973533251439999958e+02
8.968907242942789253e+02
8.964670597509957588e+02
8.965223173854158176e+02
8.965775750198358764e+02
8.966328326542559353e+02
8.966880902886759941e+02
8.967433479230960529e+02
8.967986055575161117e+02
8.968538631919361706e+02
8.969091208263562294e+02
8.969643784607762882e+02
8.970196360951963470e+02
8.970748937296164058e+02
8.971301513640364647e+02
8.981623246189872134e+02
8.991444137660162141e+02
9.000782491236022906e+02
9.009658595812115891e+02
9.018094015236396217e+02
9.026111023564886864e+02
9.033732160124105803e+02
9.040979882647724253e+02
9.047876300481821090e+02
9.054442972958263454e+02
9.060700760619602079e+02
9.066669719127166900e+02
9.054835707014517538e+02
9.044113828991686432e+02
9.034384009097253738e+02
9.025540303316986410e+02
9.017489133557817240e+02
9.010147746196957996e+02
9.003442867920005028e+02
8.997309534323360367e+02
8.991690069419842075e+02
8.986533196687699956e+02
8.981793264607879337e+02
8.977429571727941493e+02
8.966099238269465559e+02
8.955737950388145237e+02
8.946235403361681620e+02
8.937494936103233840e+02
8.929431751375104795e+02
8.921971371449865273e+02
8.915048299213233349e+02
8.908604858038050907e+02
8.902590186880811416e+02
8.896959369919843539e+02
8.891672682651036439e+02
8.886694938683085638e+02
8.893416697146270735e+02
8.899797315799735316e+02
8.905841402547986263e+02
8.911556764370092196e+02
8.916953586680646140e+02
8.922043768271536237e+02
8.926840385014841104e+02
8.931357259942549263e+02
8.935608621041477591e+02
8.939608831221619312e+02
8.943372177527774056e+02
8.946912708848007014e+02
8.946900336363640918e+02
8.946887963879274821e+02
8.946875591394908724e+02
8.946863218910542628e+02
8.946850846426176531e+02
8.946838473941810435e+02
8.946826101457444338e+02
8.946813728973078241e+02
8.946801356488712145e+02
8.946788984004346048e+02
8.946776611519979951e+02
8.946764239035613855e+02
8.946751866551247758e+02
8.946739494066881662e+02
8.946727121582515565e+02
8.946714749098149468e+02
8.946702376613783372e+02
8.946690004129417275e+02
8.946677631645051179e+02
8.946665259160685082e+02
8.946652886676318985e+02
8.946640514191952889e+02
8.946628141707586792e+02
8.946615769223220695e+02
8.937618161667737695e+02
8.929338122879132698e+02
8.921696975555321387e+02
8.914625498018698408e+02
8.908062707326238296e+02
8.901954804404770130e+02
8.896254259789114940e+02
8.890919021190397871e+02
8.885911826506619491e+02
8.881199608013860143e+02
8.876752975358267577e+02
8.872545766624457428e+02
8.879267525087642525e+02
8.885648143741107106e+02
8.891692230489358053e+02
8.897407592311463986e+02
8.902804414622017930e+02
8.907894596212908027e+02
8.912691212956212894e+02
8.917208087883921053e+02
8.921459448982849381e+02
8.925459659162991102e+02
8.929223005469145846e+02
8.932763536789378804e+02
8.932751164305012708e+02
8.932738791820646611e+02
8.932726419336280514e+02
8.932714046851914418e+02
8.932701674367548321e+02
8.932689301883182225e+02
8.932676929398816128e+02
8.932664556914450031e+02
8.932652184430083935e+02
8.932639811945717838e+02
8.932627439461351742e+02
8.932615066976985645e+02
8.921396198904519679e+02
8.911116816065514286e+02
8.901668673657736690e+02
8.892957059961261166e+02
8.884899015462339094e+02
8.877421789381515964e+02
8.870461503083859043e+02
8.863961993295794173e+02
8.857873811264176993e+02
8.852153356931514736e+02
8.846762129854096202e+02
8.841666080960242198e+02
8.840242944846947921e+02
8.838819808733653645e+02
8.837396672620359368e+02
8.835973536507065091e+02
8.834550400393770815e+02
8.833127264280476538e+02
8.831704128167182262e+02
8.830280992053887985e+02
8.828857855940593709e+02
8.827434719827299432e+02
8.826011583714005155e+02
8.824588447600710879e+02
8.830701776472131996e+02
8.836501003463970392e+02
8.841988444744432627e+02
8.847169814658169571e+02
8.852053387636399293e+02
8.856649317115735585e+02
