1.136016902301234097e+02
1.239516501876420307e+02
2.079310032780718132e+01
1.955600869443638956e+01
2.472858240103714689e+00
3.336460620637295094e+00
1.137860382164061823e+00
7.620160588355557429e+00
7.642061733642858457e+00
1.046106613488645642e+01
3.427807508859002983e+00
1.265715427294649942e+01
1.258198311259284630e+01
5.441427658513714682e+00
2.563798734530683188e+00
1.770427505781388078e+00
8.118416364749274194e+00
7.449295056351802558e+00
4.241617344669729839e+00
9.142261428289573999e+00
1.040966353509588593e+01
1.146365442413612357e+01
4.390294614799511663e+00
8.389434301917344072e+00
3.558594767677000892e+00
1.349157315182411132e+01
1.228875106746624901e+01
3.208256420392457731e+00
6.476868366885908834e+00
2.264721704021944504e+00
5.653801030454800092e+00
1.269884758672719771e+00
3.202233308562829617e+00
5.354674182865666765e+00
9.973359451475005244e+00
6.085300410390409809e+00
2.339823040573249813e+01
1.801356438727446019e+01
1.781942240554894852e+01
7.978646509629069294e-01
1.268028470566323662e+01
7.649827296348499672e+00
1.673163805440274032e+01
9.951247944714390670e+00
9.887854358314932313e+00
1.322208290925377128e+01
1.938446156404344478e+01
2.198672569928740472e+01
2.472956522410039426e+01
4.679584425588677377e+00
2.290560687776128201e+00
1.282580994498434990e+00
5.551902466420765236e+00
8.238206721861784487e+00
1.546334863668911552e+01
9.193804753981229538e+00
7.872324931610016563e+00
1.259230838465085789e+01
3.262563282990779356e+00
2.693968155865598124e+00
6.743742570923118684e+00
4.348100120350972375e+00
1.210096775169820127e+01
3.056493348198815241e+00
1.495089676614615470e+01
2.727271028048238932e+01
2.725059496407365955e+01
1.544590977841394697e+01
3.580371745116314486e+01
2.912303454214561071e+01
1.004510145107396113e+01
3.765213133295887360e+01
6.223658900943649996e+01
7.611995776537746394e+01
9.767973446099674106e+01
1.693327477031741921e+02
1.019530493785615732e+02
1.009618021882280203e+02
6.901687682892789155e+01
