2.197491978933118446e+02
4.529656333557586123e+01
1.474434891100831919e+02
1.871321896835394796e+02
2.252498411406308207e+02
1.348166304168686906e+02
4.736888700299629136e+02
4.941626626862478702e+02
5.004478165612429734e+02
5.414876276005434192e+02
3.878562020571901598e+02
1.335643648921307658e+03
2.022250434247746398e+03
2.644423590148582207e+03
1.871825102626014768e+03
8.252419472573141093e+02
3.630237624983397495e+02
1.322406713644449496e+02
5.452513308244625989e+01
1.601911450781315409e+02
1.046633207693204355e+02
8.488017888306890413e+00
1.494713038676935071e+02
1.620346710138576327e+02
