3.330675160635542511e+02
8.984236511374376732e+01
1.660090569777891574e+02
1.421668373657517748e+02
1.491185729236794089e+02
2.706859633165246919e+02
1.658586106362719192e+02
1.754862640798504856e+02
4.387438421530406174e+01
1.118346817292169781e+01
4.959607247093757998e+00
2.388862199429005670e+02
5.002284254196676443e+02
4.645604189093262448e+02
4.933611132692651609e+02
4.409531519199287573e+02
8.979174609356680037e+01
2.696169325424365226e+01
4.037891195392198824e+02
2.046631674376750141e+02
6.830738424280487209e+01
1.364432111859738086e+02
2.523915004953772439e+02
3.599769840414878672e+02
