-6.034151646208825696e+03
-6.034151646208825696e+03
-6.034151646208825696e+03
-6.034151646208825696e+03
-6.034151646208825696e+03
-6.034151646208825696e+03
-6.034151646208825696e+03
-6.034151646208825696e+03
-6.034151646208825696e+03
-6.034151646208825696e+03
-6.034151646208825696e+03
-6.034151646208825696e+03
-6.034151646208825696e+03
-6.034151646208825696e+03
-6.034151646208825696e+03
-6.034151646208825696e+03
-6.034151646208825696e+03
-6.034151646208825696e+03
-6.034151646208825696e+03
-6.034151646208825696e+03
-6.034151646208825696e+03
-6.034151646208825696e+03
-6.034151646208825696e+03
-6.034151646208825696e+03
-5.870764160527704007e+03
-5.870764160527704007e+03
-5.870764160527704007e+03
-5.870764160527704007e+03
-5.870764160527704007e+03
-5.870764160527704007e+03
-5.870764160527704007e+03
-5.870764160527704007e+03
-5.870764160527704007e+03
-5.870764160527704007e+03
-5.870764160527704007e+03
-5.870764160527704007e+03
-5.870764160527704007e+03
-5.870764160527704007e+03
-5.870764160527704007e+03
-5.870764160527704007e+03
-5.870764160527704007e+03
-5.870764160527704007e+03
-5.870764160527704007e+03
-5.870764160527704007e+03
-5.870764160527704007e+03
-5.870764160527704007e+03
-5.870764160527704007e+03
-5.870764160527704007e+03
-5.870764160527704007e+03
-6.018395082144639673e+03
-6.018395082144639673e+03
-6.018395082144639673e+03
-6.018395082144639673e+03
-6.018395082144639673e+03
-6.018395082144639673e+03
-6.018395082144639673e+03
-6.018395082144639673e+03
-6.018395082144639673e+03
-6.018395082144639673e+03
-6.018395082144639673e+03
-6.018395082144639673e+03
-6.018395082144639673e+03
-6.018395082144639673e+03
-6.018395082144639673e+03
-6.018395082144639673e+03
-6.018395082144639673e+03
-6.018395082144639673e+03
-6.018395082144639673e+03
-6.018395082144639673e+03
-6.018395082144639673e+03
-6.018395082144639673e+03
-6.018395082144639673e+03
-6.018395082144639673e+03
-6.018395082144639673e+03
-5.821318159360233039e+03
-5.821318159360233039e+03
-5.821318159360233039e+03
-5.821318159360233039e+03
-5.821318159360233039e+03
-5.821318159360233039e+03
-5.821318159360233039e+03
-5.821318159360233039e+03
-5.821318159360233039e+03
-5.821318159360233039e+03
-5.821318159360233039e+03
-5.821318159360233039e+03
-5.821318159360233039e+03
-5.821318159360233039e+03
-5.821318159360233039e+03
-5.821318159360233039e+03
-5.821318159360233039e+03
-5.821318159360233039e+03
-5.821318159360233039e+03
-5.821318159360233039e+03
-5.821318159360233039e+03
-5.821318159360233039e+03
-5.821318159360233039e+03
-5.821318159360233039e+03
-5.821318159360233039e+03
-5.852870961887059821e+03
-5.852870961887059821e+03
-5.852870961887059821e+03
-5.852870961887059821e+03
-5.852870961887059821e+03
-5.852870961887059821e+03
-5.852870961887059821e+03
-5.852870961887059821e+03
-5.852870961887059821e+03
-5.852870961887059821e+03
-5.852870961887059821e+03
-5.852870961887059821e+03
-5.852870961887059821e+03
-5.852870961887059821e+03
-5.852870961887059821e+03
-5.852870961887059821e+03
-5.852870961887059821e+03
-5.852870961887059821e+03
-5.852870961887059821e+03
-5.852870961887059821e+03
-5.852870961887059821e+03
-5.852870961887059821e+03
-5.852870961887059821e+03
-5.852870961887059821e+03
-5.852870961887059821e+03
-5.739810292690235656e+03
-5.739810292690235656e+03
-5.739810292690235656e+03
-5.739810292690235656e+03
-5.739810292690235656e+03
-5.739810292690235656e+03
-5.739810292690235656e+03
-5.739810292690235656e+03
-5.739810292690235656e+03
-5.739810292690235656e+03
-5.739810292690235656e+03
-5.739810292690235656e+03
-5.739810292690235656e+03
-5.739810292690235656e+03
-5.739810292690235656e+03
-5.739810292690235656e+03
-5.739810292690235656e+03
-5.739810292690235656e+03
-5.739810292690235656e+03
-5.739810292690235656e+03
-5.739810292690235656e+03
-5.739810292690235656e+03
-5.739810292690235656e+03
-5.739810292690235656e+03
-5.739810292690235656e+03
-5.794490183228832393e+03
-5.794490183228832393e+03
-5.794490183228832393e+03
-5.794490183228832393e+03
-5.794490183228832393e+03
-5.794490183228832393e+03
-5.794490183228832393e+03
-5.794490183228832393e+03
-5.794490183228832393e+03
-5.794490183228832393e+03
-5.794490183228832393e+03
-5.794490183228832393e+03
-5.794490183228832393e+03
-5.794490183228832393e+03
-5.794490183228832393e+03
-5.794490183228832393e+03
-5.794490183228832393e+03
-5.794490183228832393e+03
-5.794490183228832393e+03
-5.794490183228832393e+03
-5.794490183228832393e+03
-5.794490183228832393e+03
-5.794490183228832393e+03
-5.794490183228832393e+03
-5.794490183228832393e+03
-5.624117728506298590e+03
-5.624117728506298590e+03
-5.624117728506298590e+03
-5.624117728506298590e+03
-5.624117728506298590e+03
-5.624117728506298590e+03
-5.624117728506298590e+03
-5.624117728506298590e+03
-5.624117728506298590e+03
-5.624117728506298590e+03
-5.624117728506298590e+03
-5.624117728506298590e+03
-5.624117728506298590e+03
-5.624117728506298590e+03
-5.624117728506298590e+03
-5.624117728506298590e+03
-5.624117728506298590e+03
-5.624117728506298590e+03
-5.624117728506298590e+03
-5.624117728506298590e+03
-5.624117728506298590e+03
-5.624117728506298590e+03
-5.624117728506298590e+03
-5.624117728506298590e+03
-5.624117728506298590e+03
-5.663120286485477664e+03
-5.663120286485477664e+03
-5.663120286485477664e+03
-5.663120286485477664e+03
-5.663120286485477664e+03
-5.663120286485477664e+03
-5.663120286485477664e+03
-5.663120286485477664e+03
-5.663120286485477664e+03
-5.663120286485477664e+03
-5.663120286485477664e+03
-5.663120286485477664e+03
-5.663120286485477664e+03
-5.663120286485477664e+03
-5.663120286485477664e+03
-5.663120286485477664e+03
-5.663120286485477664e+03
-5.663120286485477664e+03
-5.663120286485477664e+03
-5.663120286485477664e+03
-5.663120286485477664e+03
-5.663120286485477664e+03
-5.663120286485477664e+03
-5.663120286485477664e+03
-5.663120286485477664e+03
-5.504909839856837607e+03
-5.504909839856837607e+03
-5.504909839856837607e+03
-5.504909839856837607e+03
-5.504909839856837607e+03
-5.504909839856837607e+03
-5.504909839856837607e+03
-5.504909839856837607e+03
-5.504909839856837607e+03
-5.504909839856837607e+03
-5.504909839856837607e+03
-5.504909839856837607e+03
-5.504909839856837607e+03
-5.504909839856837607e+03
-5.504909839856837607e+03
-5.504909839856837607e+03
-5.504909839856837607e+03
-5.504909839856837607e+03
-5.504909839856837607e+03
-5.504909839856837607e+03
-5.504909839856837607e+03
-5.504909839856837607e+03
-5.504909839856837607e+03
-5.504909839856837607e+03
-5.504909839856837607e+03
-5.403687811276573484e+03
-5.403687811276573484e+03
-5.403687811276573484e+03
-5.403687811276573484e+03
-5.403687811276573484e+03
-5.403687811276573484e+03
-5.403687811276573484e+03
-5.403687811276573484e+03
-5.403687811276573484e+03
-5.403687811276573484e+03
-5.403687811276573484e+03
-5.403687811276573484e+03
-5.403687811276573484e+03
-5.403687811276573484e+03
-5.403687811276573484e+03
-5.403687811276573484e+03
-5.403687811276573484e+03
-5.403687811276573484e+03
-5.403687811276573484e+03
-5.403687811276573484e+03
-5.403687811276573484e+03
-5.403687811276573484e+03
-5.403687811276573484e+03
-5.403687811276573484e+03
-5.403687811276573484e+03
-5.248308499950258920e+03
-5.248308499950258920e+03
-5.248308499950258920e+03
-5.248308499950258920e+03
-5.248308499950258920e+03
-5.248308499950258920e+03
-5.248308499950258920e+03
-5.248308499950258920e+03
-5.248308499950258920e+03
-5.248308499950258920e+03
-5.248308499950258920e+03
-5.248308499950258920e+03
-5.248308499950258920e+03
-5.248308499950258920e+03
-5.248308499950258920e+03
-5.248308499950258920e+03
-5.248308499950258920e+03
-5.248308499950258920e+03
-5.248308499950258920e+03
-5.248308499950258920e+03
-5.248308499950258920e+03
-5.248308499950258920e+03
-5.248308499950258920e+03
-5.248308499950258920e+03
-5.248308499950258920e+03
-5.171471474303197283e+03
-5.171471474303197283e+03
-5.171471474303197283e+03
-5.171471474303197283e+03
-5.171471474303197283e+03
-5.171471474303197283e+03
-5.171471474303197283e+03
-5.171471474303197283e+03
-5.171471474303197283e+03
-5.171471474303197283e+03
-5.171471474303197283e+03
-5.171471474303197283e+03
-5.171471474303197283e+03
-5.171471474303197283e+03
-5.171471474303197283e+03
-5.171471474303197283e+03
-5.171471474303197283e+03
-5.171471474303197283e+03
-5.171471474303197283e+03
-5.171471474303197283e+03
-5.171471474303197283e+03
-5.171471474303197283e+03
-5.171471474303197283e+03
-5.171471474303197283e+03
-5.171471474303197283e+03
-4.897066826586491516e+03
-4.897066826586491516e+03
-4.897066826586491516e+03
-4.897066826586491516e+03
-4.897066826586491516e+03
-4.897066826586491516e+03
-4.897066826586491516e+03
-4.897066826586491516e+03
-4.897066826586491516e+03
-4.897066826586491516e+03
-4.897066826586491516e+03
-4.897066826586491516e+03
-4.897066826586491516e+03
-4.897066826586491516e+03
-4.897066826586491516e+03
-4.897066826586491516e+03
-4.897066826586491516e+03
-4.897066826586491516e+03
-4.897066826586491516e+03
-4.897066826586491516e+03
-4.897066826586491516e+03
-4.897066826586491516e+03
-4.897066826586491516e+03
-4.897066826586491516e+03
-4.897066826586491516e+03
-4.992789655088265135e+03
-4.992789655088265135e+03
-4.992789655088265135e+03
-4.992789655088265135e+03
-4.992789655088265135e+03
-4.992789655088265135e+03
-4.992789655088265135e+03
-4.992789655088265135e+03
-4.992789655088265135e+03
-4.992789655088265135e+03
-4.992789655088265135e+03
-4.992789655088265135e+03
-4.992789655088265135e+03
-4.992789655088265135e+03
-4.992789655088265135e+03
-4.992789655088265135e+03
-4.992789655088265135e+03
-4.992789655088265135e+03
-4.992789655088265135e+03
-4.992789655088265135e+03
-4.992789655088265135e+03
-4.992789655088265135e+03
-4.992789655088265135e+03
-4.992789655088265135e+03
-4.992789655088265135e+03
-4.704664898250412080e+03
-4.704664898250412080e+03
-4.704664898250412080e+03
-4.704664898250412080e+03
-4.704664898250412080e+03
-4.704664898250412080e+03
-4.704664898250412080e+03
-4.704664898250412080e+03
-4.704664898250412080e+03
-4.704664898250412080e+03
-4.704664898250412080e+03
-4.704664898250412080e+03
-4.704664898250412080e+03
-4.704664898250412080e+03
-4.704664898250412080e+03
-4.704664898250412080e+03
-4.704664898250412080e+03
-4.704664898250412080e+03
-4.704664898250412080e+03
-4.704664898250412080e+03
-4.704664898250412080e+03
-4.704664898250412080e+03
-4.704664898250412080e+03
-4.704664898250412080e+03
-4.704664898250412080e+03
-4.745673428428073748e+03
-4.745673428428073748e+03
-4.745673428428073748e+03
-4.745673428428073748e+03
-4.745673428428073748e+03
-4.745673428428073748e+03
-4.745673428428073748e+03
-4.745673428428073748e+03
-4.745673428428073748e+03
-4.745673428428073748e+03
-4.745673428428073748e+03
-4.745673428428073748e+03
-4.745673428428073748e+03
-4.745673428428073748e+03
-4.745673428428073748e+03
-4.745673428428073748e+03
-4.745673428428073748e+03
-4.745673428428073748e+03
-4.745673428428073748e+03
-4.745673428428073748e+03
-4.745673428428073748e+03
-4.745673428428073748e+03
-4.745673428428073748e+03
-4.745673428428073748e+03
-4.745673428428073748e+03
-4.455086112251026861e+03
-4.455086112251026861e+03
-4.455086112251026861e+03
-4.455086112251026861e+03
-4.455086112251026861e+03
-4.455086112251026861e+03
-4.455086112251026861e+03
-4.455086112251026861e+03
-4.455086112251026861e+03
-4.455086112251026861e+03
-4.455086112251026861e+03
-4.455086112251026861e+03
-4.455086112251026861e+03
-4.455086112251026861e+03
-4.455086112251026861e+03
-4.455086112251026861e+03
-4.455086112251026861e+03
-4.455086112251026861e+03
-4.455086112251026861e+03
-4.455086112251026861e+03
-4.455086112251026861e+03
-4.455086112251026861e+03
-4.455086112251026861e+03
-4.455086112251026861e+03
-4.455086112251026861e+03
-4.482685685222785651e+03
-4.482685685222785651e+03
-4.482685685222785651e+03
-4.482685685222785651e+03
-4.482685685222785651e+03
-4.482685685222785651e+03
-4.482685685222785651e+03
-4.482685685222785651e+03
-4.482685685222785651e+03
-4.482685685222785651e+03
-4.482685685222785651e+03
-4.482685685222785651e+03
-4.482685685222785651e+03
-4.482685685222785651e+03
-4.482685685222785651e+03
-4.482685685222785651e+03
-4.482685685222785651e+03
-4.482685685222785651e+03
-4.482685685222785651e+03
-4.482685685222785651e+03
-4.482685685222785651e+03
-4.482685685222785651e+03
-4.482685685222785651e+03
-4.482685685222785651e+03
-4.482685685222785651e+03
-4.224869589759030532e+03
-4.224869589759030532e+03
-4.224869589759030532e+03
-4.224869589759030532e+03
-4.224869589759030532e+03
-4.224869589759030532e+03
-4.224869589759030532e+03
-4.224869589759030532e+03
-4.224869589759030532e+03
-4.224869589759030532e+03
-4.224869589759030532e+03
-4.224869589759030532e+03
-4.224869589759030532e+03
-4.224869589759030532e+03
-4.224869589759030532e+03
-4.224869589759030532e+03
-4.224869589759030532e+03
-4.224869589759030532e+03
-4.224869589759030532e+03
-4.224869589759030532e+03
-4.224869589759030532e+03
-4.224869589759030532e+03
-4.224869589759030532e+03
-4.224869589759030532e+03
-4.224869589759030532e+03
-4.389996225792954647e+03
-4.389996225792954647e+03
-4.389996225792954647e+03
-4.389996225792954647e+03
-4.389996225792954647e+03
-4.389996225792954647e+03
-4.389996225792954647e+03
-4.389996225792954647e+03
-4.389996225792954647e+03
-4.389996225792954647e+03
-4.389996225792954647e+03
-4.389996225792954647e+03
-4.389996225792954647e+03
-4.389996225792954647e+03
-4.389996225792954647e+03
-4.389996225792954647e+03
-4.389996225792954647e+03
-4.389996225792954647e+03
-4.389996225792954647e+03
-4.389996225792954647e+03
-4.389996225792954647e+03
-4.389996225792954647e+03
-4.389996225792954647e+03
-4.389996225792954647e+03
-4.389996225792954647e+03
-4.086563968241416660e+03
-4.086563968241416660e+03
-4.086563968241416660e+03
-4.086563968241416660e+03
-4.086563968241416660e+03
-4.086563968241416660e+03
-4.086563968241416660e+03
-4.086563968241416660e+03
-4.086563968241416660e+03
-4.086563968241416660e+03
-4.086563968241416660e+03
-4.086563968241416660e+03
-4.086563968241416660e+03
-4.086563968241416660e+03
-4.086563968241416660e+03
-4.086563968241416660e+03
-4.086563968241416660e+03
-4.086563968241416660e+03
-4.086563968241416660e+03
-4.086563968241416660e+03
-4.086563968241416660e+03
-4.086563968241416660e+03
-4.086563968241416660e+03
-4.086563968241416660e+03
-4.086563968241416660e+03
-4.155896389983096014e+03
-4.155896389983096014e+03
-4.155896389983096014e+03
-4.155896389983096014e+03
-4.155896389983096014e+03
-4.155896389983096014e+03
-4.155896389983096014e+03
-4.155896389983096014e+03
-4.155896389983096014e+03
-4.155896389983096014e+03
-4.155896389983096014e+03
-4.155896389983096014e+03
-4.155896389983096014e+03
-4.155896389983096014e+03
-4.155896389983096014e+03
-4.155896389983096014e+03
-4.155896389983096014e+03
-4.155896389983096014e+03
-4.155896389983096014e+03
-4.155896389983096014e+03
-4.155896389983096014e+03
-4.155896389983096014e+03
-4.155896389983096014e+03
-4.155896389983096014e+03
-4.155896389983096014e+03
-3.725717989732213027e+03
-3.725717989732213027e+03
-3.725717989732213027e+03
-3.725717989732213027e+03
-3.725717989732213027e+03
-3.725717989732213027e+03
-3.725717989732213027e+03
-3.725717989732213027e+03
-3.725717989732213027e+03
-3.725717989732213027e+03
-3.725717989732213027e+03
-3.725717989732213027e+03
-3.725717989732213027e+03
-3.725717989732213027e+03
-3.725717989732213027e+03
-3.725717989732213027e+03
-3.725717989732213027e+03
-3.725717989732213027e+03
-3.725717989732213027e+03
-3.725717989732213027e+03
-3.725717989732213027e+03
-3.725717989732213027e+03
-3.725717989732213027e+03
-3.725717989732213027e+03
-3.725717989732213027e+03
-3.876678046840114803e+03
-3.876678046840114803e+03
-3.876678046840114803e+03
-3.876678046840114803e+03
-3.876678046840114803e+03
-3.876678046840114803e+03
-3.876678046840114803e+03
-3.876678046840114803e+03
-3.876678046840114803e+03
-3.876678046840114803e+03
-3.876678046840114803e+03
-3.876678046840114803e+03
-3.876678046840114803e+03
-3.876678046840114803e+03
-3.876678046840114803e+03
-3.876678046840114803e+03
-3.876678046840114803e+03
-3.876678046840114803e+03
-3.876678046840114803e+03
-3.876678046840114803e+03
-3.876678046840114803e+03
-3.876678046840114803e+03
-3.876678046840114803e+03
-3.876678046840114803e+03
-3.876678046840114803e+03
-3.460084997097309952e+03
-3.460084997097309952e+03
-3.460084997097309952e+03
-3.460084997097309952e+03
-3.460084997097309952e+03
-3.460084997097309952e+03
-3.460084997097309952e+03
-3.460084997097309952e+03
-3.460084997097309952e+03
-3.460084997097309952e+03
-3.460084997097309952e+03
-3.460084997097309952e+03
-3.460084997097309952e+03
-3.460084997097309952e+03
-3.460084997097309952e+03
-3.460084997097309952e+03
-3.460084997097309952e+03
-3.460084997097309952e+03
-3.460084997097309952e+03
-3.460084997097309952e+03
-3.460084997097309952e+03
-3.460084997097309952e+03
-3.460084997097309952e+03
-3.460084997097309952e+03
-3.460084997097309952e+03
-3.573886155761614646e+03
-3.573886155761614646e+03
-3.573886155761614646e+03
-3.573886155761614646e+03
-3.573886155761614646e+03
-3.573886155761614646e+03
-3.573886155761614646e+03
-3.573886155761614646e+03
-3.573886155761614646e+03
-3.573886155761614646e+03
-3.573886155761614646e+03
-3.573886155761614646e+03
-3.573886155761614646e+03
-3.573886155761614646e+03
-3.573886155761614646e+03
-3.573886155761614646e+03
-3.573886155761614646e+03
-3.573886155761614646e+03
-3.573886155761614646e+03
-3.573886155761614646e+03
-3.573886155761614646e+03
-3.573886155761614646e+03
-3.573886155761614646e+03
-3.573886155761614646e+03
-3.573886155761614646e+03
-3.301482621573960387e+03
-3.301482621573960387e+03
-3.301482621573960387e+03
-3.301482621573960387e+03
-3.301482621573960387e+03
-3.301482621573960387e+03
-3.301482621573960387e+03
-3.301482621573960387e+03
-3.301482621573960387e+03
-3.301482621573960387e+03
-3.301482621573960387e+03
-3.301482621573960387e+03
-3.301482621573960387e+03
-3.301482621573960387e+03
-3.301482621573960387e+03
-3.301482621573960387e+03
-3.301482621573960387e+03
-3.301482621573960387e+03
-3.301482621573960387e+03
-3.301482621573960387e+03
-3.301482621573960387e+03
-3.301482621573960387e+03
-3.301482621573960387e+03
-3.301482621573960387e+03
-3.301482621573960387e+03
-3.344476767601019674e+03
-3.344476767601019674e+03
-3.344476767601019674e+03
-3.344476767601019674e+03
-3.344476767601019674e+03
-3.344476767601019674e+03
-3.344476767601019674e+03
-3.344476767601019674e+03
-3.344476767601019674e+03
-3.344476767601019674e+03
-3.344476767601019674e+03
-3.344476767601019674e+03
-3.344476767601019674e+03
-3.344476767601019674e+03
-3.344476767601019674e+03
-3.344476767601019674e+03
-3.344476767601019674e+03
-3.344476767601019674e+03
-3.344476767601019674e+03
-3.344476767601019674e+03
-3.344476767601019674e+03
-3.344476767601019674e+03
-3.344476767601019674e+03
-3.344476767601019674e+03
-3.344476767601019674e+03
-2.981241924385568836e+03
-2.981241924385568836e+03
-2.981241924385568836e+03
-2.981241924385568836e+03
-2.981241924385568836e+03
-2.981241924385568836e+03
-2.981241924385568836e+03
-2.981241924385568836e+03
-2.981241924385568836e+03
-2.981241924385568836e+03
-2.981241924385568836e+03
-2.981241924385568836e+03
-2.981241924385568836e+03
-2.981241924385568836e+03
-2.981241924385568836e+03
-2.981241924385568836e+03
-2.981241924385568836e+03
-2.981241924385568836e+03
-2.981241924385568836e+03
-2.981241924385568836e+03
-2.981241924385568836e+03
-2.981241924385568836e+03
-2.981241924385568836e+03
-2.981241924385568836e+03
-2.981241924385568836e+03
-3.070304134137834808e+03
-3.070304134137834808e+03
-3.070304134137834808e+03
-3.070304134137834808e+03
-3.070304134137834808e+03
-3.070304134137834808e+03
-3.070304134137834808e+03
-3.070304134137834808e+03
-3.070304134137834808e+03
-3.070304134137834808e+03
-3.070304134137834808e+03
-3.070304134137834808e+03
-3.070304134137834808e+03
-3.070304134137834808e+03
-3.070304134137834808e+03
-3.070304134137834808e+03
-3.070304134137834808e+03
-3.070304134137834808e+03
-3.070304134137834808e+03
-3.070304134137834808e+03
-3.070304134137834808e+03
-3.070304134137834808e+03
-3.070304134137834808e+03
-3.070304134137834808e+03
-3.070304134137834808e+03
-2.783543147760408829e+03
-2.783543147760408829e+03
-2.783543147760408829e+03
-2.783543147760408829e+03
-2.783543147760408829e+03
-2.783543147760408829e+03
-2.783543147760408829e+03
-2.783543147760408829e+03
-2.783543147760408829e+03
-2.783543147760408829e+03
-2.783543147760408829e+03
-2.783543147760408829e+03
-2.783543147760408829e+03
-2.783543147760408829e+03
-2.783543147760408829e+03
-2.783543147760408829e+03
-2.783543147760408829e+03
-2.783543147760408829e+03
-2.783543147760408829e+03
-2.783543147760408829e+03
-2.783543147760408829e+03
-2.783543147760408829e+03
-2.783543147760408829e+03
-2.783543147760408829e+03
-2.783543147760408829e+03
-2.775744524554219424e+03
-2.775744524554219424e+03
-2.775744524554219424e+03
-2.775744524554219424e+03
-2.775744524554219424e+03
-2.775744524554219424e+03
-2.775744524554219424e+03
-2.775744524554219424e+03
-2.775744524554219424e+03
-2.775744524554219424e+03
-2.775744524554219424e+03
-2.775744524554219424e+03
-2.775744524554219424e+03
-2.775744524554219424e+03
-2.775744524554219424e+03
-2.775744524554219424e+03
-2.775744524554219424e+03
-2.775744524554219424e+03
-2.775744524554219424e+03
-2.775744524554219424e+03
-2.775744524554219424e+03
-2.775744524554219424e+03
-2.775744524554219424e+03
-2.775744524554219424e+03
-2.775744524554219424e+03
-2.693687704577553632e+03
-2.693687704577553632e+03
-2.693687704577553632e+03
-2.693687704577553632e+03
-2.693687704577553632e+03
-2.693687704577553632e+03
-2.693687704577553632e+03
-2.693687704577553632e+03
-2.693687704577553632e+03
-2.693687704577553632e+03
-2.693687704577553632e+03
-2.693687704577553632e+03
-2.693687704577553632e+03
-2.693687704577553632e+03
-2.693687704577553632e+03
-2.693687704577553632e+03
-2.693687704577553632e+03
-2.693687704577553632e+03
-2.693687704577553632e+03
-2.693687704577553632e+03
-2.693687704577553632e+03
-2.693687704577553632e+03
-2.693687704577553632e+03
-2.693687704577553632e+03
-2.693687704577553632e+03
-2.688692775890079247e+03
-2.688692775890079247e+03
-2.688692775890079247e+03
-2.688692775890079247e+03
-2.688692775890079247e+03
-2.688692775890079247e+03
-2.688692775890079247e+03
-2.688692775890079247e+03
-2.688692775890079247e+03
-2.688692775890079247e+03
-2.688692775890079247e+03
-2.688692775890079247e+03
-2.688692775890079247e+03
-2.688692775890079247e+03
-2.688692775890079247e+03
-2.688692775890079247e+03
-2.688692775890079247e+03
-2.688692775890079247e+03
-2.688692775890079247e+03
-2.688692775890079247e+03
-2.688692775890079247e+03
-2.688692775890079247e+03
-2.688692775890079247e+03
-2.688692775890079247e+03
-2.688692775890079247e+03
-2.369800001205394437e+03
-2.369800001205394437e+03
-2.369800001205394437e+03
-2.369800001205394437e+03
-2.369800001205394437e+03
-2.369800001205394437e+03
-2.369800001205394437e+03
-2.369800001205394437e+03
-2.369800001205394437e+03
-2.369800001205394437e+03
-2.369800001205394437e+03
-2.369800001205394437e+03
-2.369800001205394437e+03
-2.369800001205394437e+03
-2.369800001205394437e+03
-2.369800001205394437e+03
-2.369800001205394437e+03
-2.369800001205394437e+03
-2.369800001205394437e+03
-2.369800001205394437e+03
-2.369800001205394437e+03
-2.369800001205394437e+03
-2.369800001205394437e+03
-2.369800001205394437e+03
-2.369800001205394437e+03
-2.387481591595690588e+03
-2.387481591595690588e+03
-2.387481591595690588e+03
-2.387481591595690588e+03
-2.387481591595690588e+03
-2.387481591595690588e+03
-2.387481591595690588e+03
-2.387481591595690588e+03
-2.387481591595690588e+03
-2.387481591595690588e+03
-2.387481591595690588e+03
-2.387481591595690588e+03
-2.387481591595690588e+03
-2.387481591595690588e+03
-2.387481591595690588e+03
-2.387481591595690588e+03
-2.387481591595690588e+03
-2.387481591595690588e+03
-2.387481591595690588e+03
-2.387481591595690588e+03
-2.387481591595690588e+03
-2.387481591595690588e+03
-2.387481591595690588e+03
-2.387481591595690588e+03
-2.387481591595690588e+03
-2.113781046246474943e+03
-2.113781046246474943e+03
-2.113781046246474943e+03
-2.113781046246474943e+03
-2.113781046246474943e+03
-2.113781046246474943e+03
-2.113781046246474943e+03
-2.113781046246474943e+03
-2.113781046246474943e+03
-2.113781046246474943e+03
-2.113781046246474943e+03
-2.113781046246474943e+03
-2.113781046246474943e+03
-2.113781046246474943e+03
-2.113781046246474943e+03
-2.113781046246474943e+03
-2.113781046246474943e+03
-2.113781046246474943e+03
-2.113781046246474943e+03
-2.113781046246474943e+03
-2.113781046246474943e+03
-2.113781046246474943e+03
-2.113781046246474943e+03
-2.113781046246474943e+03
-2.113781046246474943e+03
-2.136746757096792862e+03
-2.136746757096792862e+03
-2.136746757096792862e+03
-2.136746757096792862e+03
-2.136746757096792862e+03
-2.136746757096792862e+03
-2.136746757096792862e+03
-2.136746757096792862e+03
-2.136746757096792862e+03
-2.136746757096792862e+03
-2.136746757096792862e+03
-2.136746757096792862e+03
-2.136746757096792862e+03
-2.136746757096792862e+03
-2.136746757096792862e+03
-2.136746757096792862e+03
-2.136746757096792862e+03
-2.136746757096792862e+03
-2.136746757096792862e+03
-2.136746757096792862e+03
-2.136746757096792862e+03
-2.136746757096792862e+03
-2.136746757096792862e+03
-2.136746757096792862e+03
-2.136746757096792862e+03
-1.693764639691389448e+03
-1.693764639691389448e+03
-1.693764639691389448e+03
-1.693764639691389448e+03
-1.693764639691389448e+03
-1.693764639691389448e+03
-1.693764639691389448e+03
-1.693764639691389448e+03
-1.693764639691389448e+03
-1.693764639691389448e+03
-1.693764639691389448e+03
-1.693764639691389448e+03
-1.693764639691389448e+03
-1.693764639691389448e+03
-1.693764639691389448e+03
-1.693764639691389448e+03
-1.693764639691389448e+03
-1.693764639691389448e+03
-1.693764639691389448e+03
-1.693764639691389448e+03
-1.693764639691389448e+03
-1.693764639691389448e+03
-1.693764639691389448e+03
-1.693764639691389448e+03
-1.693764639691389448e+03
-1.777162832585036995e+03
-1.777162832585036995e+03
-1.777162832585036995e+03
-1.777162832585036995e+03
-1.777162832585036995e+03
-1.777162832585036995e+03
-1.777162832585036995e+03
-1.777162832585036995e+03
-1.777162832585036995e+03
-1.777162832585036995e+03
-1.777162832585036995e+03
-1.777162832585036995e+03
-1.777162832585036995e+03
-1.777162832585036995e+03
-1.777162832585036995e+03
-1.777162832585036995e+03
-1.777162832585036995e+03
-1.777162832585036995e+03
-1.777162832585036995e+03
-1.777162832585036995e+03
-1.777162832585036995e+03
-1.777162832585036995e+03
-1.777162832585036995e+03
-1.777162832585036995e+03
-1.777162832585036995e+03
-1.549243936140588175e+03
-1.549243936140588175e+03
-1.549243936140588175e+03
-1.549243936140588175e+03
-1.549243936140588175e+03
-1.549243936140588175e+03
-1.549243936140588175e+03
-1.549243936140588175e+03
-1.549243936140588175e+03
-1.549243936140588175e+03
-1.549243936140588175e+03
-1.549243936140588175e+03
-1.549243936140588175e+03
-1.549243936140588175e+03
-1.549243936140588175e+03
-1.549243936140588175e+03
-1.549243936140588175e+03
-1.549243936140588175e+03
-1.549243936140588175e+03
-1.549243936140588175e+03
-1.549243936140588175e+03
-1.549243936140588175e+03
-1.549243936140588175e+03
-1.549243936140588175e+03
-1.549243936140588175e+03
-1.522392380005965151e+03
-1.522392380005965151e+03
-1.522392380005965151e+03
-1.522392380005965151e+03
-1.522392380005965151e+03
-1.522392380005965151e+03
-1.522392380005965151e+03
-1.522392380005965151e+03
-1.522392380005965151e+03
-1.522392380005965151e+03
-1.522392380005965151e+03
-1.522392380005965151e+03
-1.522392380005965151e+03
-1.522392380005965151e+03
-1.522392380005965151e+03
-1.522392380005965151e+03
-1.522392380005965151e+03
-1.522392380005965151e+03
-1.522392380005965151e+03
-1.522392380005965151e+03
-1.522392380005965151e+03
-1.522392380005965151e+03
-1.522392380005965151e+03
-1.522392380005965151e+03
-1.522392380005965151e+03
-1.280544886753403716e+03
-1.280544886753403716e+03
-1.280544886753403716e+03
-1.280544886753403716e+03
-1.280544886753403716e+03
-1.280544886753403716e+03
-1.280544886753403716e+03
-1.280544886753403716e+03
-1.280544886753403716e+03
-1.280544886753403716e+03
-1.280544886753403716e+03
-1.280544886753403716e+03
-1.280544886753403716e+03
-1.280544886753403716e+03
-1.280544886753403716e+03
-1.280544886753403716e+03
-1.280544886753403716e+03
-1.280544886753403716e+03
-1.280544886753403716e+03
-1.280544886753403716e+03
-1.280544886753403716e+03
-1.280544886753403716e+03
-1.280544886753403716e+03
-1.280544886753403716e+03
-1.280544886753403716e+03
-1.279149271704711737e+03
-1.279149271704711737e+03
-1.279149271704711737e+03
-1.279149271704711737e+03
-1.279149271704711737e+03
-1.279149271704711737e+03
-1.279149271704711737e+03
-1.279149271704711737e+03
-1.279149271704711737e+03
-1.279149271704711737e+03
-1.279149271704711737e+03
-1.279149271704711737e+03
-1.279149271704711737e+03
-1.279149271704711737e+03
-1.279149271704711737e+03
-1.279149271704711737e+03
-1.279149271704711737e+03
-1.279149271704711737e+03
-1.279149271704711737e+03
-1.279149271704711737e+03
-1.279149271704711737e+03
-1.279149271704711737e+03
-1.279149271704711737e+03
-1.279149271704711737e+03
-1.279149271704711737e+03
-1.024708200645967281e+03
-1.024708200645967281e+03
-1.024708200645967281e+03
-1.024708200645967281e+03
-1.024708200645967281e+03
-1.024708200645967281e+03
-1.024708200645967281e+03
-1.024708200645967281e+03
-1.024708200645967281e+03
-1.024708200645967281e+03
-1.024708200645967281e+03
-1.024708200645967281e+03
-1.024708200645967281e+03
-1.024708200645967281e+03
-1.024708200645967281e+03
-1.024708200645967281e+03
-1.024708200645967281e+03
-1.024708200645967281e+03
-1.024708200645967281e+03
-1.024708200645967281e+03
-1.024708200645967281e+03
-1.024708200645967281e+03
-1.024708200645967281e+03
-1.024708200645967281e+03
-1.024708200645967281e+03
-1.073103810565714411e+03
-1.073103810565714411e+03
-1.073103810565714411e+03
-1.073103810565714411e+03
-1.073103810565714411e+03
-1.073103810565714411e+03
-1.073103810565714411e+03
-1.073103810565714411e+03
-1.073103810565714411e+03
-1.073103810565714411e+03
-1.073103810565714411e+03
-1.073103810565714411e+03
-1.073103810565714411e+03
-1.073103810565714411e+03
-1.073103810565714411e+03
-1.073103810565714411e+03
-1.073103810565714411e+03
-1.073103810565714411e+03
-1.073103810565714411e+03
-1.073103810565714411e+03
-1.073103810565714411e+03
-1.073103810565714411e+03
-1.073103810565714411e+03
-1.073103810565714411e+03
-1.073103810565714411e+03
-8.264457245407304526e+02
-8.264457245407304526e+02
-8.264457245407304526e+02
-8.264457245407304526e+02
-8.264457245407304526e+02
-8.264457245407304526e+02
-8.264457245407304526e+02
-8.264457245407304526e+02
-8.264457245407304526e+02
-8.264457245407304526e+02
-8.264457245407304526e+02
-8.264457245407304526e+02
-8.264457245407304526e+02
-8.264457245407304526e+02
-8.264457245407304526e+02
-8.264457245407304526e+02
-8.264457245407304526e+02
-8.264457245407304526e+02
-8.264457245407304526e+02
-8.264457245407304526e+02
-8.264457245407304526e+02
-8.264457245407304526e+02
-8.264457245407304526e+02
-8.264457245407304526e+02
-8.264457245407304526e+02
-8.052171880796777259e+02
-8.052171880796777259e+02
-8.052171880796777259e+02
-8.052171880796777259e+02
-8.052171880796777259e+02
-8.052171880796777259e+02
-8.052171880796777259e+02
-8.052171880796777259e+02
-8.052171880796777259e+02
-8.052171880796777259e+02
-8.052171880796777259e+02
-8.052171880796777259e+02
-8.052171880796777259e+02
-8.052171880796777259e+02
-8.052171880796777259e+02
-8.052171880796777259e+02
-8.052171880796777259e+02
-8.052171880796777259e+02
-8.052171880796777259e+02
-8.052171880796777259e+02
-8.052171880796777259e+02
-8.052171880796777259e+02
-8.052171880796777259e+02
-8.052171880796777259e+02
-8.052171880796777259e+02
-5.723863666699032819e+02
-5.723863666699032819e+02
-5.723863666699032819e+02
-5.723863666699032819e+02
-5.723863666699032819e+02
-5.723863666699032819e+02
-5.723863666699032819e+02
-5.723863666699032819e+02
-5.723863666699032819e+02
-5.723863666699032819e+02
-5.723863666699032819e+02
-5.723863666699032819e+02
-5.723863666699032819e+02
-5.723863666699032819e+02
-5.723863666699032819e+02
-5.723863666699032819e+02
-5.723863666699032819e+02
-5.723863666699032819e+02
-5.723863666699032819e+02
-5.723863666699032819e+02
-5.723863666699032819e+02
-5.723863666699032819e+02
-5.723863666699032819e+02
-5.723863666699032819e+02
-5.723863666699032819e+02
-5.424842556753183089e+02
-5.424842556753183089e+02
-5.424842556753183089e+02
-5.424842556753183089e+02
-5.424842556753183089e+02
-5.424842556753183089e+02
-5.424842556753183089e+02
-5.424842556753183089e+02
-5.424842556753183089e+02
-5.424842556753183089e+02
-5.424842556753183089e+02
-5.424842556753183089e+02
-5.424842556753183089e+02
-5.424842556753183089e+02
-5.424842556753183089e+02
-5.424842556753183089e+02
-5.424842556753183089e+02
-5.424842556753183089e+02
-5.424842556753183089e+02
-5.424842556753183089e+02
-5.424842556753183089e+02
-5.424842556753183089e+02
-5.424842556753183089e+02
-5.424842556753183089e+02
-5.424842556753183089e+02
-3.250702498096196678e+02
-3.250702498096196678e+02
-3.250702498096196678e+02
-3.250702498096196678e+02
-3.250702498096196678e+02
-3.250702498096196678e+02
-3.250702498096196678e+02
-3.250702498096196678e+02
-3.250702498096196678e+02
-3.250702498096196678e+02
-3.250702498096196678e+02
-3.250702498096196678e+02
-3.250702498096196678e+02
-3.250702498096196678e+02
-3.250702498096196678e+02
-3.250702498096196678e+02
-3.250702498096196678e+02
-3.250702498096196678e+02
-3.250702498096196678e+02
-3.250702498096196678e+02
-3.250702498096196678e+02
-3.250702498096196678e+02
-3.250702498096196678e+02
-3.250702498096196678e+02
-3.250702498096196678e+02
-2.928589040570045654e+02
-2.928589040570045654e+02
-2.928589040570045654e+02
-2.928589040570045654e+02
-2.928589040570045654e+02
-2.928589040570045654e+02
-2.928589040570045654e+02
-2.928589040570045654e+02
-2.928589040570045654e+02
-2.928589040570045654e+02
-2.928589040570045654e+02
-2.928589040570045654e+02
-2.928589040570045654e+02
-2.928589040570045654e+02
-2.928589040570045654e+02
-2.928589040570045654e+02
-2.928589040570045654e+02
-2.928589040570045654e+02
-2.928589040570045654e+02
-2.928589040570045654e+02
-2.928589040570045654e+02
-2.928589040570045654e+02
-2.928589040570045654e+02
-2.928589040570045654e+02
-2.928589040570045654e+02
-7.012988402422115541e+01
-7.012988402422115541e+01
-7.012988402422115541e+01
-7.012988402422115541e+01
-7.012988402422115541e+01
-7.012988402422115541e+01
-7.012988402422115541e+01
-7.012988402422115541e+01
-7.012988402422115541e+01
-7.012988402422115541e+01
-7.012988402422115541e+01
-7.012988402422115541e+01
-7.012988402422115541e+01
-7.012988402422115541e+01
-7.012988402422115541e+01
-7.012988402422115541e+01
-7.012988402422115541e+01
-7.012988402422115541e+01
-7.012988402422115541e+01
-7.012988402422115541e+01
-7.012988402422115541e+01
-7.012988402422115541e+01
-7.012988402422115541e+01
-7.012988402422115541e+01
-7.012988402422115541e+01
-3.789034956001387400e+01
-3.789034956001387400e+01
-3.789034956001387400e+01
-3.789034956001387400e+01
-3.789034956001387400e+01
-3.789034956001387400e+01
-3.789034956001387400e+01
-3.789034956001387400e+01
-3.789034956001387400e+01
-3.789034956001387400e+01
-3.789034956001387400e+01
-3.789034956001387400e+01
-3.789034956001387400e+01
-3.789034956001387400e+01
-3.789034956001387400e+01
-3.789034956001387400e+01
-3.789034956001387400e+01
-3.789034956001387400e+01
-3.789034956001387400e+01
-3.789034956001387400e+01
-3.789034956001387400e+01
-3.789034956001387400e+01
-3.789034956001387400e+01
-3.789034956001387400e+01
-3.789034956001387400e+01
1.712017556109501584e+02
1.712017556109501584e+02
1.712017556109501584e+02
1.712017556109501584e+02
1.712017556109501584e+02
1.712017556109501584e+02
1.712017556109501584e+02
1.712017556109501584e+02
1.712017556109501584e+02
1.712017556109501584e+02
1.712017556109501584e+02
1.712017556109501584e+02
1.712017556109501584e+02
1.712017556109501584e+02
1.712017556109501584e+02
1.712017556109501584e+02
1.712017556109501584e+02
1.712017556109501584e+02
1.712017556109501584e+02
1.712017556109501584e+02
1.712017556109501584e+02
1.712017556109501584e+02
1.712017556109501584e+02
1.712017556109501584e+02
1.712017556109501584e+02
2.152827978961595363e+02
2.152827978961595363e+02
2.152827978961595363e+02
2.152827978961595363e+02
2.152827978961595363e+02
2.152827978961595363e+02
2.152827978961595363e+02
2.152827978961595363e+02
2.152827978961595363e+02
2.152827978961595363e+02
2.152827978961595363e+02
2.152827978961595363e+02
2.152827978961595363e+02
2.152827978961595363e+02
2.152827978961595363e+02
2.152827978961595363e+02
2.152827978961595363e+02
2.152827978961595363e+02
2.152827978961595363e+02
2.152827978961595363e+02
2.152827978961595363e+02
2.152827978961595363e+02
2.152827978961595363e+02
2.152827978961595363e+02
2.152827978961595363e+02
4.275601229543850650e+02
4.275601229543850650e+02
4.275601229543850650e+02
4.275601229543850650e+02
4.275601229543850650e+02
4.275601229543850650e+02
4.275601229543850650e+02
4.275601229543850650e+02
4.275601229543850650e+02
4.275601229543850650e+02
4.275601229543850650e+02
4.275601229543850650e+02
4.275601229543850650e+02
4.275601229543850650e+02
4.275601229543850650e+02
4.275601229543850650e+02
4.275601229543850650e+02
4.275601229543850650e+02
4.275601229543850650e+02
4.275601229543850650e+02
4.275601229543850650e+02
4.275601229543850650e+02
4.275601229543850650e+02
4.275601229543850650e+02
4.275601229543850650e+02
4.683799491894990297e+02
4.683799491894990297e+02
4.683799491894990297e+02
4.683799491894990297e+02
4.683799491894990297e+02
4.683799491894990297e+02
4.683799491894990297e+02
4.683799491894990297e+02
4.683799491894990297e+02
4.683799491894990297e+02
4.683799491894990297e+02
4.683799491894990297e+02
4.683799491894990297e+02
4.683799491894990297e+02
4.683799491894990297e+02
4.683799491894990297e+02
4.683799491894990297e+02
4.683799491894990297e+02
4.683799491894990297e+02
4.683799491894990297e+02
4.683799491894990297e+02
4.683799491894990297e+02
4.683799491894990297e+02
4.683799491894990297e+02
4.683799491894990297e+02
6.768968670189094610e+02
6.768968670189094610e+02
6.768968670189094610e+02
6.768968670189094610e+02
6.768968670189094610e+02
6.768968670189094610e+02
6.768968670189094610e+02
6.768968670189094610e+02
6.768968670189094610e+02
6.768968670189094610e+02
6.768968670189094610e+02
6.768968670189094610e+02
6.768968670189094610e+02
6.768968670189094610e+02
6.768968670189094610e+02
6.768968670189094610e+02
6.768968670189094610e+02
6.768968670189094610e+02
6.768968670189094610e+02
6.768968670189094610e+02
6.768968670189094610e+02
6.768968670189094610e+02
6.768968670189094610e+02
6.768968670189094610e+02
6.768968670189094610e+02
7.184040487503375516e+02
7.184040487503375516e+02
7.184040487503375516e+02
7.184040487503375516e+02
7.184040487503375516e+02
7.184040487503375516e+02
7.184040487503375516e+02
7.184040487503375516e+02
7.184040487503375516e+02
7.184040487503375516e+02
7.184040487503375516e+02
7.184040487503375516e+02
7.184040487503375516e+02
7.184040487503375516e+02
7.184040487503375516e+02
7.184040487503375516e+02
7.184040487503375516e+02
7.184040487503375516e+02
7.184040487503375516e+02
7.184040487503375516e+02
7.184040487503375516e+02
7.184040487503375516e+02
7.184040487503375516e+02
7.184040487503375516e+02
7.184040487503375516e+02
9.221988216628333248e+02
9.221988216628333248e+02
9.221988216628333248e+02
9.221988216628333248e+02
9.221988216628333248e+02
9.221988216628333248e+02
9.221988216628333248e+02
9.221988216628333248e+02
9.221988216628333248e+02
9.221988216628333248e+02
9.221988216628333248e+02
9.221988216628333248e+02
9.221988216628333248e+02
9.221988216628333248e+02
9.221988216628333248e+02
9.221988216628333248e+02
9.221988216628333248e+02
9.221988216628333248e+02
9.221988216628333248e+02
9.221988216628333248e+02
9.221988216628333248e+02
9.221988216628333248e+02
9.221988216628333248e+02
9.221988216628333248e+02
9.221988216628333248e+02
9.695704825477619124e+02
9.695704825477619124e+02
9.695704825477619124e+02
9.695704825477619124e+02
9.695704825477619124e+02
9.695704825477619124e+02
9.695704825477619124e+02
9.695704825477619124e+02
9.695704825477619124e+02
9.695704825477619124e+02
9.695704825477619124e+02
9.695704825477619124e+02
9.695704825477619124e+02
9.695704825477619124e+02
9.695704825477619124e+02
9.695704825477619124e+02
9.695704825477619124e+02
9.695704825477619124e+02
9.695704825477619124e+02
9.695704825477619124e+02
9.695704825477619124e+02
9.695704825477619124e+02
9.695704825477619124e+02
9.695704825477619124e+02
9.695704825477619124e+02
1.164971160275486227e+03
1.164971160275486227e+03
1.164971160275486227e+03
1.164971160275486227e+03
1.164971160275486227e+03
1.164971160275486227e+03
1.164971160275486227e+03
1.164971160275486227e+03
1.164971160275486227e+03
1.164971160275486227e+03
1.164971160275486227e+03
1.164971160275486227e+03
1.164971160275486227e+03
1.164971160275486227e+03
1.164971160275486227e+03
1.164971160275486227e+03
1.164971160275486227e+03
1.164971160275486227e+03
1.164971160275486227e+03
1.164971160275486227e+03
1.164971160275486227e+03
1.164971160275486227e+03
1.164971160275486227e+03
1.164971160275486227e+03
1.164971160275486227e+03
1.217814665105755466e+03
1.217814665105755466e+03
1.217814665105755466e+03
1.217814665105755466e+03
1.217814665105755466e+03
1.217814665105755466e+03
1.217814665105755466e+03
1.217814665105755466e+03
1.217814665105755466e+03
1.217814665105755466e+03
1.217814665105755466e+03
1.217814665105755466e+03
1.217814665105755466e+03
1.217814665105755466e+03
1.217814665105755466e+03
1.217814665105755466e+03
1.217814665105755466e+03
1.217814665105755466e+03
1.217814665105755466e+03
1.217814665105755466e+03
1.217814665105755466e+03
1.217814665105755466e+03
1.217814665105755466e+03
1.217814665105755466e+03
1.217814665105755466e+03
1.413382313673206909e+03
1.413382313673206909e+03
1.413382313673206909e+03
1.413382313673206909e+03
1.413382313673206909e+03
1.413382313673206909e+03
1.413382313673206909e+03
1.413382313673206909e+03
1.413382313673206909e+03
1.413382313673206909e+03
1.413382313673206909e+03
1.413382313673206909e+03
1.413382313673206909e+03
1.413382313673206909e+03
1.413382313673206909e+03
1.413382313673206909e+03
1.413382313673206909e+03
1.413382313673206909e+03
1.413382313673206909e+03
1.413382313673206909e+03
1.413382313673206909e+03
1.413382313673206909e+03
1.413382313673206909e+03
1.413382313673206909e+03
1.413382313673206909e+03
1.469233139908077419e+03
1.469233139908077419e+03
1.469233139908077419e+03
1.469233139908077419e+03
1.469233139908077419e+03
1.469233139908077419e+03
1.469233139908077419e+03
1.469233139908077419e+03
1.469233139908077419e+03
1.469233139908077419e+03
1.469233139908077419e+03
1.469233139908077419e+03
1.469233139908077419e+03
1.469233139908077419e+03
1.469233139908077419e+03
1.469233139908077419e+03
1.469233139908077419e+03
1.469233139908077419e+03
1.469233139908077419e+03
1.469233139908077419e+03
1.469233139908077419e+03
1.469233139908077419e+03
1.469233139908077419e+03
1.469233139908077419e+03
1.469233139908077419e+03
1.663148798379392019e+03
1.663148798379392019e+03
1.663148798379392019e+03
1.663148798379392019e+03
1.663148798379392019e+03
1.663148798379392019e+03
1.663148798379392019e+03
1.663148798379392019e+03
1.663148798379392019e+03
1.663148798379392019e+03
1.663148798379392019e+03
1.663148798379392019e+03
1.663148798379392019e+03
1.663148798379392019e+03
1.663148798379392019e+03
1.663148798379392019e+03
1.663148798379392019e+03
1.663148798379392019e+03
1.663148798379392019e+03
1.663148798379392019e+03
1.663148798379392019e+03
1.663148798379392019e+03
1.663148798379392019e+03
1.663148798379392019e+03
1.663148798379392019e+03
1.718030959270695803e+03
1.718030959270695803e+03
1.718030959270695803e+03
1.718030959270695803e+03
1.718030959270695803e+03
1.718030959270695803e+03
1.718030959270695803e+03
1.718030959270695803e+03
1.718030959270695803e+03
1.718030959270695803e+03
1.718030959270695803e+03
1.718030959270695803e+03
1.718030959270695803e+03
1.718030959270695803e+03
1.718030959270695803e+03
1.718030959270695803e+03
1.718030959270695803e+03
1.718030959270695803e+03
1.718030959270695803e+03
1.718030959270695803e+03
1.718030959270695803e+03
1.718030959270695803e+03
1.718030959270695803e+03
1.718030959270695803e+03
1.718030959270695803e+03
1.908563155112985442e+03
1.908563155112985442e+03
1.908563155112985442e+03
1.908563155112985442e+03
1.908563155112985442e+03
1.908563155112985442e+03
1.908563155112985442e+03
1.908563155112985442e+03
1.908563155112985442e+03
1.908563155112985442e+03
1.908563155112985442e+03
1.908563155112985442e+03
1.908563155112985442e+03
1.908563155112985442e+03
1.908563155112985442e+03
1.908563155112985442e+03
1.908563155112985442e+03
1.908563155112985442e+03
1.908563155112985442e+03
1.908563155112985442e+03
1.908563155112985442e+03
1.908563155112985442e+03
1.908563155112985442e+03
1.908563155112985442e+03
1.908563155112985442e+03
1.968454442260607948e+03
1.968454442260607948e+03
1.968454442260607948e+03
1.968454442260607948e+03
1.968454442260607948e+03
1.968454442260607948e+03
1.968454442260607948e+03
1.968454442260607948e+03
1.968454442260607948e+03
1.968454442260607948e+03
1.968454442260607948e+03
1.968454442260607948e+03
1.968454442260607948e+03
1.968454442260607948e+03
1.968454442260607948e+03
1.968454442260607948e+03
1.968454442260607948e+03
1.968454442260607948e+03
1.968454442260607948e+03
1.968454442260607948e+03
1.968454442260607948e+03
1.968454442260607948e+03
1.968454442260607948e+03
1.968454442260607948e+03
1.968454442260607948e+03
2.151212780958114308e+03
2.151212780958114308e+03
2.151212780958114308e+03
2.151212780958114308e+03
2.151212780958114308e+03
2.151212780958114308e+03
2.151212780958114308e+03
2.151212780958114308e+03
2.151212780958114308e+03
2.151212780958114308e+03
2.151212780958114308e+03
2.151212780958114308e+03
2.151212780958114308e+03
2.151212780958114308e+03
2.151212780958114308e+03
2.151212780958114308e+03
2.151212780958114308e+03
2.151212780958114308e+03
2.151212780958114308e+03
2.151212780958114308e+03
2.151212780958114308e+03
2.151212780958114308e+03
2.151212780958114308e+03
2.151212780958114308e+03
2.151212780958114308e+03
2.214688660876533049e+03
2.214688660876533049e+03
2.214688660876533049e+03
2.214688660876533049e+03
2.214688660876533049e+03
2.214688660876533049e+03
2.214688660876533049e+03
2.214688660876533049e+03
2.214688660876533049e+03
2.214688660876533049e+03
2.214688660876533049e+03
2.214688660876533049e+03
2.214688660876533049e+03
2.214688660876533049e+03
2.214688660876533049e+03
2.214688660876533049e+03
2.214688660876533049e+03
2.214688660876533049e+03
2.214688660876533049e+03
2.214688660876533049e+03
2.214688660876533049e+03
2.214688660876533049e+03
2.214688660876533049e+03
2.214688660876533049e+03
2.214688660876533049e+03
2.393375650710513582e+03
2.393375650710513582e+03
2.393375650710513582e+03
2.393375650710513582e+03
2.393375650710513582e+03
2.393375650710513582e+03
2.393375650710513582e+03
2.393375650710513582e+03
2.393375650710513582e+03
2.393375650710513582e+03
2.393375650710513582e+03
2.393375650710513582e+03
2.393375650710513582e+03
2.393375650710513582e+03
2.393375650710513582e+03
2.393375650710513582e+03
2.393375650710513582e+03
2.393375650710513582e+03
2.393375650710513582e+03
2.393375650710513582e+03
2.393375650710513582e+03
2.393375650710513582e+03
2.393375650710513582e+03
2.393375650710513582e+03
2.393375650710513582e+03
2.461323835011102801e+03
2.461323835011102801e+03
2.461323835011102801e+03
2.461323835011102801e+03
2.461323835011102801e+03
2.461323835011102801e+03
2.461323835011102801e+03
2.461323835011102801e+03
2.461323835011102801e+03
2.461323835011102801e+03
2.461323835011102801e+03
2.461323835011102801e+03
2.461323835011102801e+03
2.461323835011102801e+03
2.461323835011102801e+03
2.461323835011102801e+03
2.461323835011102801e+03
2.461323835011102801e+03
2.461323835011102801e+03
2.461323835011102801e+03
2.461323835011102801e+03
2.461323835011102801e+03
2.461323835011102801e+03
2.461323835011102801e+03
2.461323835011102801e+03
2.647394587963236518e+03
2.647394587963236518e+03
2.647394587963236518e+03
2.647394587963236518e+03
2.647394587963236518e+03
2.647394587963236518e+03
2.647394587963236518e+03
2.647394587963236518e+03
2.647394587963236518e+03
2.647394587963236518e+03
2.647394587963236518e+03
2.647394587963236518e+03
2.647394587963236518e+03
2.647394587963236518e+03
2.647394587963236518e+03
2.647394587963236518e+03
2.647394587963236518e+03
2.647394587963236518e+03
2.647394587963236518e+03
2.647394587963236518e+03
2.647394587963236518e+03
2.647394587963236518e+03
2.647394587963236518e+03
2.647394587963236518e+03
2.647394587963236518e+03
2.705068221490476844e+03
2.705068221490476844e+03
2.705068221490476844e+03
2.705068221490476844e+03
2.705068221490476844e+03
2.705068221490476844e+03
2.705068221490476844e+03
2.705068221490476844e+03
2.705068221490476844e+03
2.705068221490476844e+03
2.705068221490476844e+03
2.705068221490476844e+03
2.705068221490476844e+03
2.705068221490476844e+03
2.705068221490476844e+03
2.705068221490476844e+03
2.705068221490476844e+03
2.705068221490476844e+03
2.705068221490476844e+03
2.705068221490476844e+03
2.705068221490476844e+03
2.705068221490476844e+03
2.705068221490476844e+03
2.705068221490476844e+03
2.705068221490476844e+03
2.881967493821788594e+03
2.881967493821788594e+03
2.881967493821788594e+03
2.881967493821788594e+03
2.881967493821788594e+03
2.881967493821788594e+03
2.881967493821788594e+03
2.881967493821788594e+03
2.881967493821788594e+03
2.881967493821788594e+03
2.881967493821788594e+03
2.881967493821788594e+03
2.881967493821788594e+03
2.881967493821788594e+03
2.881967493821788594e+03
2.881967493821788594e+03
2.881967493821788594e+03
2.881967493821788594e+03
2.881967493821788594e+03
2.881967493821788594e+03
2.881967493821788594e+03
2.881967493821788594e+03
2.881967493821788594e+03
2.881967493821788594e+03
2.881967493821788594e+03
2.955873028969425832e+03
2.955873028969425832e+03
2.955873028969425832e+03
2.955873028969425832e+03
2.955873028969425832e+03
2.955873028969425832e+03
2.955873028969425832e+03
2.955873028969425832e+03
2.955873028969425832e+03
2.955873028969425832e+03
2.955873028969425832e+03
2.955873028969425832e+03
2.955873028969425832e+03
2.955873028969425832e+03
2.955873028969425832e+03
2.955873028969425832e+03
2.955873028969425832e+03
2.955873028969425832e+03
2.955873028969425832e+03
2.955873028969425832e+03
2.955873028969425832e+03
2.955873028969425832e+03
2.955873028969425832e+03
2.955873028969425832e+03
2.955873028969425832e+03
3.133688181222198182e+03
3.133688181222198182e+03
3.133688181222198182e+03
3.133688181222198182e+03
3.133688181222198182e+03
3.133688181222198182e+03
3.133688181222198182e+03
3.133688181222198182e+03
3.133688181222198182e+03
3.133688181222198182e+03
3.133688181222198182e+03
3.133688181222198182e+03
3.133688181222198182e+03
3.133688181222198182e+03
3.133688181222198182e+03
3.133688181222198182e+03
3.133688181222198182e+03
3.133688181222198182e+03
3.133688181222198182e+03
3.133688181222198182e+03
3.133688181222198182e+03
3.133688181222198182e+03
3.133688181222198182e+03
3.133688181222198182e+03
3.133688181222198182e+03
3.198068995061210444e+03
3.198068995061210444e+03
3.198068995061210444e+03
3.198068995061210444e+03
3.198068995061210444e+03
3.198068995061210444e+03
3.198068995061210444e+03
3.198068995061210444e+03
3.198068995061210444e+03
3.198068995061210444e+03
3.198068995061210444e+03
3.198068995061210444e+03
3.198068995061210444e+03
3.198068995061210444e+03
3.198068995061210444e+03
3.198068995061210444e+03
3.198068995061210444e+03
3.198068995061210444e+03
3.198068995061210444e+03
3.198068995061210444e+03
3.198068995061210444e+03
3.198068995061210444e+03
3.198068995061210444e+03
3.198068995061210444e+03
3.198068995061210444e+03
3.358657462823579408e+03
3.358657462823579408e+03
3.358657462823579408e+03
3.358657462823579408e+03
3.358657462823579408e+03
3.358657462823579408e+03
3.358657462823579408e+03
3.358657462823579408e+03
3.358657462823579408e+03
3.358657462823579408e+03
3.358657462823579408e+03
3.358657462823579408e+03
3.358657462823579408e+03
3.358657462823579408e+03
3.358657462823579408e+03
3.358657462823579408e+03
3.358657462823579408e+03
3.358657462823579408e+03
3.358657462823579408e+03
3.358657462823579408e+03
3.358657462823579408e+03
3.358657462823579408e+03
3.358657462823579408e+03
3.358657462823579408e+03
3.358657462823579408e+03
3.438028091145755752e+03
3.438028091145755752e+03
3.438028091145755752e+03
3.438028091145755752e+03
3.438028091145755752e+03
3.438028091145755752e+03
3.438028091145755752e+03
3.438028091145755752e+03
3.438028091145755752e+03
3.438028091145755752e+03
3.438028091145755752e+03
3.438028091145755752e+03
3.438028091145755752e+03
3.438028091145755752e+03
3.438028091145755752e+03
3.438028091145755752e+03
3.438028091145755752e+03
3.438028091145755752e+03
3.438028091145755752e+03
3.438028091145755752e+03
3.438028091145755752e+03
3.438028091145755752e+03
3.438028091145755752e+03
3.438028091145755752e+03
3.438028091145755752e+03
3.607516835258821629e+03
3.607516835258821629e+03
3.607516835258821629e+03
3.607516835258821629e+03
3.607516835258821629e+03
3.607516835258821629e+03
3.607516835258821629e+03
3.607516835258821629e+03
3.607516835258821629e+03
3.607516835258821629e+03
3.607516835258821629e+03
3.607516835258821629e+03
3.607516835258821629e+03
3.607516835258821629e+03
3.607516835258821629e+03
3.607516835258821629e+03
3.607516835258821629e+03
3.607516835258821629e+03
3.607516835258821629e+03
3.607516835258821629e+03
3.607516835258821629e+03
3.607516835258821629e+03
3.607516835258821629e+03
3.607516835258821629e+03
3.607516835258821629e+03
3.683472816004800279e+03
3.683472816004800279e+03
3.683472816004800279e+03
3.683472816004800279e+03
3.683472816004800279e+03
3.683472816004800279e+03
3.683472816004800279e+03
3.683472816004800279e+03
3.683472816004800279e+03
3.683472816004800279e+03
3.683472816004800279e+03
3.683472816004800279e+03
3.683472816004800279e+03
3.683472816004800279e+03
3.683472816004800279e+03
3.683472816004800279e+03
3.683472816004800279e+03
3.683472816004800279e+03
3.683472816004800279e+03
3.683472816004800279e+03
3.683472816004800279e+03
3.683472816004800279e+03
3.683472816004800279e+03
3.683472816004800279e+03
3.683472816004800279e+03
3.851258748415303671e+03
3.851258748415303671e+03
3.851258748415303671e+03
3.851258748415303671e+03
3.851258748415303671e+03
3.851258748415303671e+03
3.851258748415303671e+03
3.851258748415303671e+03
3.851258748415303671e+03
3.851258748415303671e+03
3.851258748415303671e+03
3.851258748415303671e+03
3.851258748415303671e+03
3.851258748415303671e+03
3.851258748415303671e+03
3.851258748415303671e+03
3.851258748415303671e+03
3.851258748415303671e+03
3.851258748415303671e+03
3.851258748415303671e+03
3.851258748415303671e+03
3.851258748415303671e+03
3.851258748415303671e+03
3.851258748415303671e+03
3.851258748415303671e+03
3.931173065929227960e+03
3.931173065929227960e+03
3.931173065929227960e+03
3.931173065929227960e+03
3.931173065929227960e+03
3.931173065929227960e+03
3.931173065929227960e+03
3.931173065929227960e+03
3.931173065929227960e+03
3.931173065929227960e+03
3.931173065929227960e+03
3.931173065929227960e+03
3.931173065929227960e+03
3.931173065929227960e+03
3.931173065929227960e+03
3.931173065929227960e+03
3.931173065929227960e+03
3.931173065929227960e+03
3.931173065929227960e+03
3.931173065929227960e+03
3.931173065929227960e+03
3.931173065929227960e+03
3.931173065929227960e+03
3.931173065929227960e+03
3.931173065929227960e+03
4.089037034045014934e+03
4.089037034045014934e+03
4.089037034045014934e+03
4.089037034045014934e+03
4.089037034045014934e+03
4.089037034045014934e+03
4.089037034045014934e+03
4.089037034045014934e+03
4.089037034045014934e+03
4.089037034045014934e+03
4.089037034045014934e+03
4.089037034045014934e+03
4.089037034045014934e+03
4.089037034045014934e+03
4.089037034045014934e+03
4.089037034045014934e+03
4.089037034045014934e+03
4.089037034045014934e+03
4.089037034045014934e+03
4.089037034045014934e+03
4.089037034045014934e+03
4.089037034045014934e+03
4.089037034045014934e+03
4.089037034045014934e+03
4.089037034045014934e+03
4.170839920279598118e+03
4.170839920279598118e+03
4.170839920279598118e+03
4.170839920279598118e+03
4.170839920279598118e+03
4.170839920279598118e+03
4.170839920279598118e+03
4.170839920279598118e+03
4.170839920279598118e+03
4.170839920279598118e+03
4.170839920279598118e+03
4.170839920279598118e+03
4.170839920279598118e+03
4.170839920279598118e+03
4.170839920279598118e+03
4.170839920279598118e+03
4.170839920279598118e+03
4.170839920279598118e+03
4.170839920279598118e+03
4.170839920279598118e+03
4.170839920279598118e+03
4.170839920279598118e+03
4.170839920279598118e+03
4.170839920279598118e+03
4.170839920279598118e+03
4.334242240848294387e+03
4.334242240848294387e+03
4.334242240848294387e+03
4.334242240848294387e+03
4.334242240848294387e+03
4.334242240848294387e+03
4.334242240848294387e+03
4.334242240848294387e+03
4.334242240848294387e+03
4.334242240848294387e+03
4.334242240848294387e+03
4.334242240848294387e+03
4.334242240848294387e+03
4.334242240848294387e+03
4.334242240848294387e+03
4.334242240848294387e+03
4.334242240848294387e+03
4.334242240848294387e+03
4.334242240848294387e+03
4.334242240848294387e+03
4.334242240848294387e+03
4.334242240848294387e+03
4.334242240848294387e+03
4.334242240848294387e+03
4.334242240848294387e+03
4.407945197440547418e+03
4.407945197440547418e+03
4.407945197440547418e+03
4.407945197440547418e+03
4.407945197440547418e+03
4.407945197440547418e+03
4.407945197440547418e+03
4.407945197440547418e+03
4.407945197440547418e+03
4.407945197440547418e+03
4.407945197440547418e+03
4.407945197440547418e+03
4.407945197440547418e+03
4.407945197440547418e+03
4.407945197440547418e+03
4.407945197440547418e+03
4.407945197440547418e+03
4.407945197440547418e+03
4.407945197440547418e+03
4.407945197440547418e+03
4.407945197440547418e+03
4.407945197440547418e+03
4.407945197440547418e+03
4.407945197440547418e+03
4.407945197440547418e+03
4.608882079969915139e+03
4.608882079969915139e+03
4.608882079969915139e+03
4.608882079969915139e+03
4.608882079969915139e+03
4.608882079969915139e+03
4.608882079969915139e+03
4.608882079969915139e+03
4.608882079969915139e+03
4.608882079969915139e+03
4.608882079969915139e+03
4.608882079969915139e+03
4.608882079969915139e+03
4.608882079969915139e+03
4.608882079969915139e+03
4.608882079969915139e+03
4.608882079969915139e+03
4.608882079969915139e+03
4.608882079969915139e+03
4.608882079969915139e+03
4.608882079969915139e+03
4.608882079969915139e+03
4.608882079969915139e+03
4.608882079969915139e+03
4.608882079969915139e+03
4.649436145924389166e+03
4.649436145924389166e+03
4.649436145924389166e+03
4.649436145924389166e+03
4.649436145924389166e+03
4.649436145924389166e+03
4.649436145924389166e+03
4.649436145924389166e+03
4.649436145924389166e+03
4.649436145924389166e+03
4.649436145924389166e+03
4.649436145924389166e+03
4.649436145924389166e+03
4.649436145924389166e+03
4.649436145924389166e+03
4.649436145924389166e+03
4.649436145924389166e+03
4.649436145924389166e+03
4.649436145924389166e+03
4.649436145924389166e+03
4.649436145924389166e+03
4.649436145924389166e+03
4.649436145924389166e+03
4.649436145924389166e+03
4.649436145924389166e+03
4.830012735376004457e+03
4.830012735376004457e+03
4.830012735376004457e+03
4.830012735376004457e+03
4.830012735376004457e+03
4.830012735376004457e+03
4.830012735376004457e+03
4.830012735376004457e+03
4.830012735376004457e+03
4.830012735376004457e+03
4.830012735376004457e+03
4.830012735376004457e+03
4.830012735376004457e+03
4.830012735376004457e+03
4.830012735376004457e+03
4.830012735376004457e+03
4.830012735376004457e+03
4.830012735376004457e+03
4.830012735376004457e+03
4.830012735376004457e+03
4.830012735376004457e+03
4.830012735376004457e+03
4.830012735376004457e+03
4.830012735376004457e+03
4.830012735376004457e+03
4.896738490055122384e+03
4.896738490055122384e+03
4.896738490055122384e+03
4.896738490055122384e+03
4.896738490055122384e+03
4.896738490055122384e+03
4.896738490055122384e+03
4.896738490055122384e+03
4.896738490055122384e+03
4.896738490055122384e+03
4.896738490055122384e+03
4.896738490055122384e+03
4.896738490055122384e+03
4.896738490055122384e+03
4.896738490055122384e+03
4.896738490055122384e+03
4.896738490055122384e+03
4.896738490055122384e+03
4.896738490055122384e+03
4.896738490055122384e+03
4.896738490055122384e+03
4.896738490055122384e+03
4.896738490055122384e+03
4.896738490055122384e+03
4.896738490055122384e+03
5.071742894472648914e+03
5.071742894472648914e+03
5.071742894472648914e+03
5.071742894472648914e+03
5.071742894472648914e+03
5.071742894472648914e+03
5.071742894472648914e+03
5.071742894472648914e+03
5.071742894472648914e+03
5.071742894472648914e+03
5.071742894472648914e+03
5.071742894472648914e+03
5.071742894472648914e+03
5.071742894472648914e+03
5.071742894472648914e+03
5.071742894472648914e+03
5.071742894472648914e+03
5.071742894472648914e+03
5.071742894472648914e+03
5.071742894472648914e+03
5.071742894472648914e+03
5.071742894472648914e+03
5.071742894472648914e+03
5.071742894472648914e+03
5.071742894472648914e+03
5.151785880920356249e+03
5.151785880920356249e+03
5.151785880920356249e+03
5.151785880920356249e+03
5.151785880920356249e+03
5.151785880920356249e+03
5.151785880920356249e+03
5.151785880920356249e+03
5.151785880920356249e+03
5.151785880920356249e+03
5.151785880920356249e+03
5.151785880920356249e+03
5.151785880920356249e+03
5.151785880920356249e+03
5.151785880920356249e+03
5.151785880920356249e+03
5.151785880920356249e+03
5.151785880920356249e+03
5.151785880920356249e+03
5.151785880920356249e+03
5.151785880920356249e+03
5.151785880920356249e+03
5.151785880920356249e+03
5.151785880920356249e+03
5.151785880920356249e+03
5.284914280508530283e+03
5.284914280508530283e+03
5.284914280508530283e+03
5.284914280508530283e+03
5.284914280508530283e+03
5.284914280508530283e+03
5.284914280508530283e+03
5.284914280508530283e+03
5.284914280508530283e+03
5.284914280508530283e+03
5.284914280508530283e+03
5.284914280508530283e+03
5.284914280508530283e+03
5.284914280508530283e+03
5.284914280508530283e+03
5.284914280508530283e+03
5.284914280508530283e+03
5.284914280508530283e+03
5.284914280508530283e+03
5.284914280508530283e+03
5.284914280508530283e+03
5.284914280508530283e+03
5.284914280508530283e+03
5.284914280508530283e+03
5.284914280508530283e+03
5.384089954116238914e+03
5.384089954116238914e+03
5.384089954116238914e+03
5.384089954116238914e+03
5.384089954116238914e+03
5.384089954116238914e+03
5.384089954116238914e+03
5.384089954116238914e+03
5.384089954116238914e+03
5.384089954116238914e+03
5.384089954116238914e+03
5.384089954116238914e+03
5.384089954116238914e+03
5.384089954116238914e+03
5.384089954116238914e+03
5.384089954116238914e+03
5.384089954116238914e+03
5.384089954116238914e+03
5.384089954116238914e+03
5.384089954116238914e+03
5.384089954116238914e+03
5.384089954116238914e+03
5.384089954116238914e+03
5.384089954116238914e+03
5.384089954116238914e+03
5.553287486042292585e+03
5.553287486042292585e+03
5.553287486042292585e+03
5.553287486042292585e+03
5.553287486042292585e+03
5.553287486042292585e+03
5.553287486042292585e+03
5.553287486042292585e+03
5.553287486042292585e+03
5.553287486042292585e+03
5.553287486042292585e+03
5.553287486042292585e+03
5.553287486042292585e+03
5.553287486042292585e+03
5.553287486042292585e+03
5.553287486042292585e+03
5.553287486042292585e+03
5.553287486042292585e+03
5.553287486042292585e+03
5.553287486042292585e+03
5.553287486042292585e+03
5.553287486042292585e+03
5.553287486042292585e+03
5.553287486042292585e+03
5.553287486042292585e+03
5.624430819134416197e+03
5.624430819134416197e+03
5.624430819134416197e+03
5.624430819134416197e+03
5.624430819134416197e+03
5.624430819134416197e+03
5.624430819134416197e+03
5.624430819134416197e+03
5.624430819134416197e+03
5.624430819134416197e+03
5.624430819134416197e+03
5.624430819134416197e+03
5.624430819134416197e+03
5.624430819134416197e+03
5.624430819134416197e+03
5.624430819134416197e+03
5.624430819134416197e+03
5.624430819134416197e+03
5.624430819134416197e+03
5.624430819134416197e+03
5.624430819134416197e+03
5.624430819134416197e+03
5.624430819134416197e+03
5.624430819134416197e+03
5.624430819134416197e+03
5.780516313163523591e+03
5.780516313163523591e+03
5.780516313163523591e+03
5.780516313163523591e+03
5.780516313163523591e+03
5.780516313163523591e+03
5.780516313163523591e+03
5.780516313163523591e+03
5.780516313163523591e+03
5.780516313163523591e+03
5.780516313163523591e+03
5.780516313163523591e+03
5.780516313163523591e+03
5.780516313163523591e+03
5.780516313163523591e+03
5.780516313163523591e+03
5.780516313163523591e+03
5.780516313163523591e+03
5.780516313163523591e+03
5.780516313163523591e+03
5.780516313163523591e+03
5.780516313163523591e+03
5.780516313163523591e+03
5.780516313163523591e+03
5.780516313163523591e+03
5.855760176724408666e+03
5.855760176724408666e+03
5.855760176724408666e+03
5.855760176724408666e+03
5.855760176724408666e+03
5.855760176724408666e+03
5.855760176724408666e+03
5.855760176724408666e+03
5.855760176724408666e+03
5.855760176724408666e+03
5.855760176724408666e+03
5.855760176724408666e+03
5.855760176724408666e+03
5.855760176724408666e+03
5.855760176724408666e+03
5.855760176724408666e+03
5.855760176724408666e+03
5.855760176724408666e+03
5.855760176724408666e+03
5.855760176724408666e+03
5.855760176724408666e+03
5.855760176724408666e+03
5.855760176724408666e+03
5.855760176724408666e+03
5.855760176724408666e+03
6.016718553067642461e+03
6.016718553067642461e+03
6.016718553067642461e+03
6.016718553067642461e+03
6.016718553067642461e+03
6.016718553067642461e+03
6.016718553067642461e+03
6.016718553067642461e+03
6.016718553067642461e+03
6.016718553067642461e+03
6.016718553067642461e+03
6.016718553067642461e+03
6.016718553067642461e+03
6.016718553067642461e+03
6.016718553067642461e+03
6.016718553067642461e+03
6.016718553067642461e+03
6.016718553067642461e+03
6.016718553067642461e+03
6.016718553067642461e+03
6.016718553067642461e+03
6.016718553067642461e+03
6.016718553067642461e+03
6.016718553067642461e+03
6.016718553067642461e+03
6.094123002905545945e+03
6.094123002905545945e+03
6.094123002905545945e+03
6.094123002905545945e+03
6.094123002905545945e+03
6.094123002905545945e+03
6.094123002905545945e+03
6.094123002905545945e+03
6.094123002905545945e+03
6.094123002905545945e+03
6.094123002905545945e+03
6.094123002905545945e+03
6.094123002905545945e+03
6.094123002905545945e+03
6.094123002905545945e+03
6.094123002905545945e+03
6.094123002905545945e+03
6.094123002905545945e+03
6.094123002905545945e+03
6.094123002905545945e+03
6.094123002905545945e+03
6.094123002905545945e+03
6.094123002905545945e+03
6.094123002905545945e+03
6.094123002905545945e+03
6.281155620151941548e+03
6.281155620151941548e+03
6.281155620151941548e+03
6.281155620151941548e+03
6.281155620151941548e+03
6.281155620151941548e+03
6.281155620151941548e+03
6.281155620151941548e+03
6.281155620151941548e+03
6.281155620151941548e+03
6.281155620151941548e+03
6.281155620151941548e+03
6.281155620151941548e+03
6.281155620151941548e+03
6.281155620151941548e+03
6.281155620151941548e+03
6.281155620151941548e+03
6.281155620151941548e+03
6.281155620151941548e+03
6.281155620151941548e+03
6.281155620151941548e+03
6.281155620151941548e+03
6.281155620151941548e+03
6.281155620151941548e+03
6.281155620151941548e+03
6.348837745480316698e+03
6.348837745480316698e+03
6.348837745480316698e+03
6.348837745480316698e+03
6.348837745480316698e+03
6.348837745480316698e+03
6.348837745480316698e+03
6.348837745480316698e+03
6.348837745480316698e+03
6.348837745480316698e+03
6.348837745480316698e+03
6.348837745480316698e+03
6.348837745480316698e+03
6.348837745480316698e+03
6.348837745480316698e+03
6.348837745480316698e+03
6.348837745480316698e+03
6.348837745480316698e+03
6.348837745480316698e+03
6.348837745480316698e+03
6.348837745480316698e+03
6.348837745480316698e+03
6.348837745480316698e+03
6.348837745480316698e+03
6.348837745480316698e+03
6.519889481992947367e+03
6.519889481992947367e+03
6.519889481992947367e+03
6.519889481992947367e+03
6.519889481992947367e+03
6.519889481992947367e+03
6.519889481992947367e+03
6.519889481992947367e+03
6.519889481992947367e+03
6.519889481992947367e+03
6.519889481992947367e+03
6.519889481992947367e+03
6.519889481992947367e+03
6.519889481992947367e+03
6.519889481992947367e+03
6.519889481992947367e+03
6.519889481992947367e+03
6.519889481992947367e+03
6.519889481992947367e+03
6.519889481992947367e+03
6.519889481992947367e+03
6.519889481992947367e+03
6.519889481992947367e+03
6.519889481992947367e+03
6.519889481992947367e+03
6.606254807953782802e+03
6.606254807953782802e+03
6.606254807953782802e+03
6.606254807953782802e+03
6.606254807953782802e+03
6.606254807953782802e+03
6.606254807953782802e+03
6.606254807953782802e+03
6.606254807953782802e+03
6.606254807953782802e+03
6.606254807953782802e+03
6.606254807953782802e+03
6.606254807953782802e+03
6.606254807953782802e+03
6.606254807953782802e+03
6.606254807953782802e+03
6.606254807953782802e+03
6.606254807953782802e+03
6.606254807953782802e+03
6.606254807953782802e+03
6.606254807953782802e+03
6.606254807953782802e+03
6.606254807953782802e+03
6.606254807953782802e+03
6.606254807953782802e+03
6.714457085475271015e+03
6.714457085475271015e+03
6.714457085475271015e+03
6.714457085475271015e+03
6.714457085475271015e+03
6.714457085475271015e+03
6.714457085475271015e+03
6.714457085475271015e+03
6.714457085475271015e+03
6.714457085475271015e+03
6.714457085475271015e+03
6.714457085475271015e+03
6.714457085475271015e+03
6.714457085475271015e+03
6.714457085475271015e+03
6.714457085475271015e+03
6.714457085475271015e+03
6.714457085475271015e+03
6.714457085475271015e+03
6.714457085475271015e+03
6.714457085475271015e+03
6.714457085475271015e+03
6.714457085475271015e+03
6.714457085475271015e+03
6.714457085475271015e+03
6.833769258021166024e+03
6.833769258021166024e+03
6.833769258021166024e+03
6.833769258021166024e+03
6.833769258021166024e+03
6.833769258021166024e+03
6.833769258021166024e+03
6.833769258021166024e+03
6.833769258021166024e+03
6.833769258021166024e+03
6.833769258021166024e+03
6.833769258021166024e+03
6.833769258021166024e+03
6.833769258021166024e+03
6.833769258021166024e+03
6.833769258021166024e+03
6.833769258021166024e+03
6.833769258021166024e+03
6.833769258021166024e+03
6.833769258021166024e+03
6.833769258021166024e+03
6.833769258021166024e+03
6.833769258021166024e+03
6.833769258021166024e+03
6.833769258021166024e+03
6.984208699502494710e+03
6.984208699502494710e+03
6.984208699502494710e+03
6.984208699502494710e+03
6.984208699502494710e+03
6.984208699502494710e+03
6.984208699502494710e+03
6.984208699502494710e+03
6.984208699502494710e+03
6.984208699502494710e+03
6.984208699502494710e+03
6.984208699502494710e+03
6.984208699502494710e+03
6.984208699502494710e+03
6.984208699502494710e+03
6.984208699502494710e+03
6.984208699502494710e+03
6.984208699502494710e+03
6.984208699502494710e+03
6.984208699502494710e+03
6.984208699502494710e+03
6.984208699502494710e+03
6.984208699502494710e+03
6.984208699502494710e+03
6.984208699502494710e+03
7.064400426067535591e+03
7.064400426067535591e+03
7.064400426067535591e+03
7.064400426067535591e+03
7.064400426067535591e+03
7.064400426067535591e+03
7.064400426067535591e+03
7.064400426067535591e+03
7.064400426067535591e+03
7.064400426067535591e+03
7.064400426067535591e+03
7.064400426067535591e+03
7.064400426067535591e+03
7.064400426067535591e+03
7.064400426067535591e+03
7.064400426067535591e+03
7.064400426067535591e+03
7.064400426067535591e+03
7.064400426067535591e+03
7.064400426067535591e+03
7.064400426067535591e+03
7.064400426067535591e+03
7.064400426067535591e+03
7.064400426067535591e+03
7.064400426067535591e+03
7.221738601787243169e+03
7.221738601787243169e+03
7.221738601787243169e+03
7.221738601787243169e+03
7.221738601787243169e+03
7.221738601787243169e+03
7.221738601787243169e+03
7.221738601787243169e+03
7.221738601787243169e+03
7.221738601787243169e+03
7.221738601787243169e+03
7.221738601787243169e+03
7.221738601787243169e+03
7.221738601787243169e+03
7.221738601787243169e+03
7.221738601787243169e+03
7.221738601787243169e+03
7.221738601787243169e+03
7.221738601787243169e+03
7.221738601787243169e+03
7.221738601787243169e+03
7.221738601787243169e+03
7.221738601787243169e+03
7.221738601787243169e+03
7.221738601787243169e+03
7.282210944344282325e+03
7.282210944344282325e+03
7.282210944344282325e+03
7.282210944344282325e+03
7.282210944344282325e+03
7.282210944344282325e+03
7.282210944344282325e+03
7.282210944344282325e+03
7.282210944344282325e+03
7.282210944344282325e+03
7.282210944344282325e+03
7.282210944344282325e+03
7.282210944344282325e+03
7.282210944344282325e+03
7.282210944344282325e+03
7.282210944344282325e+03
7.282210944344282325e+03
7.282210944344282325e+03
7.282210944344282325e+03
7.282210944344282325e+03
7.282210944344282325e+03
7.282210944344282325e+03
7.282210944344282325e+03
7.282210944344282325e+03
7.282210944344282325e+03
7.524286925605356373e+03
7.524286925605356373e+03
7.524286925605356373e+03
7.524286925605356373e+03
7.524286925605356373e+03
7.524286925605356373e+03
7.524286925605356373e+03
7.524286925605356373e+03
7.524286925605356373e+03
7.524286925605356373e+03
7.524286925605356373e+03
7.524286925605356373e+03
7.524286925605356373e+03
7.524286925605356373e+03
7.524286925605356373e+03
7.524286925605356373e+03
7.524286925605356373e+03
7.524286925605356373e+03
7.524286925605356373e+03
7.524286925605356373e+03
7.524286925605356373e+03
7.524286925605356373e+03
7.524286925605356373e+03
7.524286925605356373e+03
7.524286925605356373e+03
7.571299482210994029e+03
7.571299482210994029e+03
7.571299482210994029e+03
7.571299482210994029e+03
7.571299482210994029e+03
7.571299482210994029e+03
7.571299482210994029e+03
7.571299482210994029e+03
7.571299482210994029e+03
7.571299482210994029e+03
7.571299482210994029e+03
7.571299482210994029e+03
7.571299482210994029e+03
7.571299482210994029e+03
7.571299482210994029e+03
7.571299482210994029e+03
7.571299482210994029e+03
7.571299482210994029e+03
7.571299482210994029e+03
7.571299482210994029e+03
7.571299482210994029e+03
7.571299482210994029e+03
7.571299482210994029e+03
7.571299482210994029e+03
7.571299482210994029e+03
7.740575531442530519e+03
7.740575531442530519e+03
7.740575531442530519e+03
7.740575531442530519e+03
7.740575531442530519e+03
7.740575531442530519e+03
7.740575531442530519e+03
7.740575531442530519e+03
7.740575531442530519e+03
7.740575531442530519e+03
7.740575531442530519e+03
7.740575531442530519e+03
7.740575531442530519e+03
7.740575531442530519e+03
7.740575531442530519e+03
7.740575531442530519e+03
7.740575531442530519e+03
7.740575531442530519e+03
7.740575531442530519e+03
7.740575531442530519e+03
7.740575531442530519e+03
7.740575531442530519e+03
7.740575531442530519e+03
7.740575531442530519e+03
7.740575531442530519e+03
7.805106139172008625e+03
7.805106139172008625e+03
7.805106139172008625e+03
7.805106139172008625e+03
7.805106139172008625e+03
7.805106139172008625e+03
7.805106139172008625e+03
7.805106139172008625e+03
7.805106139172008625e+03
7.805106139172008625e+03
7.805106139172008625e+03
7.805106139172008625e+03
7.805106139172008625e+03
7.805106139172008625e+03
7.805106139172008625e+03
7.805106139172008625e+03
7.805106139172008625e+03
7.805106139172008625e+03
7.805106139172008625e+03
7.805106139172008625e+03
7.805106139172008625e+03
7.805106139172008625e+03
7.805106139172008625e+03
7.805106139172008625e+03
7.805106139172008625e+03
7.964683406164387634e+03
7.964683406164387634e+03
7.964683406164387634e+03
7.964683406164387634e+03
7.964683406164387634e+03
7.964683406164387634e+03
7.964683406164387634e+03
7.964683406164387634e+03
7.964683406164387634e+03
7.964683406164387634e+03
7.964683406164387634e+03
7.964683406164387634e+03
7.964683406164387634e+03
7.964683406164387634e+03
7.964683406164387634e+03
7.964683406164387634e+03
7.964683406164387634e+03
7.964683406164387634e+03
7.964683406164387634e+03
7.964683406164387634e+03
7.964683406164387634e+03
7.964683406164387634e+03
7.964683406164387634e+03
7.964683406164387634e+03
7.964683406164387634e+03
8.031545426208407662e+03
8.031545426208407662e+03
8.031545426208407662e+03
8.031545426208407662e+03
8.031545426208407662e+03
8.031545426208407662e+03
8.031545426208407662e+03
8.031545426208407662e+03
8.031545426208407662e+03
8.031545426208407662e+03
8.031545426208407662e+03
8.031545426208407662e+03
8.031545426208407662e+03
8.031545426208407662e+03
8.031545426208407662e+03
8.031545426208407662e+03
8.031545426208407662e+03
8.031545426208407662e+03
8.031545426208407662e+03
8.031545426208407662e+03
8.031545426208407662e+03
8.031545426208407662e+03
8.031545426208407662e+03
8.031545426208407662e+03
8.031545426208407662e+03
8.183801858552707017e+03
8.183801858552707017e+03
8.183801858552707017e+03
8.183801858552707017e+03
8.183801858552707017e+03
8.183801858552707017e+03
8.183801858552707017e+03
8.183801858552707017e+03
8.183801858552707017e+03
8.183801858552707017e+03
8.183801858552707017e+03
8.183801858552707017e+03
8.183801858552707017e+03
8.183801858552707017e+03
8.183801858552707017e+03
8.183801858552707017e+03
8.183801858552707017e+03
8.183801858552707017e+03
8.183801858552707017e+03
8.183801858552707017e+03
8.183801858552707017e+03
8.183801858552707017e+03
8.183801858552707017e+03
8.183801858552707017e+03
8.183801858552707017e+03
8.304445040731123299e+03
8.304445040731123299e+03
8.304445040731123299e+03
8.304445040731123299e+03
8.304445040731123299e+03
8.304445040731123299e+03
8.304445040731123299e+03
8.304445040731123299e+03
8.304445040731123299e+03
8.304445040731123299e+03
8.304445040731123299e+03
8.304445040731123299e+03
8.304445040731123299e+03
8.304445040731123299e+03
8.304445040731123299e+03
8.304445040731123299e+03
8.304445040731123299e+03
8.304445040731123299e+03
8.304445040731123299e+03
8.304445040731123299e+03
8.304445040731123299e+03
8.304445040731123299e+03
8.304445040731123299e+03
8.304445040731123299e+03
8.304445040731123299e+03
8.446422585694785084e+03
8.446422585694785084e+03
8.446422585694785084e+03
8.446422585694785084e+03
8.446422585694785084e+03
8.446422585694785084e+03
8.446422585694785084e+03
8.446422585694785084e+03
8.446422585694785084e+03
8.446422585694785084e+03
8.446422585694785084e+03
8.446422585694785084e+03
8.446422585694785084e+03
8.446422585694785084e+03
8.446422585694785084e+03
8.446422585694785084e+03
8.446422585694785084e+03
8.446422585694785084e+03
8.446422585694785084e+03
8.446422585694785084e+03
8.446422585694785084e+03
8.446422585694785084e+03
8.446422585694785084e+03
8.446422585694785084e+03
8.446422585694785084e+03
8.499129979027715308e+03
8.499129979027715308e+03
8.499129979027715308e+03
8.499129979027715308e+03
8.499129979027715308e+03
8.499129979027715308e+03
8.499129979027715308e+03
8.499129979027715308e+03
8.499129979027715308e+03
8.499129979027715308e+03
8.499129979027715308e+03
8.499129979027715308e+03
8.499129979027715308e+03
8.499129979027715308e+03
8.499129979027715308e+03
8.499129979027715308e+03
8.499129979027715308e+03
8.499129979027715308e+03
8.499129979027715308e+03
8.499129979027715308e+03
8.499129979027715308e+03
8.499129979027715308e+03
8.499129979027715308e+03
8.499129979027715308e+03
8.499129979027715308e+03
8.678350199610495110e+03
8.678350199610495110e+03
8.678350199610495110e+03
8.678350199610495110e+03
8.678350199610495110e+03
8.678350199610495110e+03
8.678350199610495110e+03
8.678350199610495110e+03
8.678350199610495110e+03
8.678350199610495110e+03
8.678350199610495110e+03
8.678350199610495110e+03
8.678350199610495110e+03
8.678350199610495110e+03
8.678350199610495110e+03
8.678350199610495110e+03
8.678350199610495110e+03
8.678350199610495110e+03
8.678350199610495110e+03
8.678350199610495110e+03
8.678350199610495110e+03
8.678350199610495110e+03
8.678350199610495110e+03
8.678350199610495110e+03
8.678350199610495110e+03
8.781937469553369738e+03
8.781937469553369738e+03
8.781937469553369738e+03
8.781937469553369738e+03
8.781937469553369738e+03
8.781937469553369738e+03
8.781937469553369738e+03
8.781937469553369738e+03
8.781937469553369738e+03
8.781937469553369738e+03
8.781937469553369738e+03
8.781937469553369738e+03
8.781937469553369738e+03
8.781937469553369738e+03
8.781937469553369738e+03
8.781937469553369738e+03
8.781937469553369738e+03
8.781937469553369738e+03
8.781937469553369738e+03
8.781937469553369738e+03
8.781937469553369738e+03
8.781937469553369738e+03
8.781937469553369738e+03
8.781937469553369738e+03
8.781937469553369738e+03
8.842717329421882823e+03
8.842717329421882823e+03
8.842717329421882823e+03
8.842717329421882823e+03
8.842717329421882823e+03
8.842717329421882823e+03
8.842717329421882823e+03
8.842717329421882823e+03
8.842717329421882823e+03
8.842717329421882823e+03
8.842717329421882823e+03
8.842717329421882823e+03
8.842717329421882823e+03
8.842717329421882823e+03
8.842717329421882823e+03
8.842717329421882823e+03
8.842717329421882823e+03
8.842717329421882823e+03
8.842717329421882823e+03
8.842717329421882823e+03
8.842717329421882823e+03
8.842717329421882823e+03
8.842717329421882823e+03
8.842717329421882823e+03
8.842717329421882823e+03
9.003545248115566210e+03
9.003545248115566210e+03
9.003545248115566210e+03
9.003545248115566210e+03
9.003545248115566210e+03
9.003545248115566210e+03
9.003545248115566210e+03
9.003545248115566210e+03
9.003545248115566210e+03
9.003545248115566210e+03
9.003545248115566210e+03
9.003545248115566210e+03
9.003545248115566210e+03
9.003545248115566210e+03
9.003545248115566210e+03
9.003545248115566210e+03
9.003545248115566210e+03
9.003545248115566210e+03
9.003545248115566210e+03
9.003545248115566210e+03
9.003545248115566210e+03
9.003545248115566210e+03
9.003545248115566210e+03
9.003545248115566210e+03
9.003545248115566210e+03
9.156976247743978092e+03
9.156976247743978092e+03
9.156976247743978092e+03
9.156976247743978092e+03
9.156976247743978092e+03
9.156976247743978092e+03
9.156976247743978092e+03
9.156976247743978092e+03
9.156976247743978092e+03
9.156976247743978092e+03
9.156976247743978092e+03
9.156976247743978092e+03
9.156976247743978092e+03
9.156976247743978092e+03
9.156976247743978092e+03
9.156976247743978092e+03
9.156976247743978092e+03
9.156976247743978092e+03
9.156976247743978092e+03
9.156976247743978092e+03
9.156976247743978092e+03
9.156976247743978092e+03
9.156976247743978092e+03
9.156976247743978092e+03
9.156976247743978092e+03
9.228117179170607415e+03
9.228117179170607415e+03
9.228117179170607415e+03
9.228117179170607415e+03
9.228117179170607415e+03
9.228117179170607415e+03
9.228117179170607415e+03
9.228117179170607415e+03
9.228117179170607415e+03
9.228117179170607415e+03
9.228117179170607415e+03
9.228117179170607415e+03
9.228117179170607415e+03
9.228117179170607415e+03
9.228117179170607415e+03
9.228117179170607415e+03
9.228117179170607415e+03
9.228117179170607415e+03
9.228117179170607415e+03
9.228117179170607415e+03
9.228117179170607415e+03
9.228117179170607415e+03
9.228117179170607415e+03
9.228117179170607415e+03
9.228117179170607415e+03
9.366081090511495859e+03
9.366081090511495859e+03
9.366081090511495859e+03
9.366081090511495859e+03
9.366081090511495859e+03
9.366081090511495859e+03
9.366081090511495859e+03
9.366081090511495859e+03
9.366081090511495859e+03
9.366081090511495859e+03
9.366081090511495859e+03
9.366081090511495859e+03
9.366081090511495859e+03
9.366081090511495859e+03
9.366081090511495859e+03
9.366081090511495859e+03
9.366081090511495859e+03
9.366081090511495859e+03
9.366081090511495859e+03
9.366081090511495859e+03
9.366081090511495859e+03
9.366081090511495859e+03
9.366081090511495859e+03
9.366081090511495859e+03
9.366081090511495859e+03
9.500389712447289639e+03
9.500389712447289639e+03
9.500389712447289639e+03
9.500389712447289639e+03
9.500389712447289639e+03
9.500389712447289639e+03
9.500389712447289639e+03
9.500389712447289639e+03
9.500389712447289639e+03
9.500389712447289639e+03
9.500389712447289639e+03
9.500389712447289639e+03
9.500389712447289639e+03
9.500389712447289639e+03
9.500389712447289639e+03
9.500389712447289639e+03
9.500389712447289639e+03
9.500389712447289639e+03
9.500389712447289639e+03
9.500389712447289639e+03
9.500389712447289639e+03
9.500389712447289639e+03
9.500389712447289639e+03
9.500389712447289639e+03
9.500389712447289639e+03
9.611688065937254578e+03
9.611688065937254578e+03
9.611688065937254578e+03
9.611688065937254578e+03
9.611688065937254578e+03
9.611688065937254578e+03
9.611688065937254578e+03
9.611688065937254578e+03
9.611688065937254578e+03
9.611688065937254578e+03
9.611688065937254578e+03
9.611688065937254578e+03
9.611688065937254578e+03
9.611688065937254578e+03
9.611688065937254578e+03
9.611688065937254578e+03
9.611688065937254578e+03
9.611688065937254578e+03
9.611688065937254578e+03
9.611688065937254578e+03
9.611688065937254578e+03
9.611688065937254578e+03
9.611688065937254578e+03
9.611688065937254578e+03
9.611688065937254578e+03
9.732184725918115873e+03
9.732184725918115873e+03
9.732184725918115873e+03
9.732184725918115873e+03
9.732184725918115873e+03
9.732184725918115873e+03
9.732184725918115873e+03
9.732184725918115873e+03
9.732184725918115873e+03
9.732184725918115873e+03
9.732184725918115873e+03
9.732184725918115873e+03
9.732184725918115873e+03
9.732184725918115873e+03
9.732184725918115873e+03
9.732184725918115873e+03
9.732184725918115873e+03
9.732184725918115873e+03
9.732184725918115873e+03
9.732184725918115873e+03
9.732184725918115873e+03
9.732184725918115873e+03
9.732184725918115873e+03
9.732184725918115873e+03
9.732184725918115873e+03
9.892096558141549394e+03
9.892096558141549394e+03
9.892096558141549394e+03
9.892096558141549394e+03
9.892096558141549394e+03
9.892096558141549394e+03
9.892096558141549394e+03
9.892096558141549394e+03
9.892096558141549394e+03
9.892096558141549394e+03
9.892096558141549394e+03
9.892096558141549394e+03
9.892096558141549394e+03
9.892096558141549394e+03
9.892096558141549394e+03
9.892096558141549394e+03
9.892096558141549394e+03
9.892096558141549394e+03
9.892096558141549394e+03
9.892096558141549394e+03
9.892096558141549394e+03
9.892096558141549394e+03
9.892096558141549394e+03
9.892096558141549394e+03
9.892096558141549394e+03
9.984122481987478750e+03
9.984122481987478750e+03
9.984122481987478750e+03
9.984122481987478750e+03
9.984122481987478750e+03
9.984122481987478750e+03
9.984122481987478750e+03
9.984122481987478750e+03
9.984122481987478750e+03
9.984122481987478750e+03
9.984122481987478750e+03
9.984122481987478750e+03
9.984122481987478750e+03
9.984122481987478750e+03
9.984122481987478750e+03
9.984122481987478750e+03
9.984122481987478750e+03
9.984122481987478750e+03
9.984122481987478750e+03
9.984122481987478750e+03
9.984122481987478750e+03
9.984122481987478750e+03
9.984122481987478750e+03
9.984122481987478750e+03
9.984122481987478750e+03
1.007982268972247402e+04
1.007982268972247402e+04
1.007982268972247402e+04
1.007982268972247402e+04
1.007982268972247402e+04
1.007982268972247402e+04
1.007982268972247402e+04
1.007982268972247402e+04
1.007982268972247402e+04
1.007982268972247402e+04
1.007982268972247402e+04
1.007982268972247402e+04
1.007982268972247402e+04
1.007982268972247402e+04
1.007982268972247402e+04
1.007982268972247402e+04
1.007982268972247402e+04
1.007982268972247402e+04
1.007982268972247402e+04
1.007982268972247402e+04
1.007982268972247402e+04
1.007982268972247402e+04
1.007982268972247402e+04
1.007982268972247402e+04
1.007982268972247402e+04
1.022344910539960256e+04
1.022344910539960256e+04
1.022344910539960256e+04
1.022344910539960256e+04
1.022344910539960256e+04
1.022344910539960256e+04
1.022344910539960256e+04
1.022344910539960256e+04
1.022344910539960256e+04
1.022344910539960256e+04
1.022344910539960256e+04
1.022344910539960256e+04
1.022344910539960256e+04
1.022344910539960256e+04
1.022344910539960256e+04
1.022344910539960256e+04
1.022344910539960256e+04
1.022344910539960256e+04
1.022344910539960256e+04
1.022344910539960256e+04
1.022344910539960256e+04
1.022344910539960256e+04
1.022344910539960256e+04
1.022344910539960256e+04
1.022344910539960256e+04
1.025265473059286523e+04
1.025265473059286523e+04
1.025265473059286523e+04
1.025265473059286523e+04
1.025265473059286523e+04
1.025265473059286523e+04
1.025265473059286523e+04
1.025265473059286523e+04
1.025265473059286523e+04
1.025265473059286523e+04
1.025265473059286523e+04
1.025265473059286523e+04
1.025265473059286523e+04
1.025265473059286523e+04
1.025265473059286523e+04
1.025265473059286523e+04
1.025265473059286523e+04
1.025265473059286523e+04
1.025265473059286523e+04
1.025265473059286523e+04
1.025265473059286523e+04
1.025265473059286523e+04
1.025265473059286523e+04
1.025265473059286523e+04
1.025265473059286523e+04
