8.136419179314701978e+03
8.136419179314701978e+03
8.136419179314701978e+03
8.165039255505256733e+03
8.165039255505256733e+03
8.165039255505256733e+03
8.165039255505256733e+03
8.165039255505256733e+03
8.165039255505256733e+03
8.165039255505256733e+03
8.165039255505256733e+03
8.165039255505256733e+03
8.165039255505256733e+03
8.165039255505256733e+03
8.165039255505256733e+03
8.133172483130686487e+03
8.133172483130686487e+03
8.133172483130686487e+03
8.066740536952536786e+03
8.066740536952536786e+03
8.066740536952536786e+03
8.066740536952536786e+03
8.066740536952536786e+03
8.066740536952536786e+03
8.066740536952536786e+03
8.066740536952536786e+03
8.066740536952536786e+03
8.066740536952536786e+03
8.066740536952536786e+03
8.066740536952536786e+03
8.076571623383963015e+03
8.076571623383963015e+03
8.076571623383963015e+03
8.021120697354380354e+03
8.021120697354380354e+03
8.021120697354380354e+03
8.021120697354380354e+03
8.021120697354380354e+03
8.021120697354380354e+03
8.021120697354380354e+03
8.021120697354380354e+03
8.021120697354380354e+03
8.021120697354380354e+03
8.021120697354380354e+03
8.021120697354380354e+03
7.902966932500766234e+03
7.902966932500766234e+03
7.902966932500766234e+03
7.922814443910245245e+03
7.922814443910245245e+03
7.922814443910245245e+03
7.922814443910245245e+03
7.922814443910245245e+03
7.922814443910245245e+03
7.922814443910245245e+03
7.922814443910245245e+03
7.922814443910245245e+03
7.922814443910245245e+03
7.922814443910245245e+03
7.922814443910245245e+03
7.912131760516946088e+03
7.912131760516946088e+03
7.912131760516946088e+03
7.868181243630168865e+03
7.868181243630168865e+03
7.868181243630168865e+03
7.868181243630168865e+03
7.868181243630168865e+03
7.868181243630168865e+03
7.868181243630168865e+03
7.868181243630168865e+03
7.868181243630168865e+03
7.868181243630168865e+03
7.868181243630168865e+03
7.868181243630168865e+03
7.914913146011107528e+03
7.914913146011107528e+03
7.914913146011107528e+03
7.914913146011107528e+03
7.914913146011107528e+03
7.914913146011107528e+03
7.914913146011107528e+03
7.914913146011107528e+03
7.914913146011107528e+03
7.914913146011107528e+03
7.914913146011107528e+03
7.914913146011107528e+03
7.914913146011107528e+03
7.914913146011107528e+03
7.914913146011107528e+03
7.933608017962891608e+03
7.933608017962891608e+03
7.933608017962891608e+03
7.865242069124207774e+03
7.865242069124207774e+03
7.865242069124207774e+03
7.865242069124207774e+03
7.865242069124207774e+03
7.865242069124207774e+03
7.865242069124207774e+03
7.865242069124207774e+03
7.865242069124207774e+03
7.865242069124207774e+03
7.865242069124207774e+03
7.865242069124207774e+03
7.863939466401921891e+03
7.863939466401921891e+03
7.863939466401921891e+03
7.837303237547332174e+03
7.837303237547332174e+03
7.837303237547332174e+03
7.837303237547332174e+03
7.837303237547332174e+03
7.837303237547332174e+03
7.837303237547332174e+03
7.837303237547332174e+03
7.837303237547332174e+03
7.837303237547332174e+03
7.837303237547332174e+03
7.837303237547332174e+03
7.829234466115660325e+03
7.829234466115660325e+03
7.829234466115660325e+03
7.847859908156557140e+03
7.847859908156557140e+03
7.847859908156557140e+03
7.847859908156557140e+03
7.847859908156557140e+03
7.847859908156557140e+03
7.847859908156557140e+03
7.847859908156557140e+03
7.847859908156557140e+03
7.847859908156557140e+03
7.847859908156557140e+03
7.847859908156557140e+03
7.857906393739011037e+03
7.857906393739011037e+03
7.857906393739011037e+03
7.894126400489401931e+03
7.894126400489401931e+03
7.894126400489401931e+03
7.894126400489401931e+03
7.894126400489401931e+03
7.894126400489401931e+03
7.894126400489401931e+03
7.894126400489401931e+03
7.894126400489401931e+03
7.894126400489401931e+03
7.894126400489401931e+03
7.894126400489401931e+03
7.905916873081305312e+03
7.905916873081305312e+03
7.905916873081305312e+03
7.959028083375842471e+03
7.959028083375842471e+03
7.959028083375842471e+03
7.959028083375842471e+03
7.959028083375842471e+03
7.959028083375842471e+03
7.959028083375842471e+03
7.959028083375842471e+03
7.959028083375842471e+03
7.959028083375842471e+03
7.959028083375842471e+03
7.959028083375842471e+03
7.917778602393964320e+03
7.917778602393964320e+03
7.917778602393964320e+03
7.887208311289046833e+03
7.887208311289046833e+03
7.887208311289046833e+03
7.887208311289046833e+03
7.887208311289046833e+03
7.887208311289046833e+03
7.887208311289046833e+03
7.887208311289046833e+03
7.887208311289046833e+03
7.887208311289046833e+03
7.887208311289046833e+03
7.887208311289046833e+03
7.887174905759282410e+03
7.887174905759282410e+03
7.887174905759282410e+03
7.951458735117859760e+03
7.951458735117859760e+03
7.951458735117859760e+03
7.951458735117859760e+03
7.951458735117859760e+03
7.951458735117859760e+03
7.951458735117859760e+03
7.951458735117859760e+03
7.951458735117859760e+03
7.951458735117859760e+03
7.951458735117859760e+03
7.951458735117859760e+03
8.045004215104347168e+03
8.045004215104347168e+03
8.045004215104347168e+03
8.007284607072921972e+03
8.007284607072921972e+03
8.007284607072921972e+03
8.007284607072921972e+03
8.007284607072921972e+03
8.007284607072921972e+03
8.007284607072921972e+03
8.007284607072921972e+03
8.007284607072921972e+03
8.007284607072921972e+03
8.007284607072921972e+03
8.007284607072921972e+03
8.079055135271597464e+03
8.079055135271597464e+03
8.079055135271597464e+03
8.119726870030006467e+03
8.119726870030006467e+03
8.119726870030006467e+03
8.119726870030006467e+03
8.119726870030006467e+03
8.119726870030006467e+03
8.119726870030006467e+03
8.119726870030006467e+03
8.119726870030006467e+03
8.119726870030006467e+03
8.119726870030006467e+03
8.119726870030006467e+03
8.027851475847735855e+03
8.027851475847735855e+03
8.027851475847735855e+03
7.962424152364787915e+03
7.962424152364787915e+03
7.962424152364787915e+03
7.962424152364787915e+03
7.962424152364787915e+03
7.962424152364787915e+03
7.962424152364787915e+03
7.962424152364787915e+03
7.962424152364787915e+03
7.962424152364787915e+03
7.962424152364787915e+03
7.962424152364787915e+03
8.035708156039777350e+03
8.035708156039777350e+03
8.035708156039777350e+03
8.035708156039777350e+03
8.035708156039777350e+03
8.035708156039777350e+03
8.035708156039777350e+03
8.035708156039777350e+03
8.035708156039777350e+03
8.035708156039777350e+03
8.035708156039777350e+03
8.035708156039777350e+03
8.035708156039777350e+03
8.035708156039777350e+03
8.035708156039777350e+03
8.042065465663693431e+03
8.042065465663693431e+03
8.042065465663693431e+03
8.044204228703812078e+03
8.044204228703812078e+03
8.044204228703812078e+03
8.044204228703812078e+03
8.044204228703812078e+03
8.044204228703812078e+03
8.044204228703812078e+03
8.044204228703812078e+03
8.044204228703812078e+03
8.044204228703812078e+03
8.044204228703812078e+03
8.044204228703812078e+03
8.020656899363502816e+03
8.020656899363502816e+03
8.020656899363502816e+03
8.021162665811387342e+03
8.021162665811387342e+03
8.021162665811387342e+03
8.021162665811387342e+03
8.021162665811387342e+03
8.021162665811387342e+03
8.021162665811387342e+03
8.021162665811387342e+03
8.021162665811387342e+03
8.021162665811387342e+03
8.021162665811387342e+03
8.021162665811387342e+03
7.989046204640690121e+03
7.989046204640690121e+03
7.989046204640690121e+03
8.001224146829958954e+03
8.001224146829958954e+03
8.001224146829958954e+03
8.001224146829958954e+03
8.001224146829958954e+03
8.001224146829958954e+03
8.001224146829958954e+03
8.001224146829958954e+03
8.001224146829958954e+03
8.001224146829958954e+03
8.001224146829958954e+03
8.001224146829958954e+03
7.907181873559489759e+03
7.907181873559489759e+03
7.907181873559489759e+03
7.991885247053221065e+03
7.991885247053221065e+03
7.991885247053221065e+03
7.991885247053221065e+03
7.991885247053221065e+03
7.991885247053221065e+03
7.991885247053221065e+03
7.991885247053221065e+03
7.991885247053221065e+03
7.991885247053221065e+03
7.991885247053221065e+03
7.991885247053221065e+03
7.963638449263149596e+03
7.963638449263149596e+03
7.963638449263149596e+03
7.959200861102151976e+03
7.959200861102151976e+03
7.959200861102151976e+03
7.959200861102151976e+03
7.959200861102151976e+03
7.959200861102151976e+03
7.959200861102151976e+03
7.959200861102151976e+03
7.959200861102151976e+03
7.959200861102151976e+03
7.959200861102151976e+03
7.959200861102151976e+03
8.003549853871289088e+03
8.003549853871289088e+03
8.003549853871289088e+03
8.007169529277930451e+03
8.007169529277930451e+03
8.007169529277930451e+03
8.007169529277930451e+03
8.007169529277930451e+03
8.007169529277930451e+03
8.007169529277930451e+03
8.007169529277930451e+03
8.007169529277930451e+03
8.007169529277930451e+03
8.007169529277930451e+03
8.007169529277930451e+03
7.997865867385708043e+03
7.997865867385708043e+03
7.997865867385708043e+03
7.988612819105500421e+03
7.988612819105500421e+03
7.988612819105500421e+03
7.988612819105500421e+03
7.988612819105500421e+03
7.988612819105500421e+03
7.988612819105500421e+03
7.988612819105500421e+03
7.988612819105500421e+03
7.988612819105500421e+03
7.988612819105500421e+03
7.988612819105500421e+03
7.913754794791535460e+03
7.913754794791535460e+03
7.913754794791535460e+03
7.955180911402076163e+03
7.955180911402076163e+03
7.955180911402076163e+03
7.955180911402076163e+03
7.955180911402076163e+03
7.955180911402076163e+03
7.955180911402076163e+03
7.955180911402076163e+03
7.955180911402076163e+03
7.955180911402076163e+03
7.955180911402076163e+03
7.955180911402076163e+03
7.960236446031773085e+03
7.960236446031773085e+03
7.960236446031773085e+03
7.925675954931029082e+03
7.925675954931029082e+03
7.925675954931029082e+03
7.925675954931029082e+03
7.925675954931029082e+03
7.925675954931029082e+03
7.925675954931029082e+03
7.925675954931029082e+03
7.925675954931029082e+03
7.925675954931029082e+03
7.925675954931029082e+03
7.925675954931029082e+03
7.954252328293485334e+03
7.954252328293485334e+03
7.954252328293485334e+03
7.935552256609908000e+03
7.935552256609908000e+03
7.935552256609908000e+03
7.935552256609908000e+03
7.935552256609908000e+03
7.935552256609908000e+03
7.935552256609908000e+03
7.935552256609908000e+03
7.935552256609908000e+03
7.935552256609908000e+03
7.935552256609908000e+03
7.935552256609908000e+03
7.946824275303382819e+03
7.946824275303382819e+03
7.946824275303382819e+03
7.946824275303382819e+03
7.946824275303382819e+03
7.946824275303382819e+03
7.946824275303382819e+03
7.946824275303382819e+03
7.946824275303382819e+03
7.946824275303382819e+03
7.946824275303382819e+03
7.946824275303382819e+03
7.946824275303382819e+03
7.946824275303382819e+03
7.946824275303382819e+03
7.936235187765545561e+03
7.936235187765545561e+03
7.936235187765545561e+03
8.020460764960669621e+03
8.020460764960669621e+03
8.020460764960669621e+03
8.020460764960669621e+03
8.020460764960669621e+03
8.020460764960669621e+03
8.020460764960669621e+03
8.020460764960669621e+03
8.020460764960669621e+03
8.020460764960669621e+03
8.020460764960669621e+03
8.020460764960669621e+03
7.989238366261530246e+03
7.989238366261530246e+03
7.989238366261530246e+03
8.084752145231481336e+03
8.084752145231481336e+03
8.084752145231481336e+03
8.084752145231481336e+03
8.084752145231481336e+03
8.084752145231481336e+03
8.084752145231481336e+03
8.084752145231481336e+03
8.084752145231481336e+03
8.084752145231481336e+03
8.084752145231481336e+03
8.084752145231481336e+03
7.970603283550969536e+03
7.970603283550969536e+03
7.970603283550969536e+03
7.972116265611247400e+03
7.972116265611247400e+03
7.972116265611247400e+03
7.972116265611247400e+03
7.972116265611247400e+03
7.972116265611247400e+03
7.972116265611247400e+03
7.972116265611247400e+03
7.972116265611247400e+03
7.972116265611247400e+03
7.972116265611247400e+03
7.972116265611247400e+03
7.961961113646349986e+03
7.961961113646349986e+03
7.961961113646349986e+03
7.942935999185014225e+03
7.942935999185014225e+03
7.942935999185014225e+03
7.942935999185014225e+03
7.942935999185014225e+03
7.942935999185014225e+03
7.942935999185014225e+03
7.942935999185014225e+03
7.942935999185014225e+03
7.942935999185014225e+03
7.942935999185014225e+03
7.942935999185014225e+03
7.928409348503502770e+03
7.928409348503502770e+03
7.928409348503502770e+03
8.033469798109286785e+03
8.033469798109286785e+03
8.033469798109286785e+03
8.033469798109286785e+03
8.033469798109286785e+03
8.033469798109286785e+03
8.033469798109286785e+03
8.033469798109286785e+03
8.033469798109286785e+03
8.033469798109286785e+03
8.033469798109286785e+03
8.033469798109286785e+03
8.059307687888032888e+03
8.059307687888032888e+03
8.059307687888032888e+03
8.052374820277168510e+03
8.052374820277168510e+03
8.052374820277168510e+03
8.052374820277168510e+03
8.052374820277168510e+03
8.052374820277168510e+03
8.052374820277168510e+03
8.052374820277168510e+03
8.052374820277168510e+03
8.052374820277168510e+03
8.052374820277168510e+03
8.052374820277168510e+03
8.088608181222145504e+03
8.088608181222145504e+03
8.088608181222145504e+03
8.138889256233269407e+03
8.138889256233269407e+03
8.138889256233269407e+03
8.138889256233269407e+03
8.138889256233269407e+03
8.138889256233269407e+03
8.138889256233269407e+03
8.138889256233269407e+03
8.138889256233269407e+03
8.138889256233269407e+03
8.138889256233269407e+03
8.138889256233269407e+03
8.024215926846882212e+03
8.024215926846882212e+03
8.024215926846882212e+03
8.031744460836180224e+03
8.031744460836180224e+03
8.031744460836180224e+03
8.031744460836180224e+03
8.031744460836180224e+03
8.031744460836180224e+03
8.031744460836180224e+03
8.031744460836180224e+03
8.031744460836180224e+03
8.031744460836180224e+03
8.031744460836180224e+03
8.031744460836180224e+03
8.028393721413542153e+03
8.028393721413542153e+03
8.028393721413542153e+03
7.965165396225367658e+03
7.965165396225367658e+03
7.965165396225367658e+03
7.965165396225367658e+03
7.965165396225367658e+03
7.965165396225367658e+03
7.965165396225367658e+03
7.965165396225367658e+03
7.965165396225367658e+03
7.965165396225367658e+03
7.965165396225367658e+03
7.965165396225367658e+03
7.934784176636889242e+03
7.934784176636889242e+03
7.934784176636889242e+03
7.975647534816923326e+03
7.975647534816923326e+03
7.975647534816923326e+03
7.975647534816923326e+03
7.975647534816923326e+03
7.975647534816923326e+03
7.975647534816923326e+03
7.975647534816923326e+03
7.975647534816923326e+03
7.975647534816923326e+03
7.975647534816923326e+03
7.975647534816923326e+03
7.984485594025971295e+03
7.984485594025971295e+03
7.984485594025971295e+03
7.984485594025971295e+03
7.984485594025971295e+03
7.984485594025971295e+03
7.984485594025971295e+03
7.984485594025971295e+03
7.984485594025971295e+03
7.984485594025971295e+03
7.984485594025971295e+03
7.984485594025971295e+03
7.984485594025971295e+03
7.984485594025971295e+03
7.984485594025971295e+03
8.010212307484871417e+03
8.010212307484871417e+03
8.010212307484871417e+03
8.184904484369855709e+03
8.184904484369855709e+03
8.184904484369855709e+03
8.184904484369855709e+03
8.184904484369855709e+03
8.184904484369855709e+03
8.184904484369855709e+03
8.184904484369855709e+03
8.184904484369855709e+03
8.184904484369855709e+03
8.184904484369855709e+03
8.184904484369855709e+03
8.108112720838181303e+03
8.108112720838181303e+03
8.108112720838181303e+03
8.153571406862424737e+03
8.153571406862424737e+03
8.153571406862424737e+03
8.153571406862424737e+03
8.153571406862424737e+03
8.153571406862424737e+03
8.153571406862424737e+03
8.153571406862424737e+03
8.153571406862424737e+03
8.153571406862424737e+03
8.153571406862424737e+03
8.153571406862424737e+03
8.034879031109842799e+03
8.034879031109842799e+03
8.034879031109842799e+03
7.991096672865572145e+03
7.991096672865572145e+03
7.991096672865572145e+03
7.991096672865572145e+03
7.991096672865572145e+03
7.991096672865572145e+03
7.991096672865572145e+03
7.991096672865572145e+03
7.991096672865572145e+03
7.991096672865572145e+03
7.991096672865572145e+03
7.991096672865572145e+03
8.017186237234798682e+03
8.017186237234798682e+03
8.017186237234798682e+03
8.086857752684405568e+03
8.086857752684405568e+03
8.086857752684405568e+03
8.086857752684405568e+03
8.086857752684405568e+03
8.086857752684405568e+03
8.086857752684405568e+03
8.086857752684405568e+03
8.086857752684405568e+03
8.086857752684405568e+03
8.086857752684405568e+03
8.086857752684405568e+03
8.036270250640830454e+03
8.036270250640830454e+03
8.036270250640830454e+03
8.140946675908173347e+03
8.140946675908173347e+03
8.140946675908173347e+03
8.140946675908173347e+03
8.140946675908173347e+03
8.140946675908173347e+03
8.140946675908173347e+03
8.140946675908173347e+03
8.140946675908173347e+03
8.140946675908173347e+03
8.140946675908173347e+03
8.140946675908173347e+03
8.141876563802551573e+03
8.141876563802551573e+03
8.141876563802551573e+03
8.035281185528163405e+03
8.035281185528163405e+03
8.035281185528163405e+03
8.035281185528163405e+03
8.035281185528163405e+03
8.035281185528163405e+03
8.035281185528163405e+03
8.035281185528163405e+03
8.035281185528163405e+03
8.035281185528163405e+03
8.035281185528163405e+03
8.035281185528163405e+03
8.048064351209653978e+03
8.048064351209653978e+03
8.048064351209653978e+03
8.087794564425450517e+03
8.087794564425450517e+03
8.087794564425450517e+03
8.087794564425450517e+03
8.087794564425450517e+03
8.087794564425450517e+03
8.087794564425450517e+03
8.087794564425450517e+03
8.087794564425450517e+03
8.087794564425450517e+03
8.087794564425450517e+03
8.087794564425450517e+03
8.104913281624128103e+03
8.104913281624128103e+03
8.104913281624128103e+03
8.179335191311474773e+03
8.179335191311474773e+03
8.179335191311474773e+03
8.179335191311474773e+03
8.179335191311474773e+03
8.179335191311474773e+03
8.179335191311474773e+03
8.179335191311474773e+03
8.179335191311474773e+03
8.179335191311474773e+03
8.179335191311474773e+03
8.179335191311474773e+03
8.178952660503262450e+03
8.178952660503262450e+03
8.178952660503262450e+03
8.191784893184840257e+03
8.191784893184840257e+03
8.191784893184840257e+03
8.191784893184840257e+03
8.191784893184840257e+03
8.191784893184840257e+03
8.191784893184840257e+03
8.191784893184840257e+03
8.191784893184840257e+03
8.191784893184840257e+03
8.191784893184840257e+03
8.191784893184840257e+03
8.175746839098979763e+03
8.175746839098979763e+03
8.175746839098979763e+03
8.107759249271246517e+03
8.107759249271246517e+03
8.107759249271246517e+03
8.107759249271246517e+03
8.107759249271246517e+03
8.107759249271246517e+03
8.107759249271246517e+03
8.107759249271246517e+03
8.107759249271246517e+03
8.107759249271246517e+03
8.107759249271246517e+03
8.107759249271246517e+03
8.121985268860172255e+03
8.121985268860172255e+03
8.121985268860172255e+03
8.121985268860172255e+03
8.121985268860172255e+03
8.121985268860172255e+03
8.121985268860172255e+03
8.121985268860172255e+03
8.121985268860172255e+03
8.121985268860172255e+03
8.121985268860172255e+03
8.121985268860172255e+03
8.121985268860172255e+03
8.121985268860172255e+03
8.121985268860172255e+03
8.145795257658855007e+03
8.145795257658855007e+03
8.145795257658855007e+03
8.323094031520759017e+03
8.323094031520759017e+03
8.323094031520759017e+03
8.323094031520759017e+03
8.323094031520759017e+03
8.323094031520759017e+03
8.323094031520759017e+03
8.323094031520759017e+03
8.323094031520759017e+03
8.323094031520759017e+03
8.323094031520759017e+03
8.323094031520759017e+03
8.118989603182988503e+03
8.118989603182988503e+03
8.118989603182988503e+03
8.292736228369476521e+03
8.292736228369476521e+03
8.292736228369476521e+03
8.292736228369476521e+03
8.292736228369476521e+03
8.292736228369476521e+03
8.292736228369476521e+03
8.292736228369476521e+03
8.292736228369476521e+03
8.292736228369476521e+03
8.292736228369476521e+03
8.292736228369476521e+03
8.154354929400464243e+03
8.154354929400464243e+03
8.154354929400464243e+03
8.065758326491280968e+03
8.065758326491280968e+03
8.065758326491280968e+03
8.065758326491280968e+03
8.065758326491280968e+03
8.065758326491280968e+03
8.065758326491280968e+03
8.065758326491280968e+03
8.065758326491280968e+03
8.065758326491280968e+03
8.065758326491280968e+03
8.065758326491280968e+03
7.942452341218189758e+03
7.942452341218189758e+03
7.942452341218189758e+03
8.029417867225369264e+03
8.029417867225369264e+03
8.029417867225369264e+03
8.029417867225369264e+03
8.029417867225369264e+03
8.029417867225369264e+03
8.029417867225369264e+03
8.029417867225369264e+03
8.029417867225369264e+03
8.029417867225369264e+03
8.029417867225369264e+03
8.029417867225369264e+03
8.015108170635994611e+03
8.015108170635994611e+03
8.015108170635994611e+03
8.054804456686112644e+03
8.054804456686112644e+03
8.054804456686112644e+03
8.054804456686112644e+03
8.054804456686112644e+03
8.054804456686112644e+03
8.054804456686112644e+03
8.054804456686112644e+03
8.054804456686112644e+03
8.054804456686112644e+03
8.054804456686112644e+03
8.054804456686112644e+03
8.150293541089627979e+03
8.150293541089627979e+03
8.150293541089627979e+03
8.226310079564431362e+03
8.226310079564431362e+03
8.226310079564431362e+03
8.226310079564431362e+03
8.226310079564431362e+03
8.226310079564431362e+03
8.226310079564431362e+03
8.226310079564431362e+03
8.226310079564431362e+03
8.226310079564431362e+03
8.226310079564431362e+03
8.226310079564431362e+03
8.183482200409326651e+03
8.183482200409326651e+03
8.183482200409326651e+03
8.122738981754843735e+03
8.122738981754843735e+03
8.122738981754843735e+03
8.122738981754843735e+03
8.122738981754843735e+03
8.122738981754843735e+03
8.122738981754843735e+03
8.122738981754843735e+03
8.122738981754843735e+03
8.122738981754843735e+03
8.122738981754843735e+03
8.122738981754843735e+03
8.106272136208954180e+03
8.106272136208954180e+03
8.106272136208954180e+03
8.204551140358544217e+03
8.204551140358544217e+03
8.204551140358544217e+03
8.204551140358544217e+03
8.204551140358544217e+03
8.204551140358544217e+03
8.204551140358544217e+03
8.204551140358544217e+03
8.204551140358544217e+03
8.204551140358544217e+03
8.204551140358544217e+03
8.204551140358544217e+03
8.065582108261522990e+03
8.065582108261522990e+03
8.065582108261522990e+03
8.075669911164501173e+03
8.075669911164501173e+03
8.075669911164501173e+03
8.075669911164501173e+03
8.075669911164501173e+03
8.075669911164501173e+03
8.075669911164501173e+03
8.075669911164501173e+03
8.075669911164501173e+03
8.075669911164501173e+03
8.075669911164501173e+03
8.075669911164501173e+03
8.157110973761900823e+03
8.157110973761900823e+03
8.157110973761900823e+03
8.160966812590089830e+03
8.160966812590089830e+03
8.160966812590089830e+03
8.160966812590089830e+03
8.160966812590089830e+03
8.160966812590089830e+03
8.160966812590089830e+03
8.160966812590089830e+03
8.160966812590089830e+03
8.160966812590089830e+03
8.160966812590089830e+03
8.160966812590089830e+03
8.171940485705782521e+03
8.171940485705782521e+03
8.171940485705782521e+03
8.171940485705782521e+03
8.171940485705782521e+03
8.171940485705782521e+03
8.171940485705782521e+03
8.171940485705782521e+03
8.171940485705782521e+03
8.171940485705782521e+03
8.171940485705782521e+03
8.171940485705782521e+03
8.171940485705782521e+03
8.171940485705782521e+03
8.171940485705782521e+03
8.081275897417306624e+03
8.081275897417306624e+03
8.081275897417306624e+03
8.314975966227470053e+03
8.314975966227470053e+03
8.314975966227470053e+03
8.314975966227470053e+03
8.314975966227470053e+03
8.314975966227470053e+03
8.314975966227470053e+03
8.314975966227470053e+03
8.314975966227470053e+03
8.314975966227470053e+03
8.314975966227470053e+03
8.314975966227470053e+03
8.073128565193392205e+03
8.073128565193392205e+03
8.073128565193392205e+03
8.346499485450451175e+03
8.346499485450451175e+03
8.346499485450451175e+03
8.346499485450451175e+03
8.346499485450451175e+03
8.346499485450451175e+03
8.346499485450451175e+03
8.346499485450451175e+03
8.346499485450451175e+03
8.346499485450451175e+03
8.346499485450451175e+03
8.346499485450451175e+03
8.188191179875563648e+03
8.188191179875563648e+03
8.188191179875563648e+03
8.263554379229464757e+03
8.263554379229464757e+03
8.263554379229464757e+03
8.263554379229464757e+03
8.263554379229464757e+03
8.263554379229464757e+03
8.263554379229464757e+03
8.263554379229464757e+03
8.263554379229464757e+03
8.263554379229464757e+03
8.263554379229464757e+03
8.263554379229464757e+03
8.197293861169044249e+03
8.197293861169044249e+03
8.197293861169044249e+03
8.333887941711709573e+03
8.333887941711709573e+03
8.333887941711709573e+03
8.333887941711709573e+03
8.333887941711709573e+03
8.333887941711709573e+03
8.333887941711709573e+03
8.333887941711709573e+03
8.333887941711709573e+03
8.333887941711709573e+03
8.333887941711709573e+03
8.333887941711709573e+03
8.234977629408036591e+03
8.234977629408036591e+03
8.234977629408036591e+03
8.256496641899184397e+03
8.256496641899184397e+03
8.256496641899184397e+03
8.256496641899184397e+03
8.256496641899184397e+03
8.256496641899184397e+03
8.256496641899184397e+03
8.256496641899184397e+03
8.256496641899184397e+03
8.256496641899184397e+03
8.256496641899184397e+03
8.256496641899184397e+03
8.154332227002114450e+03
8.154332227002114450e+03
8.154332227002114450e+03
8.157766751958744862e+03
8.157766751958744862e+03
8.157766751958744862e+03
8.157766751958744862e+03
8.157766751958744862e+03
8.157766751958744862e+03
8.157766751958744862e+03
8.157766751958744862e+03
8.157766751958744862e+03
8.157766751958744862e+03
8.157766751958744862e+03
8.157766751958744862e+03
8.039473574345318411e+03
8.039473574345318411e+03
8.039473574345318411e+03
7.997123834665067989e+03
7.997123834665067989e+03
7.997123834665067989e+03
7.997123834665067989e+03
7.997123834665067989e+03
7.997123834665067989e+03
7.997123834665067989e+03
7.997123834665067989e+03
7.997123834665067989e+03
7.997123834665067989e+03
7.997123834665067989e+03
7.997123834665067989e+03
8.027489515807234056e+03
8.027489515807234056e+03
8.027489515807234056e+03
8.245509388209567987e+03
8.245509388209567987e+03
8.245509388209567987e+03
8.245509388209567987e+03
8.245509388209567987e+03
8.245509388209567987e+03
8.245509388209567987e+03
8.245509388209567987e+03
8.245509388209567987e+03
8.245509388209567987e+03
8.245509388209567987e+03
8.245509388209567987e+03
8.234574237192107830e+03
8.234574237192107830e+03
8.234574237192107830e+03
8.250847469007330801e+03
8.250847469007330801e+03
8.250847469007330801e+03
8.250847469007330801e+03
8.250847469007330801e+03
8.250847469007330801e+03
8.250847469007330801e+03
8.250847469007330801e+03
8.250847469007330801e+03
8.250847469007330801e+03
8.250847469007330801e+03
8.250847469007330801e+03
8.189047267309972085e+03
8.189047267309972085e+03
8.189047267309972085e+03
8.163689932522697745e+03
8.163689932522697745e+03
8.163689932522697745e+03
8.163689932522697745e+03
8.163689932522697745e+03
8.163689932522697745e+03
8.163689932522697745e+03
8.163689932522697745e+03
8.163689932522697745e+03
8.163689932522697745e+03
8.163689932522697745e+03
8.163689932522697745e+03
8.054169078344048103e+03
8.054169078344048103e+03
8.054169078344048103e+03
8.054169078344048103e+03
8.054169078344048103e+03
8.054169078344048103e+03
8.054169078344048103e+03
8.054169078344048103e+03
8.054169078344048103e+03
8.054169078344048103e+03
8.054169078344048103e+03
8.054169078344048103e+03
8.054169078344048103e+03
8.054169078344048103e+03
8.054169078344048103e+03
8.054868713542065962e+03
8.054868713542065962e+03
8.054868713542065962e+03
8.312904441162267176e+03
8.312904441162267176e+03
8.312904441162267176e+03
8.312904441162267176e+03
8.312904441162267176e+03
8.312904441162267176e+03
8.312904441162267176e+03
8.312904441162267176e+03
8.312904441162267176e+03
8.312904441162267176e+03
8.312904441162267176e+03
8.312904441162267176e+03
8.021270745510631059e+03
8.021270745510631059e+03
8.021270745510631059e+03
8.439332870407510200e+03
8.439332870407510200e+03
8.439332870407510200e+03
8.439332870407510200e+03
8.439332870407510200e+03
8.439332870407510200e+03
8.439332870407510200e+03
8.439332870407510200e+03
8.439332870407510200e+03
8.439332870407510200e+03
8.439332870407510200e+03
8.439332870407510200e+03
8.217240375287819916e+03
8.217240375287819916e+03
8.217240375287819916e+03
8.203879624428564057e+03
8.203879624428564057e+03
8.203879624428564057e+03
8.203879624428564057e+03
8.203879624428564057e+03
8.203879624428564057e+03
8.203879624428564057e+03
8.203879624428564057e+03
8.203879624428564057e+03
8.203879624428564057e+03
8.203879624428564057e+03
8.203879624428564057e+03
8.223814506630906180e+03
8.223814506630906180e+03
8.223814506630906180e+03
8.400478595592554484e+03
8.400478595592554484e+03
8.400478595592554484e+03
8.400478595592554484e+03
8.400478595592554484e+03
8.400478595592554484e+03
8.400478595592554484e+03
8.400478595592554484e+03
8.400478595592554484e+03
8.400478595592554484e+03
8.400478595592554484e+03
8.400478595592554484e+03
8.230300018635402012e+03
8.230300018635402012e+03
8.230300018635402012e+03
8.377713965417508007e+03
8.377713965417508007e+03
8.377713965417508007e+03
8.377713965417508007e+03
8.377713965417508007e+03
8.377713965417508007e+03
8.377713965417508007e+03
8.377713965417508007e+03
8.377713965417508007e+03
8.377713965417508007e+03
8.377713965417508007e+03
8.377713965417508007e+03
8.328872500474863045e+03
8.328872500474863045e+03
8.328872500474863045e+03
8.359507676857923798e+03
8.359507676857923798e+03
8.359507676857923798e+03
8.359507676857923798e+03
8.359507676857923798e+03
8.359507676857923798e+03
8.359507676857923798e+03
8.359507676857923798e+03
8.359507676857923798e+03
8.359507676857923798e+03
8.359507676857923798e+03
8.359507676857923798e+03
8.339627215796652308e+03
8.339627215796652308e+03
8.339627215796652308e+03
8.357681576159948236e+03
8.357681576159948236e+03
8.357681576159948236e+03
8.357681576159948236e+03
8.357681576159948236e+03
8.357681576159948236e+03
8.357681576159948236e+03
8.357681576159948236e+03
8.357681576159948236e+03
8.357681576159948236e+03
8.357681576159948236e+03
8.357681576159948236e+03
8.315302304355449451e+03
8.315302304355449451e+03
8.315302304355449451e+03
8.587715635916192696e+03
8.587715635916192696e+03
8.587715635916192696e+03
8.587715635916192696e+03
8.587715635916192696e+03
8.587715635916192696e+03
8.587715635916192696e+03
8.587715635916192696e+03
8.587715635916192696e+03
8.587715635916192696e+03
8.587715635916192696e+03
8.587715635916192696e+03
8.424709269048678834e+03
8.424709269048678834e+03
8.424709269048678834e+03
8.436652692988383933e+03
8.436652692988383933e+03
8.436652692988383933e+03
8.436652692988383933e+03
8.436652692988383933e+03
8.436652692988383933e+03
8.436652692988383933e+03
8.436652692988383933e+03
8.436652692988383933e+03
8.436652692988383933e+03
8.436652692988383933e+03
8.436652692988383933e+03
8.282770957078944775e+03
8.282770957078944775e+03
8.282770957078944775e+03
8.234830997898319765e+03
8.234830997898319765e+03
8.234830997898319765e+03
8.234830997898319765e+03
8.234830997898319765e+03
8.234830997898319765e+03
8.234830997898319765e+03
8.234830997898319765e+03
8.234830997898319765e+03
8.234830997898319765e+03
8.234830997898319765e+03
8.234830997898319765e+03
8.169470470996397125e+03
8.169470470996397125e+03
8.169470470996397125e+03
8.169470470996397125e+03
8.169470470996397125e+03
8.169470470996397125e+03
8.169470470996397125e+03
8.169470470996397125e+03
8.169470470996397125e+03
8.169470470996397125e+03
8.169470470996397125e+03
8.169470470996397125e+03
8.169470470996397125e+03
8.169470470996397125e+03
8.169470470996397125e+03
8.113767649646903919e+03
8.113767649646903919e+03
8.113767649646903919e+03
8.631765138844293688e+03
8.631765138844293688e+03
8.631765138844293688e+03
8.631765138844293688e+03
8.631765138844293688e+03
8.631765138844293688e+03
8.631765138844293688e+03
8.631765138844293688e+03
8.631765138844293688e+03
8.631765138844293688e+03
8.631765138844293688e+03
8.631765138844293688e+03
8.280918773013547252e+03
8.280918773013547252e+03
8.280918773013547252e+03
9.085347231696372546e+03
9.085347231696372546e+03
9.085347231696372546e+03
9.085347231696372546e+03
9.085347231696372546e+03
9.085347231696372546e+03
9.085347231696372546e+03
9.085347231696372546e+03
9.085347231696372546e+03
9.085347231696372546e+03
9.085347231696372546e+03
9.085347231696372546e+03
8.510230220518307760e+03
8.510230220518307760e+03
8.510230220518307760e+03
8.502781510092278040e+03
8.502781510092278040e+03
8.502781510092278040e+03
8.502781510092278040e+03
8.502781510092278040e+03
8.502781510092278040e+03
8.502781510092278040e+03
8.502781510092278040e+03
8.502781510092278040e+03
8.502781510092278040e+03
8.502781510092278040e+03
8.502781510092278040e+03
8.334534792023647242e+03
8.334534792023647242e+03
8.334534792023647242e+03
8.331830154475010204e+03
8.331830154475010204e+03
8.331830154475010204e+03
8.331830154475010204e+03
8.331830154475010204e+03
8.331830154475010204e+03
8.331830154475010204e+03
8.331830154475010204e+03
8.331830154475010204e+03
8.331830154475010204e+03
8.331830154475010204e+03
8.331830154475010204e+03
8.293019813128788883e+03
8.293019813128788883e+03
8.293019813128788883e+03
8.448012343205653451e+03
8.448012343205653451e+03
8.448012343205653451e+03
8.448012343205653451e+03
8.448012343205653451e+03
8.448012343205653451e+03
8.448012343205653451e+03
8.448012343205653451e+03
8.448012343205653451e+03
8.448012343205653451e+03
8.448012343205653451e+03
8.448012343205653451e+03
8.327498951934578145e+03
8.327498951934578145e+03
8.327498951934578145e+03
8.468594751244378131e+03
8.468594751244378131e+03
8.468594751244378131e+03
8.468594751244378131e+03
8.468594751244378131e+03
8.468594751244378131e+03
8.468594751244378131e+03
8.468594751244378131e+03
8.468594751244378131e+03
8.468594751244378131e+03
8.468594751244378131e+03
8.468594751244378131e+03
8.459220800153634627e+03
8.459220800153634627e+03
8.459220800153634627e+03
8.512410312272128067e+03
8.512410312272128067e+03
8.512410312272128067e+03
8.512410312272128067e+03
8.512410312272128067e+03
8.512410312272128067e+03
8.512410312272128067e+03
8.512410312272128067e+03
8.512410312272128067e+03
8.512410312272128067e+03
8.512410312272128067e+03
8.512410312272128067e+03
8.397414857440151536e+03
8.397414857440151536e+03
8.397414857440151536e+03
8.483327405989766703e+03
8.483327405989766703e+03
8.483327405989766703e+03
8.483327405989766703e+03
8.483327405989766703e+03
8.483327405989766703e+03
8.483327405989766703e+03
8.483327405989766703e+03
8.483327405989766703e+03
8.483327405989766703e+03
8.483327405989766703e+03
8.483327405989766703e+03
8.422038196972458536e+03
8.422038196972458536e+03
8.422038196972458536e+03
8.541940657979164826e+03
8.541940657979164826e+03
8.541940657979164826e+03
8.541940657979164826e+03
8.541940657979164826e+03
8.541940657979164826e+03
8.541940657979164826e+03
8.541940657979164826e+03
8.541940657979164826e+03
8.541940657979164826e+03
8.541940657979164826e+03
8.541940657979164826e+03
8.549511494030715767e+03
8.549511494030715767e+03
8.549511494030715767e+03
8.626507624983129062e+03
8.626507624983129062e+03
8.626507624983129062e+03
8.626507624983129062e+03
8.626507624983129062e+03
8.626507624983129062e+03
8.626507624983129062e+03
8.626507624983129062e+03
8.626507624983129062e+03
8.626507624983129062e+03
8.626507624983129062e+03
8.626507624983129062e+03
8.553418175463895750e+03
8.553418175463895750e+03
8.553418175463895750e+03
8.553418175463895750e+03
8.553418175463895750e+03
8.553418175463895750e+03
8.553418175463895750e+03
8.553418175463895750e+03
8.553418175463895750e+03
8.553418175463895750e+03
8.553418175463895750e+03
8.553418175463895750e+03
8.553418175463895750e+03
8.553418175463895750e+03
8.553418175463895750e+03
8.277968604591533222e+03
8.277968604591533222e+03
8.277968604591533222e+03
8.763908548824740137e+03
8.763908548824740137e+03
8.763908548824740137e+03
8.763908548824740137e+03
8.763908548824740137e+03
8.763908548824740137e+03
8.763908548824740137e+03
8.763908548824740137e+03
8.763908548824740137e+03
8.763908548824740137e+03
8.763908548824740137e+03
8.763908548824740137e+03
8.281490132288377936e+03
8.281490132288377936e+03
8.281490132288377936e+03
9.404485421480490913e+03
9.404485421480490913e+03
9.404485421480490913e+03
9.404485421480490913e+03
9.404485421480490913e+03
9.404485421480490913e+03
9.404485421480490913e+03
9.404485421480490913e+03
9.404485421480490913e+03
9.404485421480490913e+03
9.404485421480490913e+03
9.404485421480490913e+03
8.717439580321522953e+03
8.717439580321522953e+03
8.717439580321522953e+03
8.845137373785502859e+03
8.845137373785502859e+03
8.845137373785502859e+03
8.845137373785502859e+03
8.845137373785502859e+03
8.845137373785502859e+03
8.845137373785502859e+03
8.845137373785502859e+03
8.845137373785502859e+03
8.845137373785502859e+03
8.845137373785502859e+03
8.845137373785502859e+03
8.503784379018856271e+03
8.503784379018856271e+03
8.503784379018856271e+03
8.356987441854282224e+03
8.356987441854282224e+03
8.356987441854282224e+03
8.356987441854282224e+03
8.356987441854282224e+03
8.356987441854282224e+03
8.356987441854282224e+03
8.356987441854282224e+03
8.356987441854282224e+03
8.356987441854282224e+03
8.356987441854282224e+03
8.356987441854282224e+03
8.241320405496144303e+03
8.241320405496144303e+03
8.241320405496144303e+03
8.573739041785509471e+03
8.573739041785509471e+03
8.573739041785509471e+03
8.573739041785509471e+03
8.573739041785509471e+03
8.573739041785509471e+03
8.573739041785509471e+03
8.573739041785509471e+03
8.573739041785509471e+03
8.573739041785509471e+03
8.573739041785509471e+03
8.573739041785509471e+03
8.555418407344435764e+03
8.555418407344435764e+03
8.555418407344435764e+03
8.794593359243932355e+03
8.794593359243932355e+03
8.794593359243932355e+03
8.794593359243932355e+03
8.794593359243932355e+03
8.794593359243932355e+03
8.794593359243932355e+03
8.794593359243932355e+03
8.794593359243932355e+03
8.794593359243932355e+03
8.794593359243932355e+03
8.794593359243932355e+03
8.782387703759675787e+03
8.782387703759675787e+03
8.782387703759675787e+03
8.940848128761439511e+03
8.940848128761439511e+03
8.940848128761439511e+03
8.940848128761439511e+03
8.940848128761439511e+03
8.940848128761439511e+03
8.940848128761439511e+03
8.940848128761439511e+03
8.940848128761439511e+03
8.940848128761439511e+03
8.940848128761439511e+03
8.940848128761439511e+03
8.838576689595991411e+03
8.838576689595991411e+03
8.838576689595991411e+03
8.807114292074751575e+03
8.807114292074751575e+03
8.807114292074751575e+03
8.807114292074751575e+03
8.807114292074751575e+03
8.807114292074751575e+03
8.807114292074751575e+03
8.807114292074751575e+03
8.807114292074751575e+03
8.807114292074751575e+03
8.807114292074751575e+03
8.807114292074751575e+03
8.829766864098297447e+03
8.829766864098297447e+03
8.829766864098297447e+03
8.989926390996333794e+03
8.989926390996333794e+03
8.989926390996333794e+03
8.989926390996333794e+03
8.989926390996333794e+03
8.989926390996333794e+03
8.989926390996333794e+03
8.989926390996333794e+03
8.989926390996333794e+03
8.989926390996333794e+03
8.989926390996333794e+03
8.989926390996333794e+03
9.030199982067029850e+03
9.030199982067029850e+03
9.030199982067029850e+03
9.198697585031739436e+03
9.198697585031739436e+03
9.198697585031739436e+03
9.198697585031739436e+03
9.198697585031739436e+03
9.198697585031739436e+03
9.198697585031739436e+03
9.198697585031739436e+03
9.198697585031739436e+03
9.198697585031739436e+03
9.198697585031739436e+03
9.198697585031739436e+03
9.143557416971840212e+03
9.143557416971840212e+03
9.143557416971840212e+03
9.143557416971840212e+03
9.143557416971840212e+03
9.143557416971840212e+03
9.143557416971840212e+03
9.143557416971840212e+03
9.143557416971840212e+03
9.143557416971840212e+03
9.143557416971840212e+03
9.143557416971840212e+03
9.143557416971840212e+03
9.143557416971840212e+03
9.143557416971840212e+03
8.371114520547551365e+03
8.371114520547551365e+03
8.371114520547551365e+03
8.965740194117173814e+03
8.965740194117173814e+03
8.965740194117173814e+03
8.965740194117173814e+03
8.965740194117173814e+03
8.965740194117173814e+03
8.965740194117173814e+03
8.965740194117173814e+03
8.965740194117173814e+03
8.965740194117173814e+03
8.965740194117173814e+03
8.965740194117173814e+03
8.344142541235420140e+03
8.344142541235420140e+03
8.344142541235420140e+03
9.813021445556698382e+03
9.813021445556698382e+03
9.813021445556698382e+03
9.813021445556698382e+03
9.813021445556698382e+03
9.813021445556698382e+03
9.813021445556698382e+03
9.813021445556698382e+03
9.813021445556698382e+03
9.813021445556698382e+03
9.813021445556698382e+03
9.813021445556698382e+03
9.072055327931784632e+03
9.072055327931784632e+03
9.072055327931784632e+03
9.230626304956889726e+03
9.230626304956889726e+03
9.230626304956889726e+03
9.230626304956889726e+03
9.230626304956889726e+03
9.230626304956889726e+03
9.230626304956889726e+03
9.230626304956889726e+03
9.230626304956889726e+03
9.230626304956889726e+03
9.230626304956889726e+03
9.230626304956889726e+03
9.082833511879562138e+03
9.082833511879562138e+03
9.082833511879562138e+03
8.425043596692506981e+03
8.425043596692506981e+03
8.425043596692506981e+03
8.425043596692506981e+03
8.425043596692506981e+03
8.425043596692506981e+03
8.425043596692506981e+03
8.425043596692506981e+03
8.425043596692506981e+03
8.425043596692506981e+03
8.425043596692506981e+03
8.425043596692506981e+03
8.063852947571445839e+03
8.063852947571445839e+03
8.063852947571445839e+03
8.714598304481338346e+03
8.714598304481338346e+03
8.714598304481338346e+03
8.714598304481338346e+03
8.714598304481338346e+03
8.714598304481338346e+03
8.714598304481338346e+03
8.714598304481338346e+03
8.714598304481338346e+03
8.714598304481338346e+03
8.714598304481338346e+03
8.714598304481338346e+03
8.842922681841679150e+03
8.842922681841679150e+03
8.842922681841679150e+03
9.089686646120157093e+03
9.089686646120157093e+03
9.089686646120157093e+03
9.089686646120157093e+03
9.089686646120157093e+03
9.089686646120157093e+03
9.089686646120157093e+03
9.089686646120157093e+03
9.089686646120157093e+03
9.089686646120157093e+03
9.089686646120157093e+03
9.089686646120157093e+03
9.052995078617188483e+03
9.052995078617188483e+03
9.052995078617188483e+03
9.579813429588428335e+03
9.579813429588428335e+03
9.579813429588428335e+03
9.579813429588428335e+03
9.579813429588428335e+03
9.579813429588428335e+03
9.579813429588428335e+03
9.579813429588428335e+03
9.579813429588428335e+03
9.579813429588428335e+03
9.579813429588428335e+03
9.579813429588428335e+03
9.726659840076261389e+03
9.726659840076261389e+03
9.726659840076261389e+03
8.964265946597744914e+03
8.964265946597744914e+03
8.964265946597744914e+03
8.964265946597744914e+03
8.964265946597744914e+03
8.964265946597744914e+03
8.964265946597744914e+03
8.964265946597744914e+03
8.964265946597744914e+03
8.964265946597744914e+03
8.964265946597744914e+03
8.964265946597744914e+03
9.158485698319602307e+03
9.158485698319602307e+03
9.158485698319602307e+03
9.555886793119469075e+03
9.555886793119469075e+03
9.555886793119469075e+03
9.555886793119469075e+03
9.555886793119469075e+03
9.555886793119469075e+03
9.555886793119469075e+03
9.555886793119469075e+03
9.555886793119469075e+03
9.555886793119469075e+03
9.555886793119469075e+03
9.555886793119469075e+03
9.422288121078299810e+03
9.422288121078299810e+03
9.422288121078299810e+03
9.703764305765122117e+03
9.703764305765122117e+03
9.703764305765122117e+03
9.703764305765122117e+03
9.703764305765122117e+03
9.703764305765122117e+03
9.703764305765122117e+03
9.703764305765122117e+03
9.703764305765122117e+03
9.703764305765122117e+03
9.703764305765122117e+03
9.703764305765122117e+03
9.501400262391141951e+03
9.501400262391141951e+03
9.501400262391141951e+03
9.501400262391141951e+03
9.501400262391141951e+03
9.501400262391141951e+03
9.501400262391141951e+03
9.501400262391141951e+03
9.501400262391141951e+03
9.501400262391141951e+03
9.501400262391141951e+03
9.501400262391141951e+03
9.501400262391141951e+03
9.501400262391141951e+03
9.501400262391141951e+03
7.997445619216944579e+03
7.997445619216944579e+03
7.997445619216944579e+03
8.765674510162105435e+03
8.765674510162105435e+03
8.765674510162105435e+03
8.765674510162105435e+03
8.765674510162105435e+03
8.765674510162105435e+03
8.765674510162105435e+03
8.765674510162105435e+03
8.765674510162105435e+03
8.765674510162105435e+03
8.765674510162105435e+03
8.765674510162105435e+03
8.512578473147354089e+03
8.512578473147354089e+03
8.512578473147354089e+03
9.806656620250827473e+03
9.806656620250827473e+03
9.806656620250827473e+03
9.806656620250827473e+03
9.806656620250827473e+03
9.806656620250827473e+03
9.806656620250827473e+03
9.806656620250827473e+03
9.806656620250827473e+03
9.806656620250827473e+03
9.806656620250827473e+03
9.806656620250827473e+03
9.336193481769647406e+03
9.336193481769647406e+03
9.336193481769647406e+03
9.832415563376922364e+03
9.832415563376922364e+03
9.832415563376922364e+03
9.832415563376922364e+03
9.832415563376922364e+03
9.832415563376922364e+03
9.832415563376922364e+03
9.832415563376922364e+03
9.832415563376922364e+03
9.832415563376922364e+03
9.832415563376922364e+03
9.832415563376922364e+03
9.853037546690737145e+03
9.853037546690737145e+03
9.853037546690737145e+03
8.464524645350755236e+03
8.464524645350755236e+03
8.464524645350755236e+03
8.464524645350755236e+03
8.464524645350755236e+03
8.464524645350755236e+03
8.464524645350755236e+03
8.464524645350755236e+03
8.464524645350755236e+03
8.464524645350755236e+03
8.464524645350755236e+03
8.464524645350755236e+03
8.377055524829334900e+03
8.377055524829334900e+03
8.377055524829334900e+03
9.331582346006587613e+03
9.331582346006587613e+03
9.331582346006587613e+03
9.331582346006587613e+03
9.331582346006587613e+03
9.331582346006587613e+03
9.331582346006587613e+03
9.331582346006587613e+03
9.331582346006587613e+03
9.331582346006587613e+03
9.331582346006587613e+03
9.331582346006587613e+03
9.480597366439302277e+03
9.480597366439302277e+03
9.480597366439302277e+03
9.962798839138493349e+03
9.962798839138493349e+03
9.962798839138493349e+03
9.962798839138493349e+03
9.962798839138493349e+03
9.962798839138493349e+03
9.962798839138493349e+03
9.962798839138493349e+03
9.962798839138493349e+03
9.962798839138493349e+03
9.962798839138493349e+03
9.962798839138493349e+03
1.007787740548111105e+04
1.007787740548111105e+04
1.007787740548111105e+04
1.047355242957845803e+04
1.047355242957845803e+04
1.047355242957845803e+04
1.047355242957845803e+04
1.047355242957845803e+04
1.047355242957845803e+04
1.047355242957845803e+04
1.047355242957845803e+04
1.047355242957845803e+04
1.047355242957845803e+04
1.047355242957845803e+04
1.047355242957845803e+04
1.037778082719887971e+04
1.037778082719887971e+04
1.037778082719887971e+04
9.229566081434342777e+03
9.229566081434342777e+03
9.229566081434342777e+03
9.229566081434342777e+03
9.229566081434342777e+03
9.229566081434342777e+03
9.229566081434342777e+03
9.229566081434342777e+03
9.229566081434342777e+03
9.229566081434342777e+03
9.229566081434342777e+03
9.229566081434342777e+03
9.184099688345278992e+03
9.184099688345278992e+03
9.184099688345278992e+03
9.558278833182885137e+03
9.558278833182885137e+03
9.558278833182885137e+03
9.558278833182885137e+03
9.558278833182885137e+03
9.558278833182885137e+03
9.558278833182885137e+03
9.558278833182885137e+03
9.558278833182885137e+03
9.558278833182885137e+03
9.558278833182885137e+03
9.558278833182885137e+03
9.563674895766938789e+03
9.563674895766938789e+03
9.563674895766938789e+03
1.016650243812343433e+04
1.016650243812343433e+04
1.016650243812343433e+04
1.016650243812343433e+04
1.016650243812343433e+04
1.016650243812343433e+04
1.016650243812343433e+04
1.016650243812343433e+04
1.016650243812343433e+04
1.016650243812343433e+04
1.016650243812343433e+04
1.016650243812343433e+04
1.019992586635615226e+04
1.019992586635615226e+04
1.019992586635615226e+04
1.019992586635615226e+04
1.019992586635615226e+04
1.019992586635615226e+04
1.019992586635615226e+04
1.019992586635615226e+04
1.019992586635615226e+04
1.019992586635615226e+04
1.019992586635615226e+04
1.019992586635615226e+04
1.019992586635615226e+04
1.019992586635615226e+04
1.019992586635615226e+04
8.013229978420396037e+03
8.013229978420396037e+03
8.013229978420396037e+03
9.549662508405064727e+03
9.549662508405064727e+03
9.549662508405064727e+03
9.549662508405064727e+03
9.549662508405064727e+03
9.549662508405064727e+03
9.549662508405064727e+03
9.549662508405064727e+03
9.549662508405064727e+03
9.549662508405064727e+03
9.549662508405064727e+03
9.549662508405064727e+03
9.352242586784401283e+03
9.352242586784401283e+03
9.352242586784401283e+03
1.052295074166719496e+04
1.052295074166719496e+04
1.052295074166719496e+04
1.052295074166719496e+04
1.052295074166719496e+04
1.052295074166719496e+04
1.052295074166719496e+04
1.052295074166719496e+04
1.052295074166719496e+04
1.052295074166719496e+04
1.052295074166719496e+04
1.052295074166719496e+04
1.047038352485551150e+04
1.047038352485551150e+04
1.047038352485551150e+04
1.095012448073502310e+04
1.095012448073502310e+04
1.095012448073502310e+04
1.095012448073502310e+04
1.095012448073502310e+04
1.095012448073502310e+04
1.095012448073502310e+04
1.095012448073502310e+04
1.095012448073502310e+04
1.095012448073502310e+04
1.095012448073502310e+04
1.095012448073502310e+04
1.109864470944115965e+04
1.109864470944115965e+04
1.109864470944115965e+04
9.545891340250187568e+03
9.545891340250187568e+03
9.545891340250187568e+03
9.545891340250187568e+03
9.545891340250187568e+03
9.545891340250187568e+03
9.545891340250187568e+03
9.545891340250187568e+03
9.545891340250187568e+03
9.545891340250187568e+03
9.545891340250187568e+03
9.545891340250187568e+03
8.953746924212406157e+03
8.953746924212406157e+03
8.953746924212406157e+03
9.883125762214782299e+03
9.883125762214782299e+03
9.883125762214782299e+03
9.883125762214782299e+03
9.883125762214782299e+03
9.883125762214782299e+03
9.883125762214782299e+03
9.883125762214782299e+03
9.883125762214782299e+03
9.883125762214782299e+03
9.883125762214782299e+03
9.883125762214782299e+03
9.920831866995868040e+03
9.920831866995868040e+03
9.920831866995868040e+03
1.033578781026013348e+04
1.033578781026013348e+04
1.033578781026013348e+04
1.033578781026013348e+04
1.033578781026013348e+04
1.033578781026013348e+04
1.033578781026013348e+04
1.033578781026013348e+04
1.033578781026013348e+04
1.033578781026013348e+04
1.033578781026013348e+04
1.033578781026013348e+04
1.035043618516707647e+04
1.035043618516707647e+04
1.035043618516707647e+04
1.073703941366286199e+04
1.073703941366286199e+04
1.073703941366286199e+04
1.073703941366286199e+04
1.073703941366286199e+04
1.073703941366286199e+04
1.073703941366286199e+04
1.073703941366286199e+04
1.073703941366286199e+04
1.073703941366286199e+04
1.073703941366286199e+04
1.073703941366286199e+04
1.081631570163444849e+04
1.081631570163444849e+04
1.081631570163444849e+04
9.977665332510277949e+03
9.977665332510277949e+03
9.977665332510277949e+03
9.977665332510277949e+03
9.977665332510277949e+03
9.977665332510277949e+03
9.977665332510277949e+03
9.977665332510277949e+03
9.977665332510277949e+03
9.977665332510277949e+03
9.977665332510277949e+03
9.977665332510277949e+03
9.953313169701141305e+03
9.953313169701141305e+03
9.953313169701141305e+03
1.019497129095699347e+04
1.019497129095699347e+04
1.019497129095699347e+04
1.019497129095699347e+04
1.019497129095699347e+04
1.019497129095699347e+04
1.019497129095699347e+04
1.019497129095699347e+04
1.019497129095699347e+04
1.019497129095699347e+04
1.019497129095699347e+04
1.019497129095699347e+04
1.021845418623327168e+04
1.021845418623327168e+04
1.021845418623327168e+04
1.064001847981355058e+04
1.064001847981355058e+04
1.064001847981355058e+04
1.064001847981355058e+04
1.064001847981355058e+04
1.064001847981355058e+04
1.064001847981355058e+04
1.064001847981355058e+04
1.064001847981355058e+04
1.064001847981355058e+04
1.064001847981355058e+04
1.064001847981355058e+04
1.062108762517026662e+04
1.062108762517026662e+04
1.062108762517026662e+04
1.062108762517026662e+04
1.062108762517026662e+04
1.062108762517026662e+04
1.062108762517026662e+04
1.062108762517026662e+04
1.062108762517026662e+04
1.062108762517026662e+04
1.062108762517026662e+04
1.062108762517026662e+04
1.062108762517026662e+04
1.062108762517026662e+04
1.062108762517026662e+04
8.209797648383215346e+03
8.209797648383215346e+03
8.209797648383215346e+03
9.725651598589889545e+03
9.725651598589889545e+03
9.725651598589889545e+03
9.725651598589889545e+03
9.725651598589889545e+03
9.725651598589889545e+03
9.725651598589889545e+03
9.725651598589889545e+03
9.725651598589889545e+03
9.725651598589889545e+03
9.725651598589889545e+03
9.725651598589889545e+03
9.682426428373069939e+03
9.682426428373069939e+03
9.682426428373069939e+03
1.037917490585052838e+04
1.037917490585052838e+04
1.037917490585052838e+04
1.037917490585052838e+04
1.037917490585052838e+04
1.037917490585052838e+04
1.037917490585052838e+04
1.037917490585052838e+04
1.037917490585052838e+04
1.037917490585052838e+04
1.037917490585052838e+04
1.037917490585052838e+04
1.045831932819461508e+04
1.045831932819461508e+04
1.045831932819461508e+04
1.071040166141537702e+04
1.071040166141537702e+04
1.071040166141537702e+04
1.071040166141537702e+04
1.071040166141537702e+04
1.071040166141537702e+04
1.071040166141537702e+04
1.071040166141537702e+04
1.071040166141537702e+04
1.071040166141537702e+04
1.071040166141537702e+04
1.071040166141537702e+04
1.076412088273237714e+04
1.076412088273237714e+04
1.076412088273237714e+04
9.488556930998234748e+03
9.488556930998234748e+03
9.488556930998234748e+03
9.488556930998234748e+03
9.488556930998234748e+03
9.488556930998234748e+03
9.488556930998234748e+03
9.488556930998234748e+03
9.488556930998234748e+03
9.488556930998234748e+03
9.488556930998234748e+03
9.488556930998234748e+03
9.409008442360000117e+03
9.409008442360000117e+03
9.409008442360000117e+03
1.030107475607149536e+04
1.030107475607149536e+04
1.030107475607149536e+04
1.030107475607149536e+04
1.030107475607149536e+04
1.030107475607149536e+04
1.030107475607149536e+04
1.030107475607149536e+04
1.030107475607149536e+04
1.030107475607149536e+04
1.030107475607149536e+04
1.030107475607149536e+04
1.032646856738311544e+04
1.032646856738311544e+04
1.032646856738311544e+04
1.065859055776289279e+04
1.065859055776289279e+04
1.065859055776289279e+04
1.065859055776289279e+04
1.065859055776289279e+04
1.065859055776289279e+04
1.065859055776289279e+04
1.065859055776289279e+04
1.065859055776289279e+04
1.065859055776289279e+04
1.065859055776289279e+04
1.065859055776289279e+04
1.065766176009277115e+04
1.065766176009277115e+04
1.065766176009277115e+04
1.090719745370476085e+04
1.090719745370476085e+04
1.090719745370476085e+04
1.090719745370476085e+04
1.090719745370476085e+04
1.090719745370476085e+04
1.090719745370476085e+04
1.090719745370476085e+04
1.090719745370476085e+04
1.090719745370476085e+04
1.090719745370476085e+04
1.090719745370476085e+04
1.088747409881000749e+04
1.088747409881000749e+04
1.088747409881000749e+04
1.021374891279684562e+04
1.021374891279684562e+04
1.021374891279684562e+04
1.021374891279684562e+04
1.021374891279684562e+04
1.021374891279684562e+04
1.021374891279684562e+04
1.021374891279684562e+04
1.021374891279684562e+04
1.021374891279684562e+04
1.021374891279684562e+04
1.021374891279684562e+04
1.028527009643706333e+04
1.028527009643706333e+04
1.028527009643706333e+04
1.043064043624161241e+04
1.043064043624161241e+04
1.043064043624161241e+04
1.043064043624161241e+04
1.043064043624161241e+04
1.043064043624161241e+04
1.043064043624161241e+04
1.043064043624161241e+04
1.043064043624161241e+04
1.043064043624161241e+04
1.043064043624161241e+04
1.043064043624161241e+04
1.044736250358640245e+04
1.044736250358640245e+04
1.044736250358640245e+04
1.075469491720059523e+04
1.075469491720059523e+04
1.075469491720059523e+04
1.075469491720059523e+04
1.075469491720059523e+04
1.075469491720059523e+04
1.075469491720059523e+04
1.075469491720059523e+04
1.075469491720059523e+04
1.075469491720059523e+04
1.075469491720059523e+04
1.075469491720059523e+04
1.075059744804474576e+04
1.075059744804474576e+04
1.075059744804474576e+04
1.075059744804474576e+04
1.075059744804474576e+04
1.075059744804474576e+04
1.075059744804474576e+04
1.075059744804474576e+04
1.075059744804474576e+04
1.075059744804474576e+04
1.075059744804474576e+04
1.075059744804474576e+04
1.075059744804474576e+04
1.075059744804474576e+04
1.075059744804474576e+04
8.850987578562464478e+03
8.850987578562464478e+03
8.850987578562464478e+03
1.004393326803708442e+04
1.004393326803708442e+04
1.004393326803708442e+04
1.004393326803708442e+04
1.004393326803708442e+04
1.004393326803708442e+04
1.004393326803708442e+04
1.004393326803708442e+04
1.004393326803708442e+04
1.004393326803708442e+04
1.004393326803708442e+04
1.004393326803708442e+04
1.009695837388555992e+04
1.009695837388555992e+04
1.009695837388555992e+04
1.077539576024485541e+04
1.077539576024485541e+04
1.077539576024485541e+04
1.077539576024485541e+04
1.077539576024485541e+04
1.077539576024485541e+04
1.077539576024485541e+04
1.077539576024485541e+04
1.077539576024485541e+04
1.077539576024485541e+04
1.077539576024485541e+04
1.077539576024485541e+04
1.094898084048059354e+04
1.094898084048059354e+04
1.094898084048059354e+04
1.123451558235169614e+04
1.123451558235169614e+04
1.123451558235169614e+04
1.123451558235169614e+04
1.123451558235169614e+04
1.123451558235169614e+04
1.123451558235169614e+04
1.123451558235169614e+04
1.123451558235169614e+04
1.123451558235169614e+04
1.123451558235169614e+04
1.123451558235169614e+04
1.125802913965811604e+04
1.125802913965811604e+04
1.125802913965811604e+04
1.046812715215118442e+04
1.046812715215118442e+04
1.046812715215118442e+04
1.046812715215118442e+04
1.046812715215118442e+04
1.046812715215118442e+04
1.046812715215118442e+04
1.046812715215118442e+04
1.046812715215118442e+04
1.046812715215118442e+04
1.046812715215118442e+04
1.046812715215118442e+04
1.056701309499531999e+04
1.056701309499531999e+04
1.056701309499531999e+04
1.064820209820063610e+04
1.064820209820063610e+04
1.064820209820063610e+04
1.064820209820063610e+04
1.064820209820063610e+04
1.064820209820063610e+04
1.064820209820063610e+04
1.064820209820063610e+04
1.064820209820063610e+04
1.064820209820063610e+04
1.064820209820063610e+04
1.064820209820063610e+04
1.066957682662416300e+04
1.066957682662416300e+04
1.066957682662416300e+04
1.102728565809668544e+04
1.102728565809668544e+04
1.102728565809668544e+04
1.102728565809668544e+04
1.102728565809668544e+04
1.102728565809668544e+04
1.102728565809668544e+04
1.102728565809668544e+04
1.102728565809668544e+04
1.102728565809668544e+04
1.102728565809668544e+04
1.102728565809668544e+04
1.103955137889854814e+04
1.103955137889854814e+04
1.103955137889854814e+04
1.130115791518577680e+04
1.130115791518577680e+04
1.130115791518577680e+04
1.130115791518577680e+04
1.130115791518577680e+04
1.130115791518577680e+04
1.130115791518577680e+04
1.130115791518577680e+04
1.130115791518577680e+04
1.130115791518577680e+04
1.130115791518577680e+04
1.130115791518577680e+04
1.132031833513249694e+04
1.132031833513249694e+04
1.132031833513249694e+04
1.072031677877111542e+04
1.072031677877111542e+04
1.072031677877111542e+04
1.072031677877111542e+04
1.072031677877111542e+04
1.072031677877111542e+04
1.072031677877111542e+04
1.072031677877111542e+04
1.072031677877111542e+04
1.072031677877111542e+04
1.072031677877111542e+04
1.072031677877111542e+04
1.072591692020857408e+04
1.072591692020857408e+04
1.072591692020857408e+04
1.104869380499364343e+04
1.104869380499364343e+04
1.104869380499364343e+04
1.104869380499364343e+04
1.104869380499364343e+04
1.104869380499364343e+04
1.104869380499364343e+04
1.104869380499364343e+04
1.104869380499364343e+04
1.104869380499364343e+04
1.104869380499364343e+04
1.104869380499364343e+04
1.106553860624482695e+04
1.106553860624482695e+04
1.106553860624482695e+04
1.168758701876326995e+04
1.168758701876326995e+04
1.168758701876326995e+04
1.168758701876326995e+04
1.168758701876326995e+04
1.168758701876326995e+04
1.168758701876326995e+04
1.168758701876326995e+04
1.168758701876326995e+04
1.168758701876326995e+04
1.168758701876326995e+04
1.168758701876326995e+04
1.170456146260794958e+04
1.170456146260794958e+04
1.170456146260794958e+04
1.170456146260794958e+04
1.170456146260794958e+04
1.170456146260794958e+04
1.170456146260794958e+04
1.170456146260794958e+04
1.170456146260794958e+04
1.170456146260794958e+04
1.170456146260794958e+04
1.170456146260794958e+04
1.170456146260794958e+04
1.170456146260794958e+04
1.170456146260794958e+04
1.096004005929348568e+04
1.096004005929348568e+04
1.096004005929348568e+04
1.096591888039185142e+04
1.096591888039185142e+04
1.096591888039185142e+04
1.096591888039185142e+04
1.096591888039185142e+04
1.096591888039185142e+04
1.096591888039185142e+04
1.096591888039185142e+04
1.096591888039185142e+04
1.096591888039185142e+04
1.096591888039185142e+04
1.096591888039185142e+04
1.106280792953947821e+04
1.106280792953947821e+04
1.106280792953947821e+04
1.120011517872901459e+04
1.120011517872901459e+04
1.120011517872901459e+04
1.120011517872901459e+04
1.120011517872901459e+04
1.120011517872901459e+04
1.120011517872901459e+04
1.120011517872901459e+04
1.120011517872901459e+04
1.120011517872901459e+04
1.120011517872901459e+04
1.120011517872901459e+04
1.138875644839942652e+04
1.138875644839942652e+04
1.138875644839942652e+04
1.169410813324041010e+04
1.169410813324041010e+04
1.169410813324041010e+04
1.169410813324041010e+04
1.169410813324041010e+04
1.169410813324041010e+04
1.169410813324041010e+04
1.169410813324041010e+04
1.169410813324041010e+04
1.169410813324041010e+04
1.169410813324041010e+04
1.169410813324041010e+04
1.170309681852152426e+04
1.170309681852152426e+04
1.170309681852152426e+04
1.062670839518126741e+04
1.062670839518126741e+04
1.062670839518126741e+04
1.062670839518126741e+04
1.062670839518126741e+04
1.062670839518126741e+04
1.062670839518126741e+04
1.062670839518126741e+04
1.062670839518126741e+04
1.062670839518126741e+04
1.062670839518126741e+04
1.062670839518126741e+04
1.123760884861671911e+04
1.123760884861671911e+04
1.123760884861671911e+04
1.100301062317458855e+04
1.100301062317458855e+04
1.100301062317458855e+04
1.100301062317458855e+04
1.100301062317458855e+04
1.100301062317458855e+04
1.100301062317458855e+04
1.100301062317458855e+04
1.100301062317458855e+04
1.100301062317458855e+04
1.100301062317458855e+04
1.100301062317458855e+04
1.102545620532435169e+04
1.102545620532435169e+04
1.102545620532435169e+04
1.122964966951094539e+04
1.122964966951094539e+04
1.122964966951094539e+04
1.122964966951094539e+04
1.122964966951094539e+04
1.122964966951094539e+04
1.122964966951094539e+04
1.122964966951094539e+04
1.122964966951094539e+04
1.122964966951094539e+04
1.122964966951094539e+04
1.122964966951094539e+04
1.125195589051161733e+04
1.125195589051161733e+04
1.125195589051161733e+04
1.140149051850945398e+04
1.140149051850945398e+04
1.140149051850945398e+04
1.140149051850945398e+04
1.140149051850945398e+04
1.140149051850945398e+04
1.140149051850945398e+04
1.140149051850945398e+04
1.140149051850945398e+04
1.140149051850945398e+04
1.140149051850945398e+04
1.140149051850945398e+04
1.141043661464118668e+04
1.141043661464118668e+04
1.141043661464118668e+04
1.108542500792676219e+04
1.108542500792676219e+04
1.108542500792676219e+04
1.108542500792676219e+04
1.108542500792676219e+04
1.108542500792676219e+04
1.108542500792676219e+04
1.108542500792676219e+04
1.108542500792676219e+04
1.108542500792676219e+04
1.108542500792676219e+04
1.108542500792676219e+04
1.110576199564761737e+04
1.110576199564761737e+04
1.110576199564761737e+04
1.150829866290410428e+04
1.150829866290410428e+04
1.150829866290410428e+04
1.150829866290410428e+04
1.150829866290410428e+04
1.150829866290410428e+04
1.150829866290410428e+04
1.150829866290410428e+04
1.150829866290410428e+04
1.150829866290410428e+04
1.150829866290410428e+04
1.150829866290410428e+04
1.154826456209545177e+04
1.154826456209545177e+04
1.154826456209545177e+04
1.182989638023041334e+04
1.182989638023041334e+04
1.182989638023041334e+04
1.182989638023041334e+04
1.182989638023041334e+04
1.182989638023041334e+04
1.182989638023041334e+04
1.182989638023041334e+04
1.182989638023041334e+04
1.182989638023041334e+04
1.182989638023041334e+04
1.182989638023041334e+04
1.189272856999339274e+04
1.189272856999339274e+04
1.189272856999339274e+04
1.189272856999339274e+04
1.189272856999339274e+04
1.189272856999339274e+04
1.189272856999339274e+04
1.189272856999339274e+04
1.189272856999339274e+04
1.189272856999339274e+04
1.189272856999339274e+04
1.189272856999339274e+04
1.189272856999339274e+04
1.189272856999339274e+04
1.189272856999339274e+04
1.120921000634685333e+04
1.120921000634685333e+04
1.120921000634685333e+04
1.096310816956570307e+04
1.096310816956570307e+04
1.096310816956570307e+04
1.096310816956570307e+04
1.096310816956570307e+04
1.096310816956570307e+04
1.096310816956570307e+04
1.096310816956570307e+04
1.096310816956570307e+04
1.096310816956570307e+04
1.096310816956570307e+04
1.096310816956570307e+04
1.103629487566116222e+04
1.103629487566116222e+04
1.103629487566116222e+04
1.145960505231074058e+04
1.145960505231074058e+04
1.145960505231074058e+04
1.145960505231074058e+04
1.145960505231074058e+04
1.145960505231074058e+04
1.145960505231074058e+04
1.145960505231074058e+04
1.145960505231074058e+04
1.145960505231074058e+04
1.145960505231074058e+04
1.145960505231074058e+04
1.159532713900238377e+04
1.159532713900238377e+04
1.159532713900238377e+04
1.196638378046824437e+04
1.196638378046824437e+04
1.196638378046824437e+04
1.196638378046824437e+04
1.196638378046824437e+04
1.196638378046824437e+04
1.196638378046824437e+04
1.196638378046824437e+04
1.196638378046824437e+04
1.196638378046824437e+04
1.196638378046824437e+04
1.196638378046824437e+04
1.196757002675508011e+04
1.196757002675508011e+04
1.196757002675508011e+04
1.178973866864739102e+04
1.178973866864739102e+04
1.178973866864739102e+04
1.178973866864739102e+04
1.178973866864739102e+04
1.178973866864739102e+04
1.178973866864739102e+04
1.178973866864739102e+04
1.178973866864739102e+04
1.178973866864739102e+04
1.178973866864739102e+04
1.178973866864739102e+04
1.227113862419819634e+04
1.227113862419819634e+04
1.227113862419819634e+04
1.136266189439385926e+04
1.136266189439385926e+04
1.136266189439385926e+04
1.136266189439385926e+04
1.136266189439385926e+04
1.136266189439385926e+04
1.136266189439385926e+04
1.136266189439385926e+04
1.136266189439385926e+04
1.136266189439385926e+04
1.136266189439385926e+04
1.136266189439385926e+04
1.136855514827686238e+04
1.136855514827686238e+04
1.136855514827686238e+04
1.182837122714752513e+04
1.182837122714752513e+04
1.182837122714752513e+04
1.182837122714752513e+04
1.182837122714752513e+04
1.182837122714752513e+04
1.182837122714752513e+04
1.182837122714752513e+04
1.182837122714752513e+04
1.182837122714752513e+04
1.182837122714752513e+04
1.182837122714752513e+04
1.179784859497752404e+04
1.179784859497752404e+04
1.179784859497752404e+04
1.170859361566703956e+04
1.170859361566703956e+04
1.170859361566703956e+04
1.170859361566703956e+04
1.170859361566703956e+04
1.170859361566703956e+04
1.170859361566703956e+04
1.170859361566703956e+04
1.170859361566703956e+04
1.170859361566703956e+04
1.170859361566703956e+04
1.170859361566703956e+04
1.174619808090472907e+04
1.174619808090472907e+04
1.174619808090472907e+04
1.145796352893510630e+04
1.145796352893510630e+04
1.145796352893510630e+04
1.145796352893510630e+04
1.145796352893510630e+04
1.145796352893510630e+04
1.145796352893510630e+04
1.145796352893510630e+04
1.145796352893510630e+04
1.145796352893510630e+04
1.145796352893510630e+04
1.145796352893510630e+04
1.145441729938233766e+04
1.145441729938233766e+04
1.145441729938233766e+04
1.175974604784332041e+04
1.175974604784332041e+04
1.175974604784332041e+04
1.175974604784332041e+04
1.175974604784332041e+04
1.175974604784332041e+04
1.175974604784332041e+04
1.175974604784332041e+04
1.175974604784332041e+04
1.175974604784332041e+04
1.175974604784332041e+04
1.175974604784332041e+04
1.181676795060853510e+04
1.181676795060853510e+04
1.181676795060853510e+04
1.216902574142980484e+04
1.216902574142980484e+04
1.216902574142980484e+04
1.216902574142980484e+04
1.216902574142980484e+04
1.216902574142980484e+04
1.216902574142980484e+04
1.216902574142980484e+04
1.216902574142980484e+04
1.216902574142980484e+04
1.216902574142980484e+04
1.216902574142980484e+04
1.211596827093694992e+04
1.211596827093694992e+04
1.211596827093694992e+04
1.211596827093694992e+04
1.211596827093694992e+04
1.211596827093694992e+04
1.211596827093694992e+04
1.211596827093694992e+04
1.211596827093694992e+04
1.211596827093694992e+04
1.211596827093694992e+04
1.211596827093694992e+04
1.211596827093694992e+04
1.211596827093694992e+04
1.211596827093694992e+04
1.133023457484333267e+04
1.133023457484333267e+04
1.133023457484333267e+04
1.164396068155468674e+04
1.164396068155468674e+04
1.164396068155468674e+04
1.164396068155468674e+04
1.164396068155468674e+04
1.164396068155468674e+04
1.164396068155468674e+04
1.164396068155468674e+04
1.164396068155468674e+04
1.164396068155468674e+04
1.164396068155468674e+04
1.164396068155468674e+04
1.169067471329672480e+04
1.169067471329672480e+04
1.169067471329672480e+04
1.159488189510108714e+04
1.159488189510108714e+04
1.159488189510108714e+04
1.159488189510108714e+04
1.159488189510108714e+04
1.159488189510108714e+04
1.159488189510108714e+04
1.159488189510108714e+04
1.159488189510108714e+04
1.159488189510108714e+04
1.159488189510108714e+04
1.159488189510108714e+04
1.178113537682004608e+04
1.178113537682004608e+04
1.178113537682004608e+04
1.181219401413568266e+04
1.181219401413568266e+04
1.181219401413568266e+04
1.181219401413568266e+04
1.181219401413568266e+04
1.181219401413568266e+04
1.181219401413568266e+04
1.181219401413568266e+04
1.181219401413568266e+04
1.181219401413568266e+04
1.181219401413568266e+04
1.181219401413568266e+04
1.188125766596404719e+04
1.188125766596404719e+04
1.188125766596404719e+04
1.105940158698099731e+04
1.105940158698099731e+04
1.105940158698099731e+04
1.105940158698099731e+04
1.105940158698099731e+04
1.105940158698099731e+04
1.105940158698099731e+04
1.105940158698099731e+04
1.105940158698099731e+04
1.105940158698099731e+04
1.105940158698099731e+04
1.105940158698099731e+04
1.154878907138337490e+04
1.154878907138337490e+04
1.154878907138337490e+04
1.165345675186278095e+04
1.165345675186278095e+04
1.165345675186278095e+04
1.165345675186278095e+04
1.165345675186278095e+04
1.165345675186278095e+04
1.165345675186278095e+04
1.165345675186278095e+04
1.165345675186278095e+04
1.165345675186278095e+04
1.165345675186278095e+04
1.165345675186278095e+04
1.165400721960687588e+04
1.165400721960687588e+04
1.165400721960687588e+04
1.178274806544689272e+04
1.178274806544689272e+04
1.178274806544689272e+04
1.178274806544689272e+04
1.178274806544689272e+04
1.178274806544689272e+04
1.178274806544689272e+04
1.178274806544689272e+04
1.178274806544689272e+04
1.178274806544689272e+04
1.178274806544689272e+04
1.178274806544689272e+04
1.186927792126341592e+04
1.186927792126341592e+04
1.186927792126341592e+04
1.227043716808658064e+04
1.227043716808658064e+04
1.227043716808658064e+04
1.227043716808658064e+04
1.227043716808658064e+04
1.227043716808658064e+04
1.227043716808658064e+04
1.227043716808658064e+04
1.227043716808658064e+04
1.227043716808658064e+04
1.227043716808658064e+04
1.227043716808658064e+04
1.228283522225863635e+04
1.228283522225863635e+04
1.228283522225863635e+04
1.188622524976384921e+04
1.188622524976384921e+04
1.188622524976384921e+04
1.188622524976384921e+04
1.188622524976384921e+04
1.188622524976384921e+04
1.188622524976384921e+04
1.188622524976384921e+04
1.188622524976384921e+04
1.188622524976384921e+04
1.188622524976384921e+04
1.188622524976384921e+04
1.192209603201576101e+04
1.192209603201576101e+04
1.192209603201576101e+04
1.192367830537729969e+04
1.192367830537729969e+04
1.192367830537729969e+04
1.192367830537729969e+04
1.192367830537729969e+04
1.192367830537729969e+04
1.192367830537729969e+04
1.192367830537729969e+04
1.192367830537729969e+04
1.192367830537729969e+04
1.192367830537729969e+04
1.192367830537729969e+04
1.193350304008755120e+04
1.193350304008755120e+04
1.193350304008755120e+04
1.212567980374551917e+04
1.212567980374551917e+04
1.212567980374551917e+04
1.212567980374551917e+04
1.212567980374551917e+04
1.212567980374551917e+04
1.212567980374551917e+04
1.212567980374551917e+04
1.212567980374551917e+04
1.212567980374551917e+04
1.212567980374551917e+04
1.212567980374551917e+04
1.208031045396623995e+04
1.208031045396623995e+04
1.208031045396623995e+04
1.208031045396623995e+04
1.208031045396623995e+04
1.208031045396623995e+04
1.208031045396623995e+04
1.208031045396623995e+04
1.208031045396623995e+04
1.208031045396623995e+04
1.208031045396623995e+04
1.208031045396623995e+04
1.208031045396623995e+04
1.208031045396623995e+04
1.208031045396623995e+04
1.178095737924817877e+04
1.178095737924817877e+04
1.178095737924817877e+04
1.143040045723136791e+04
1.143040045723136791e+04
1.143040045723136791e+04
1.143040045723136791e+04
1.143040045723136791e+04
1.143040045723136791e+04
1.143040045723136791e+04
1.143040045723136791e+04
1.143040045723136791e+04
1.143040045723136791e+04
1.143040045723136791e+04
1.143040045723136791e+04
1.152716862602574474e+04
1.152716862602574474e+04
1.152716862602574474e+04
1.163753853839156000e+04
1.163753853839156000e+04
1.163753853839156000e+04
1.163753853839156000e+04
1.163753853839156000e+04
1.163753853839156000e+04
1.163753853839156000e+04
1.163753853839156000e+04
1.163753853839156000e+04
1.163753853839156000e+04
1.163753853839156000e+04
1.163753853839156000e+04
1.183449628912966182e+04
1.183449628912966182e+04
1.183449628912966182e+04
1.222458114129730893e+04
1.222458114129730893e+04
1.222458114129730893e+04
1.222458114129730893e+04
1.222458114129730893e+04
1.222458114129730893e+04
1.222458114129730893e+04
1.222458114129730893e+04
1.222458114129730893e+04
1.222458114129730893e+04
1.222458114129730893e+04
1.222458114129730893e+04
1.224098119784931987e+04
1.224098119784931987e+04
1.224098119784931987e+04
1.224528170134486572e+04
1.224528170134486572e+04
1.224528170134486572e+04
1.224528170134486572e+04
1.224528170134486572e+04
1.224528170134486572e+04
1.224528170134486572e+04
1.224528170134486572e+04
1.224528170134486572e+04
1.224528170134486572e+04
1.224528170134486572e+04
1.224528170134486572e+04
1.268318269687895918e+04
1.268318269687895918e+04
1.268318269687895918e+04
1.222871020110533027e+04
1.222871020110533027e+04
1.222871020110533027e+04
1.222871020110533027e+04
1.222871020110533027e+04
1.222871020110533027e+04
1.222871020110533027e+04
1.222871020110533027e+04
1.222871020110533027e+04
1.222871020110533027e+04
1.222871020110533027e+04
1.222871020110533027e+04
1.220885209517116709e+04
1.220885209517116709e+04
1.220885209517116709e+04
1.239977995548304170e+04
1.239977995548304170e+04
1.239977995548304170e+04
1.239977995548304170e+04
1.239977995548304170e+04
1.239977995548304170e+04
1.239977995548304170e+04
1.239977995548304170e+04
1.239977995548304170e+04
1.239977995548304170e+04
1.239977995548304170e+04
1.239977995548304170e+04
1.238873580958524144e+04
1.238873580958524144e+04
1.238873580958524144e+04
1.243596240496123573e+04
1.243596240496123573e+04
1.243596240496123573e+04
1.243596240496123573e+04
1.243596240496123573e+04
1.243596240496123573e+04
1.243596240496123573e+04
1.243596240496123573e+04
1.243596240496123573e+04
1.243596240496123573e+04
1.243596240496123573e+04
1.243596240496123573e+04
1.256540522968841833e+04
1.256540522968841833e+04
1.256540522968841833e+04
1.253437347028347358e+04
1.253437347028347358e+04
1.253437347028347358e+04
1.253437347028347358e+04
1.253437347028347358e+04
1.253437347028347358e+04
1.253437347028347358e+04
1.253437347028347358e+04
1.253437347028347358e+04
1.253437347028347358e+04
1.253437347028347358e+04
1.253437347028347358e+04
1.255422683326969855e+04
1.255422683326969855e+04
1.255422683326969855e+04
1.274493482080352987e+04
1.274493482080352987e+04
1.274493482080352987e+04
1.274493482080352987e+04
1.274493482080352987e+04
1.274493482080352987e+04
1.274493482080352987e+04
1.274493482080352987e+04
1.274493482080352987e+04
1.274493482080352987e+04
1.274493482080352987e+04
1.274493482080352987e+04
1.276081999572092900e+04
1.276081999572092900e+04
1.276081999572092900e+04
1.304271496063280392e+04
1.304271496063280392e+04
1.304271496063280392e+04
1.304271496063280392e+04
1.304271496063280392e+04
1.304271496063280392e+04
1.304271496063280392e+04
1.304271496063280392e+04
1.304271496063280392e+04
1.304271496063280392e+04
1.304271496063280392e+04
1.304271496063280392e+04
1.310640352511931269e+04
1.310640352511931269e+04
1.310640352511931269e+04
1.310640352511931269e+04
1.310640352511931269e+04
1.310640352511931269e+04
1.310640352511931269e+04
1.310640352511931269e+04
1.310640352511931269e+04
1.310640352511931269e+04
1.310640352511931269e+04
1.310640352511931269e+04
1.310640352511931269e+04
1.310640352511931269e+04
1.310640352511931269e+04
1.269159815097743194e+04
1.269159815097743194e+04
1.269159815097743194e+04
1.231802868986474641e+04
1.231802868986474641e+04
1.231802868986474641e+04
1.231802868986474641e+04
1.231802868986474641e+04
1.231802868986474641e+04
1.231802868986474641e+04
1.231802868986474641e+04
1.231802868986474641e+04
1.231802868986474641e+04
1.231802868986474641e+04
1.231802868986474641e+04
1.252728382406481251e+04
1.252728382406481251e+04
1.252728382406481251e+04
1.263736428210379745e+04
1.263736428210379745e+04
1.263736428210379745e+04
1.263736428210379745e+04
1.263736428210379745e+04
1.263736428210379745e+04
1.263736428210379745e+04
1.263736428210379745e+04
1.263736428210379745e+04
1.263736428210379745e+04
1.263736428210379745e+04
1.263736428210379745e+04
1.275517491035902640e+04
1.275517491035902640e+04
1.275517491035902640e+04
1.301421979952907895e+04
1.301421979952907895e+04
1.301421979952907895e+04
1.301421979952907895e+04
1.301421979952907895e+04
1.301421979952907895e+04
1.301421979952907895e+04
1.301421979952907895e+04
1.301421979952907895e+04
1.301421979952907895e+04
1.301421979952907895e+04
1.301421979952907895e+04
1.312645875127790168e+04
1.312645875127790168e+04
1.312645875127790168e+04
1.275739140713737106e+04
1.275739140713737106e+04
1.275739140713737106e+04
1.275739140713737106e+04
1.275739140713737106e+04
1.275739140713737106e+04
1.275739140713737106e+04
1.275739140713737106e+04
1.275739140713737106e+04
1.275739140713737106e+04
1.275739140713737106e+04
1.275739140713737106e+04
1.322046598775833809e+04
1.322046598775833809e+04
1.322046598775833809e+04
1.272677095352263314e+04
1.272677095352263314e+04
1.272677095352263314e+04
1.272677095352263314e+04
1.272677095352263314e+04
1.272677095352263314e+04
1.272677095352263314e+04
1.272677095352263314e+04
1.272677095352263314e+04
1.272677095352263314e+04
1.272677095352263314e+04
1.272677095352263314e+04
1.273212541839466758e+04
1.273212541839466758e+04
1.273212541839466758e+04
1.264304130372188229e+04
1.264304130372188229e+04
1.264304130372188229e+04
1.264304130372188229e+04
1.264304130372188229e+04
1.264304130372188229e+04
1.264304130372188229e+04
1.264304130372188229e+04
1.264304130372188229e+04
1.264304130372188229e+04
1.264304130372188229e+04
1.264304130372188229e+04
1.268102225716379144e+04
1.268102225716379144e+04
1.268102225716379144e+04
1.270419341031152362e+04
1.270419341031152362e+04
1.270419341031152362e+04
1.270419341031152362e+04
1.270419341031152362e+04
1.270419341031152362e+04
1.270419341031152362e+04
1.270419341031152362e+04
1.270419341031152362e+04
1.270419341031152362e+04
1.270419341031152362e+04
1.270419341031152362e+04
1.278310694226247142e+04
1.278310694226247142e+04
1.278310694226247142e+04
1.295998658301368050e+04
1.295998658301368050e+04
1.295998658301368050e+04
1.295998658301368050e+04
1.295998658301368050e+04
1.295998658301368050e+04
1.295998658301368050e+04
1.295998658301368050e+04
1.295998658301368050e+04
1.295998658301368050e+04
1.295998658301368050e+04
1.295998658301368050e+04
1.291112670969732426e+04
1.291112670969732426e+04
1.291112670969732426e+04
1.322684976044186442e+04
1.322684976044186442e+04
1.322684976044186442e+04
1.322684976044186442e+04
1.322684976044186442e+04
1.322684976044186442e+04
1.322684976044186442e+04
1.322684976044186442e+04
1.322684976044186442e+04
1.322684976044186442e+04
1.322684976044186442e+04
1.322684976044186442e+04
1.328352571143038404e+04
1.328352571143038404e+04
1.328352571143038404e+04
1.308146124421989225e+04
1.308146124421989225e+04
1.308146124421989225e+04
1.308146124421989225e+04
1.308146124421989225e+04
1.308146124421989225e+04
1.308146124421989225e+04
1.308146124421989225e+04
1.308146124421989225e+04
1.308146124421989225e+04
1.308146124421989225e+04
1.308146124421989225e+04
1.310518691305820539e+04
1.310518691305820539e+04
1.310518691305820539e+04
1.310518691305820539e+04
1.310518691305820539e+04
1.310518691305820539e+04
1.310518691305820539e+04
1.310518691305820539e+04
1.310518691305820539e+04
1.310518691305820539e+04
1.310518691305820539e+04
1.310518691305820539e+04
1.310518691305820539e+04
1.310518691305820539e+04
1.310518691305820539e+04
1.224721997763338186e+04
1.224721997763338186e+04
1.224721997763338186e+04
1.297095381290173464e+04
1.297095381290173464e+04
1.297095381290173464e+04
1.297095381290173464e+04
1.297095381290173464e+04
1.297095381290173464e+04
1.297095381290173464e+04
1.297095381290173464e+04
1.297095381290173464e+04
1.297095381290173464e+04
1.297095381290173464e+04
1.297095381290173464e+04
1.321193269290568969e+04
1.321193269290568969e+04
1.321193269290568969e+04
1.317666722642378409e+04
1.317666722642378409e+04
1.317666722642378409e+04
1.317666722642378409e+04
1.317666722642378409e+04
1.317666722642378409e+04
1.317666722642378409e+04
1.317666722642378409e+04
1.317666722642378409e+04
1.317666722642378409e+04
1.317666722642378409e+04
1.317666722642378409e+04
1.332467544412088137e+04
1.332467544412088137e+04
1.332467544412088137e+04
1.353894606650320748e+04
1.353894606650320748e+04
1.353894606650320748e+04
1.353894606650320748e+04
1.353894606650320748e+04
1.353894606650320748e+04
1.353894606650320748e+04
1.353894606650320748e+04
1.353894606650320748e+04
1.353894606650320748e+04
1.353894606650320748e+04
1.353894606650320748e+04
1.350898017366833665e+04
1.350898017366833665e+04
1.350898017366833665e+04
1.282318571112732207e+04
1.282318571112732207e+04
1.282318571112732207e+04
1.282318571112732207e+04
1.282318571112732207e+04
1.282318571112732207e+04
1.282318571112732207e+04
1.282318571112732207e+04
1.282318571112732207e+04
1.282318571112732207e+04
1.282318571112732207e+04
1.282318571112732207e+04
1.322851916487616836e+04
1.322851916487616836e+04
1.322851916487616836e+04
1.268965412019498763e+04
1.268965412019498763e+04
1.268965412019498763e+04
1.268965412019498763e+04
1.268965412019498763e+04
1.268965412019498763e+04
1.268965412019498763e+04
1.268965412019498763e+04
1.268965412019498763e+04
1.268965412019498763e+04
1.268965412019498763e+04
1.268965412019498763e+04
1.269520259848393471e+04
1.269520259848393471e+04
1.269520259848393471e+04
1.287235223580902129e+04
1.287235223580902129e+04
1.287235223580902129e+04
1.287235223580902129e+04
1.287235223580902129e+04
1.287235223580902129e+04
1.287235223580902129e+04
1.287235223580902129e+04
1.287235223580902129e+04
1.287235223580902129e+04
1.287235223580902129e+04
1.287235223580902129e+04
1.285253588384849172e+04
1.285253588384849172e+04
1.285253588384849172e+04
1.305526191765283511e+04
1.305526191765283511e+04
1.305526191765283511e+04
1.305526191765283511e+04
1.305526191765283511e+04
1.305526191765283511e+04
1.305526191765283511e+04
1.305526191765283511e+04
1.305526191765283511e+04
1.305526191765283511e+04
1.305526191765283511e+04
1.305526191765283511e+04
1.304042875863268819e+04
1.304042875863268819e+04
1.304042875863268819e+04
1.312908897914500267e+04
1.312908897914500267e+04
1.312908897914500267e+04
1.312908897914500267e+04
1.312908897914500267e+04
1.312908897914500267e+04
1.312908897914500267e+04
1.312908897914500267e+04
1.312908897914500267e+04
1.312908897914500267e+04
1.312908897914500267e+04
1.312908897914500267e+04
1.311249275843165196e+04
1.311249275843165196e+04
1.311249275843165196e+04
1.327765678261130597e+04
1.327765678261130597e+04
1.327765678261130597e+04
1.327765678261130597e+04
1.327765678261130597e+04
1.327765678261130597e+04
1.327765678261130597e+04
1.327765678261130597e+04
1.327765678261130597e+04
1.327765678261130597e+04
1.327765678261130597e+04
1.327765678261130597e+04
1.329133197450070293e+04
1.329133197450070293e+04
1.329133197450070293e+04
1.344524576260344656e+04
1.344524576260344656e+04
1.344524576260344656e+04
1.344524576260344656e+04
1.344524576260344656e+04
1.344524576260344656e+04
1.344524576260344656e+04
1.344524576260344656e+04
1.344524576260344656e+04
1.344524576260344656e+04
1.344524576260344656e+04
1.344524576260344656e+04
1.347354224726792745e+04
1.347354224726792745e+04
1.347354224726792745e+04
1.347354224726792745e+04
1.347354224726792745e+04
1.347354224726792745e+04
1.347354224726792745e+04
1.347354224726792745e+04
1.347354224726792745e+04
1.347354224726792745e+04
1.347354224726792745e+04
1.347354224726792745e+04
1.347354224726792745e+04
1.347354224726792745e+04
1.347354224726792745e+04
1.343498023314195780e+04
1.343498023314195780e+04
1.343498023314195780e+04
1.347298078341672408e+04
1.347298078341672408e+04
1.347298078341672408e+04
1.347298078341672408e+04
1.347298078341672408e+04
1.347298078341672408e+04
1.347298078341672408e+04
1.347298078341672408e+04
1.347298078341672408e+04
1.347298078341672408e+04
1.347298078341672408e+04
1.347298078341672408e+04
1.366707462354002018e+04
1.366707462354002018e+04
1.366707462354002018e+04
1.357742040533257750e+04
1.357742040533257750e+04
1.357742040533257750e+04
1.357742040533257750e+04
1.357742040533257750e+04
1.357742040533257750e+04
1.357742040533257750e+04
1.357742040533257750e+04
1.357742040533257750e+04
1.357742040533257750e+04
1.357742040533257750e+04
1.357742040533257750e+04
1.373889565049588236e+04
1.373889565049588236e+04
1.373889565049588236e+04
1.374544241597049040e+04
1.374544241597049040e+04
1.374544241597049040e+04
1.374544241597049040e+04
1.374544241597049040e+04
1.374544241597049040e+04
1.374544241597049040e+04
1.374544241597049040e+04
1.374544241597049040e+04
1.374544241597049040e+04
1.374544241597049040e+04
1.374544241597049040e+04
1.384276743162021194e+04
1.384276743162021194e+04
1.384276743162021194e+04
1.351869030106575883e+04
1.351869030106575883e+04
1.351869030106575883e+04
1.351869030106575883e+04
1.351869030106575883e+04
1.351869030106575883e+04
1.351869030106575883e+04
1.351869030106575883e+04
1.351869030106575883e+04
1.351869030106575883e+04
1.351869030106575883e+04
1.351869030106575883e+04
1.410163554626373298e+04
1.410163554626373298e+04
1.410163554626373298e+04
1.340525605331415863e+04
1.340525605331415863e+04
1.340525605331415863e+04
1.340525605331415863e+04
1.340525605331415863e+04
1.340525605331415863e+04
1.340525605331415863e+04
1.340525605331415863e+04
1.340525605331415863e+04
1.340525605331415863e+04
1.340525605331415863e+04
1.340525605331415863e+04
1.343583245486698434e+04
1.343583245486698434e+04
1.343583245486698434e+04
1.354714045328881002e+04
1.354714045328881002e+04
1.354714045328881002e+04
1.354714045328881002e+04
1.354714045328881002e+04
1.354714045328881002e+04
1.354714045328881002e+04
1.354714045328881002e+04
1.354714045328881002e+04
1.354714045328881002e+04
1.354714045328881002e+04
1.354714045328881002e+04
1.358501392271759323e+04
1.358501392271759323e+04
1.358501392271759323e+04
1.345984503333149769e+04
1.345984503333149769e+04
