3.924514294467003310e+03
3.894739325551132879e+03
3.836964820583339133e+03
3.808705654148589474e+03
3.741253469043322639e+03
3.694610889433966804e+03
3.655282094553902425e+03
3.601430871516620300e+03
3.551488356447948263e+03
3.503143777616309762e+03
3.463123230547033472e+03
3.416664230356346707e+03
3.365321010297584053e+03
3.316732282112109715e+03
3.272923764226051844e+03
3.231077999273547448e+03
3.194125399620569169e+03
3.143777543830668037e+03
3.100821960859534101e+03
3.049574063505885533e+03
3.008544841602099950e+03
2.968475980506205815e+03
2.932649873820189441e+03
2.889194700552366157e+03
2.833782747145427948e+03
2.771207863138047742e+03
2.718145335228697149e+03
2.677175697458902050e+03
2.635747083975498299e+03
2.589005407063787061e+03
2.544329484732250421e+03
2.499256731858642524e+03
2.451422288466548252e+03
2.398848465671429040e+03
2.343826319356680415e+03
2.307266149708706052e+03
2.253679309889857905e+03
2.206171099351759040e+03
2.161594806453775618e+03
2.131719226369424177e+03
2.081150121559377567e+03
2.037366732600425848e+03
1.983969935010709378e+03
1.943784758809489404e+03
1.900262741915997140e+03
1.848042407792967424e+03
1.806527379343411212e+03
1.758485995257425657e+03
1.708951637390199039e+03
1.668142052073665809e+03
1.616305561325082181e+03
1.579604348554030366e+03
1.528032693490869406e+03
1.482227444025236991e+03
1.431307985291427485e+03
1.392734178805693773e+03
1.346054770423803575e+03
1.306984652822677617e+03
1.251071560904732678e+03
1.206012677984717129e+03
1.163328253707082695e+03
1.124270917227255723e+03
1.073202427885269117e+03
1.026450825921395108e+03
9.804809683456815037e+02
9.399163269793311883e+02
8.868152833469846428e+02
8.450843486825406217e+02
7.980092233432842477e+02
7.541708357733026560e+02
7.047914480197320017e+02
6.544336942821038292e+02
6.099227352992112401e+02
5.679142343992872384e+02
5.224220255975581040e+02
4.844168785391517531e+02
4.390252882319925902e+02
3.935175743540778512e+02
3.437411928718083232e+02
