-3.904529553844817656e+03
-3.832839901817276314e+03
-3.786547665582689206e+03
-3.739745567115603990e+03
-3.701232848251512223e+03
-3.664700008591672940e+03
-3.628992893295720478e+03
-3.594432469542092804e+03
-3.569413311630418775e+03
-3.563145803679812616e+03
-3.559855244288676658e+03
-3.551200820337607638e+03
-3.546988814673859906e+03
-3.545595442883690339e+03
-3.561145666335523856e+03
-3.589534482559141907e+03
-3.608700684973530770e+03
-3.622682724014536689e+03
-3.636186169597421667e+03
-3.646129581341306221e+03
-3.646842580293273386e+03
-3.653416111508805443e+03
-3.676957403254424662e+03
-3.701662629078110513e+03
-3.706638363006848067e+03
-3.703947302963227685e+03
-3.696156478987852097e+03
-3.704847681328070394e+03
-3.702285460662426431e+03
-3.704445138759756901e+03
-3.710417980939482277e+03
-3.716167996648566714e+03
-3.710125797854886514e+03
-3.712941236635803762e+03
-3.713210937661633125e+03
-3.700104528740957903e+03
-3.702607366275266031e+03
-3.700556242260804538e+03
-3.705053466116952677e+03
-3.702575910284315341e+03
-3.705889802987967414e+03
-3.720308097995113712e+03
-3.724716020678277346e+03
-3.720779130715562587e+03
-3.711829754920750474e+03
-3.720082388312839157e+03
-3.720303170891993432e+03
-3.711302567924152754e+03
-3.704297607037336093e+03
-3.714785923931533034e+03
-3.728868931007130868e+03
-3.723988091047420312e+03
-3.726973416698734582e+03
-3.719380507904018032e+03
-3.713278195717290146e+03
-3.720094382202552424e+03
-3.727220052558131101e+03
-3.742866947524066290e+03
-3.745859227825196285e+03
-3.756152858303413723e+03
-3.765090816519471900e+03
-3.773563394597275874e+03
-3.772140071012850058e+03
-3.767890464989522116e+03
-3.763724838918074511e+03
-3.763314128746789720e+03
-3.771407544511259857e+03
-3.775698516936670330e+03
-3.768196303649658148e+03
-3.778443146146199069e+03
-3.782490286912818647e+03
-3.790318250241121859e+03
-3.787996664790274735e+03
-3.796529884284716445e+03
-3.798464686263831936e+03
-3.788879102206309653e+03
-3.781028270038314076e+03
-3.792285477580320730e+03
-3.795236692734290500e+03
-3.791601915463621935e+03
-3.799731465492026018e+03
-3.803750322387022152e+03
-3.798850655019622536e+03
-3.799324351506859330e+03
-3.791755935773648616e+03
-3.773455613448208169e+03
-3.777419825281659541e+03
-3.782655205541732812e+03
-3.791431618089334279e+03
-3.793584293152071950e+03
-3.775244179616178826e+03
-3.779725872911129045e+03
-3.790544495035906948e+03
-3.783870290902762463e+03
-3.777633984258610326e+03
-3.774880704766952022e+03
-3.774469749394635983e+03
-3.760267915669000558e+03
-3.751802253832093356e+03
-3.747462680547620039e+03
-3.739391746813489590e+03
-3.740066305187351190e+03
-3.723644765262945839e+03
-3.734013450260039917e+03
-3.736947766183437125e+03
-3.743547260834944609e+03
-3.734661204468892720e+03
-3.725092443690384243e+03
-3.725495898863611274e+03
-3.719259548056427320e+03
-3.717279262176460179e+03
-3.712311065473950293e+03
-3.712336445520941197e+03
-3.710319421062929450e+03
-3.694879555164734029e+03
-3.693434009388968207e+03
-3.698895216190614974e+03
-3.697506000913346725e+03
-3.685592450193493733e+03
-3.685592450193493733e+03
-3.682949259977637666e+03
-3.686992591208699196e+03
-3.683807007741169855e+03
-3.680626691173489235e+03
-3.684426699437523439e+03
-3.692180864998690140e+03
-3.701321150901055262e+03
-3.700444088868962808e+03
-3.708670917620926502e+03
-3.704197295577177101e+03
-3.698289423263396202e+03
-3.686104338625893433e+03
-3.668355216291674878e+03
-3.656862508574200092e+03
-3.652806632411457940e+03
-3.646472171839214752e+03
-3.652116662415501196e+03
-3.662486611640030333e+03
-3.648675079918993106e+03
-3.644914685435289357e+03
-3.638638158241027213e+03
-3.640853378782784148e+03
-3.644862610646595840e+03
-3.636115837535792252e+03
-3.627234221246369543e+03
-3.620599668190621742e+03
-3.614886314768515604e+03
-3.610557348457860826e+03
-3.614276029125038349e+03
-3.617206580623821083e+03
-3.615841693137882430e+03
-3.618619730856413753e+03
-3.604656380990820253e+03
-3.600862517790341371e+03
-3.598021446860269862e+03
-3.590399467868918236e+03
-3.572505857057474259e+03
-3.557884939083053723e+03
-3.552860532058788522e+03
-3.542672257800043099e+03
-3.531305590769303762e+03
-3.535755772242203875e+03
-3.535179153050778496e+03
-3.540903495307090452e+03
-3.532818695733506047e+03
-3.545770039973287112e+03
-3.547216484964500978e+03
-3.550130007953923723e+03
-3.537095439078767868e+03
-3.535734689011530463e+03
-3.520992213467335660e+03
-3.514201015579335490e+03
-3.506036639537075644e+03
-3.498469335838922689e+03
-3.480198984329592349e+03
-3.476009561736767409e+03
-3.467490931471672411e+03
-3.471511527098906299e+03
-3.457445200263329298e+03
-3.453480587921924325e+03
-3.442993782029644535e+03
-3.428191276580586418e+03
-3.412854712516725613e+03
-3.401067158010160256e+03
-3.412161021601509219e+03
-3.407424656725670502e+03
-3.414551761389375315e+03
-3.411542911275461847e+03
-3.408551410943141946e+03
-3.404106102704901787e+03
-3.400066890261715798e+03
-3.394278738766102833e+03
-3.400077191483947445e+03
-3.396668961778628272e+03
-3.407201421853773809e+03
-3.413825376517923814e+03
-3.397410805976274332e+03
-3.407898619955030426e+03
-3.405318602958988322e+03
-3.403645524991080492e+03
-3.403482058358683389e+03
-3.404641814130894545e+03
-3.416509183688121993e+03
-3.414413826105355383e+03
-3.416103899245795674e+03
-3.403907864195675756e+03
-3.388510824327664523e+03
-3.388094317980995584e+03
-3.383991190865704993e+03
-3.387874707612889324e+03
-3.390691506768439012e+03
-3.390047724496294450e+03
-3.386151945542951125e+03
-3.376007227319017147e+03
-3.371024157328259662e+03
-3.378100012793475344e+03
-3.385153060937872851e+03
-3.376808612981855731e+03
-3.376087241317621647e+03
-3.371238700042529672e+03
-3.370216293767593925e+03
-3.354526137050778743e+03
-3.340258193778623536e+03
-3.344631623986138038e+03
-3.338664741873296407e+03
-3.336709238950400959e+03
-3.336093507132794912e+03
-3.340655525907317042e+03
-3.331702318233664755e+03
-3.318732945534778082e+03
-3.305218784906359815e+03
-3.298159339749688570e+03
-3.288512760906782660e+03
-3.291644126631363633e+03
-3.291969368949161890e+03
-3.301198409493656527e+03
-3.289990396191887612e+03
-3.290542095677118596e+03
-3.289017057821636172e+03
-3.289017057821636172e+03
-3.275271617468736167e+03
-3.266439201673599655e+03
-3.271838800765355245e+03
-3.251712275902544661e+03
-3.249818552796747554e+03
-3.229603532462283511e+03
-3.223905604455578214e+03
-3.206587726251113054e+03
-3.199937980629581034e+03
-3.198426541015226121e+03
-3.189580110910769235e+03
-3.169600290260490510e+03
-3.161952078845152755e+03
-3.145115884889846711e+03
-3.144204262668233241e+03
-3.146192381429013494e+03
-3.128050593219485108e+03
-3.128585649210680458e+03
-3.124134594382896012e+03
-3.121804786088424862e+03
-3.110308710922308819e+03
-3.100470501040538238e+03
-3.103692212661391750e+03
-3.098209863551734088e+03
-3.084864373492135201e+03
-3.086789149292592356e+03
-3.086053202431503905e+03
-3.067849104039017220e+03
-3.071143358949331741e+03
-3.061870629858336997e+03
-3.053727025241205411e+03
-3.037301191127115544e+03
-3.030261782115228925e+03
-3.026316896987596010e+03
-3.016056898208939401e+03
-3.016858058405262909e+03
-3.016254745873044612e+03
-2.998036938327803909e+03
-2.998116095336033140e+03
-2.988417177173490927e+03
-2.990675405191959726e+03
-2.977501093271005175e+03
-2.961763014463672789e+03
-2.963141784477821602e+03
-2.960998095380515224e+03
-2.954790252635731122e+03
-2.940986288591001539e+03
-2.924618690936042185e+03
-2.917757535637368619e+03
-2.904556464905246685e+03
-2.900213515132972589e+03
-2.901138910181835399e+03
-2.898532950226051071e+03
-2.893250668768321702e+03
-2.895410215916899688e+03
-2.881523611218548922e+03
-2.870350668828155449e+03
-2.862925320418585216e+03
-2.864428040883924950e+03
-2.850035531466364318e+03
-2.853260055964217372e+03
-2.845330597628212217e+03
-2.845419950082044579e+03
-2.833371513191294980e+03
-2.831870618358580032e+03
-2.813551770600542113e+03
-2.817310108787351510e+03
-2.814042365951794636e+03
-2.798169008494305217e+03
-2.787998011497715652e+03
-2.774951604929041423e+03
-2.771848709918609529e+03
-2.767133883216139111e+03
-2.756248762943618203e+03
-2.756223240970962706e+03
-2.744940543616945888e+03
-2.734349297265848236e+03
-2.741468834550356860e+03
-2.738022280814574060e+03
-2.733367792312552865e+03
-2.727875928915325403e+03
-2.730275642911099567e+03
-2.718836503864424230e+03
-2.714706790403722607e+03
-2.714576224415683555e+03
-2.698751445944790703e+03
-2.691760889157716974e+03
-2.673627839371841219e+03
-2.659356125810073991e+03
-2.649308247082760317e+03
-2.638862655678769897e+03
-2.635987881313199068e+03
-2.627790730339511356e+03
-2.617051557147362018e+03
-2.617966356781607374e+03
-2.614476030787693162e+03
-2.597832213451388725e+03
-2.595979597094601104e+03
-2.588707753868670807e+03
-2.581762546846739951e+03
-2.580219008537090758e+03
-2.560041008500967564e+03
-2.559039746935560288e+03
-2.553132271796800524e+03
-2.539329804051804331e+03
-2.526373566288860275e+03
-2.520523333472760442e+03
-2.506755931007793606e+03
-2.499797146207714832e+03
-2.491963119855540754e+03
-2.498059386657228060e+03
-2.503840476930371096e+03
-2.503061269823895145e+03
-2.502286986983396218e+03
-2.498663385143628602e+03
-2.490920301487190955e+03
-2.489376057648757978e+03
-2.483300779225158294e+03
-2.480680453857482917e+03
-2.480680453857482917e+03
-2.463306816667931344e+03
-2.458046419385743320e+03
-2.447876999622510084e+03
-2.446335747248215739e+03
-2.440197028113835131e+03
-2.443805534113132126e+03
-2.429603193304831166e+03
-2.426293228502794591e+03
-2.415181277307045548e+03
-2.412724564780634864e+03
-2.402189454272845524e+03
-2.407739300277922666e+03
-2.401006364292478793e+03
-2.391183453073176224e+03
-2.378092096365254747e+03
-2.362818083477071923e+03
-2.361212683216836012e+03
-2.344456734723150930e+03
-2.330057741778291529e+03
-2.325937108397012707e+03
-2.322035206342619858e+03
-2.315630778349785487e+03
-2.309828761214848328e+03
-2.308396612011177240e+03
-2.299160320933701314e+03
-2.294822638667755655e+03
-2.282172510630466149e+03
-2.284369653583450145e+03
-2.286378457464780695e+03
-2.286132226283980799e+03
-2.278640921205238556e+03
-2.267918897448998905e+03
-2.263073251181539490e+03
-2.245939682075996643e+03
-2.233012974880035472e+03
-2.235878050282644836e+03
-2.224449515974148198e+03
-2.221236205093106037e+03
-2.216034067644988227e+03
-2.214828749653580871e+03
-2.211011228588892664e+03
-2.199172303419521995e+03
-2.206967675981018147e+03
-2.209475449444036713e+03
-2.207450614963668613e+03
-2.199305855411364064e+03
-2.182640822773678792e+03
-2.172151134973246826e+03
-2.172071719723347087e+03
-2.161949823187857419e+03
-2.159318946746504025e+03
-2.142509558572035075e+03
-2.144164130297472184e+03
-2.139113057380718146e+03
-2.134917918650980482e+03
-2.124151128434761176e+03
-2.107906715411229925e+03
-2.103517136265262252e+03
-2.092947632304275430e+03
-2.084039546804272504e+03
-2.074596738361794451e+03
-2.065132688311863603e+03
-2.061626442553991183e+03
-2.057110568590456751e+03
-2.056960419061798802e+03
-2.060388731194041611e+03
-2.050836182758970608e+03
-2.042962760137062787e+03
-2.038112731264743161e+03
-2.026125823871464263e+03
-2.013897958670422213e+03
-2.005556832687464748e+03
-2.001562153833422371e+03
-1.985968227169900274e+03
-1.974294380346824710e+03
-1.969089919137526749e+03
-1.961756118786019897e+03
-1.958930491777899533e+03
-1.959833346340381013e+03
-1.960011940151500085e+03
-1.948098053866063992e+03
-1.946799919864350386e+03
-1.941141479208841474e+03
-1.943718715080797892e+03
-1.930300054198647558e+03
-1.929772090935108281e+03
-1.933391539676690172e+03
-1.919662450012736826e+03
-1.904200392511733526e+03
-1.893614491126699477e+03
-1.880783498557436815e+03
-1.877786226383611393e+03
-1.864902971903215985e+03
-1.862215394874594494e+03
-1.860686079568116611e+03
-1.859292258546723133e+03
-1.853946602619953637e+03
-1.847928819717663373e+03
-1.840747114980993047e+03
-1.833348536073377545e+03
-1.835752768203460164e+03
-1.823957477219515795e+03
-1.828988436319304810e+03
-1.832005062061675517e+03
-1.819850695956942900e+03
-1.815569035970577488e+03
-1.809147328242327376e+03
-1.805262541368516167e+03
-1.799269767545072455e+03
-1.799665476231038838e+03
-1.782037373563342271e+03
-1.771208277789989552e+03
-1.762506483078953352e+03
-1.744666090314901794e+03
-1.742175875994644002e+03
-1.736739821086237498e+03
-1.727345979520204764e+03
-1.713658199661620756e+03
-1.715515224283775751e+03
-1.715515224283775751e+03
-1.708570922052662581e+03
-1.693073102851094973e+03
-1.682328749200569291e+03
-1.682832065968227198e+03
-1.667147189718868503e+03
-1.649757724654556796e+03
-1.643194805788195254e+03
-1.638767222677508926e+03
-1.633790913232648791e+03
-1.630092642988337730e+03
-1.627468392703379095e+03
-1.620711956099397412e+03
-1.613989000063685580e+03
-1.603589073149075602e+03
-1.590230025834118806e+03
-1.596168490231718351e+03
-1.595313520268029151e+03
-1.594305630796211744e+03
-1.583973225289102857e+03
-1.581428788321926504e+03
-1.578888329176064644e+03
-1.571752947572451831e+03
-1.573257724154870402e+03
-1.567154266263423551e+03
-1.553605114729055686e+03
-1.537908737495078640e+03
-1.530815546630792142e+03
-1.524286178771075583e+03
-1.510879313772024034e+03
-1.510852643719947082e+03
-1.494604685312244101e+03
-1.490264835100697610e+03
-1.482940827360628418e+03
-1.465429306443629230e+03
-1.464019037943106241e+03
-1.457351201061216443e+03
-1.454019654011477769e+03
-1.455734904881968305e+03
-1.450112969748071919e+03
-1.434967078189349877e+03
-1.417870758281938151e+03
-1.415916532668224363e+03
-1.416686061788328516e+03
-1.402198076305414361e+03
-1.387972505341701662e+03
-1.377322254218858689e+03
-1.370564594238079280e+03
-1.366969274561870861e+03
-1.362317330469860508e+03
-1.349359542822366620e+03
-1.333200481566297867e+03
-1.322116600812945762e+03
-1.311030502510890301e+03
-1.309720358893327102e+03
-1.313394011256649264e+03
-1.307872308025059056e+03
-1.312387379454754637e+03
-1.315840767336101180e+03
-1.306089619077958105e+03
-1.294054645637270141e+03
-1.283341420934647886e+03
-1.270480008041790597e+03
-1.271359961070432746e+03
-1.261774439611917842e+03
-1.248371460523988844e+03
-1.250367347750233421e+03
-1.248952338234076706e+03
-1.249998597772238782e+03
-1.235916681019130465e+03
-1.230658575517077907e+03
-1.221680770208056629e+03
-1.220607085733477334e+03
-1.219857022340588173e+03
-1.219043568539860189e+03
-1.222856541691978009e+03
-1.220304004467021514e+03
-1.211723633438943125e+03
-1.204732282531384044e+03
-1.201918405261091493e+03
-1.202122533927181621e+03
-1.194991406480843580e+03
-1.183583950231188055e+03
-1.170519510612472459e+03
-1.170581403694604660e+03
-1.163798856644037414e+03
-1.151139763138806302e+03
-1.150210997952837261e+03
-1.136448324841578824e+03
-1.131576952114254709e+03
-1.130695254825186566e+03
-1.123630704453497174e+03
-1.115106858399712337e+03
-1.101873514249562277e+03
-1.096172991559619504e+03
-1.089536726803125930e+03
-1.077616188924242351e+03
-1.071338707752093342e+03
-1.057088911229794121e+03
-1.050983216015442622e+03
-1.041297431976667895e+03
-1.036662601011948482e+03
-1.034068574813165242e+03
-1.023444919723157568e+03
-1.013064613404672627e+03
-1.008772241392577712e+03
-1.003287456179263586e+03
-9.938932580696950936e+02
-9.939436391890004643e+02
-9.896813260059828963e+02
-9.822085670326637228e+02
-9.834314984178678287e+02
-9.817386053222334112e+02
-9.758543017648557907e+02
-9.699803328045363742e+02
-9.647653008390880132e+02
-9.644212337446010679e+02
-9.598935793461239427e+02
-9.574515633942642125e+02
-9.517979505517751022e+02
-9.517979505517751022e+02
-9.503693913647392719e+02
-9.458270695519424862e+02
-9.402795270242162360e+02
-9.347978908240257852e+02
-9.272757435307455580e+02
-9.163296865894460552e+02
-9.139902959929220287e+02
-9.096382215793040587e+02
-9.036270373569730054e+02
-9.031229544082974598e+02
-8.971411556825615889e+02
-8.920237633301592268e+02
-8.842842465952895736e+02
-8.798205149851836495e+02
-8.758433992257179170e+02
-8.623728320461860903e+02
-8.502708943758852911e+02
-8.441853240430822325e+02
-8.425591568074576116e+02
-8.398640149982421690e+02
-8.318780059058431107e+02
-8.290381383293128010e+02
-8.153626207954334859e+02
-8.127745220856569404e+02
-7.983736875615195459e+02
-7.856696368927099456e+02
-7.841035759184401286e+02
-7.785650749453086519e+02
-7.638906882778593399e+02
-7.494855625276204592e+02
-7.337161508789123445e+02
-7.304655473758107291e+02
-7.210444732267558265e+02
-7.131465719946623949e+02
-7.118510851314450747e+02
-6.986517885162049879e+02
-6.843151558153308542e+02
-6.740864403386699450e+02
-6.701332813120791343e+02
-6.619530029957971919e+02
-6.567900019158018949e+02
-6.656632265112035611e+02
-6.577013962159749099e+02
-6.587325656954639044e+02
-6.541324164441144831e+02
-6.474820302183794638e+02
-6.400523414740004000e+02
-6.229503658163298496e+02
-6.161552724256257534e+02
-6.083683504256349579e+02
-5.965084535418768610e+02
-5.842676167223746688e+02
-5.747650507971009120e+02
-5.738139202484485395e+02
-5.627594431821328271e+02
-5.595573754605296699e+02
-5.515988202320020264e+02
-5.513088602687565754e+02
-5.467742334594263411e+02
-5.379226893049957425e+02
-5.337194206317931275e+02
-5.299315111501887259e+02
-5.259470771337263386e+02
-5.261412834634916180e+02
-5.226331855336380841e+02
-5.176052506514173501e+02
-5.055036088659841766e+02
-4.938391860971192386e+02
-4.843047898641399911e+02
-4.830113457392559440e+02
-4.835904137479437281e+02
-4.836815658134983664e+02
-4.758505436103711759e+02
-4.724437071109106796e+02
-4.603062070738646980e+02
-4.599725705469696777e+02
-4.515979696301118906e+02
-4.440914748740682967e+02
-4.330168989136877826e+02
-4.302441481481950518e+02
-4.269789434746810457e+02
-4.240701786247439031e+02
-4.238483704237580696e+02
-4.220975189791274147e+02
-4.177388566794894018e+02
-4.061545801498934338e+02
-4.047791114109268165e+02
-4.000417758464613485e+02
-3.898777464560233739e+02
-3.808807822572868531e+02
-3.777626529517903577e+02
-3.657165388413462779e+02
-3.572201621406690606e+02
-3.522170137951148945e+02
-3.449525530791296433e+02
-3.430335391260803135e+02
-3.344253251359536989e+02
-3.289488084182870580e+02
-3.174645586849467236e+02
-3.039858518118313668e+02
-2.908282301766330988e+02
-2.810033297642202115e+02
-2.698435676717987803e+02
-2.656014596863079760e+02
-2.561855005748346912e+02
-2.554086220734138806e+02
-2.533071090178352733e+02
-2.474154439718387835e+02
-2.345286727858739084e+02
-2.313894055273487140e+02
-2.225802653849036687e+02
-2.162742018079852926e+02
-2.046826553273838840e+02
-2.013014790577622364e+02
-1.927855488839185512e+02
-1.907705337974979045e+02
-1.831051064210253401e+02
-1.759326081698529549e+02
-1.723853033612679155e+02
-1.723853033612679155e+02
-1.621368283781079924e+02
-1.557180450594937611e+02
-1.445835470067025597e+02
-1.434688623288963640e+02
-1.386792718956158410e+02
-1.307983986813205775e+02
-1.199340549333521722e+02
-1.173241413575328238e+02
-1.162060879336840884e+02
-1.051948430623541242e+02
-9.468571527619198491e+01
-9.099964666952372738e+01
-8.801821584578398472e+01
-8.510675259616007793e+01
-8.250287818990850042e+01
-7.721871678952619789e+01
-6.929236210705019516e+01
-6.722462096702771817e+01
-5.685389974481831388e+01
-5.109578172675156083e+01
-3.851713112596927147e+01
-2.708817391475995251e+01
-1.999105014460388219e+01
-1.359372894621225569e+01
-1.178717222809704879e+01
-1.021370400400869016e+01
-9.324541544752147360e+00
-4.835722920989049989e+00
-8.747037861634603395e-01
1.075150893512406824e+01
1.428912101931224576e+01
2.074342706369088063e+01
2.233232657696574108e+01
2.846421400502476828e+01
3.869012460637554085e+01
5.000320521431672915e+01
5.661545231102245168e+01
6.641823992474695615e+01
7.311255062910944957e+01
7.801432840850569050e+01
8.400614612834689865e+01
9.065855531523399691e+01
9.408091042330030973e+01
1.001357836597766493e+02
1.049376520752107496e+02
1.098705297036943733e+02
1.186310410795259713e+02
1.286682978482469366e+02
1.348531396595113847e+02
1.377600267370433187e+02
1.424427844940572925e+02
1.493088148099411114e+02
1.605421919138674980e+02
1.694283894517418787e+02
1.804640938203749272e+02
1.882819640825894965e+02
1.960601399719305391e+02
2.001999701981978887e+02
2.033713882789170100e+02
2.127397759870813729e+02
2.200640777120192126e+02
2.293782535725881644e+02
2.357438377945915988e+02
2.442325339101338386e+02
2.462096514240904241e+02
2.524457293632056576e+02
2.545594570357553437e+02
2.618416177502675737e+02
2.695694645548742869e+02
2.721044708721080951e+02
2.801267593048916638e+02
2.852533062958827372e+02
2.908787406565849096e+02
2.996665764977205981e+02
3.090430091559509265e+02
3.167208671561306801e+02
3.238062016093417128e+02
3.281650132567543778e+02
3.359117346904191095e+02
3.399925699788843758e+02
3.483261310087924585e+02
3.541055675863722172e+02
3.621658819195092747e+02
3.672474983079440563e+02
3.786043562983191464e+02
3.822941262457600828e+02
3.896788943903633253e+02
3.965600741298597995e+02
4.032380696654514622e+02
4.064975945572539331e+02
4.136809382950131635e+02
4.172385080644821755e+02
4.212649753284147209e+02
4.248992335302257857e+02
4.308006936737302226e+02
4.383734363887789982e+02
4.447080513595192883e+02
4.537864051557099856e+02
4.591149554379952633e+02
4.653091308062632265e+02
4.705683770902714400e+02
4.789020585429713606e+02
4.853071606780383718e+02
4.885610897623108144e+02
4.913256480351161599e+02
4.982965772658683363e+02
5.023495817968860138e+02
5.116680922950886270e+02
5.223433293935984238e+02
5.261516904804686874e+02
5.310703800411196198e+02
5.347230096740033787e+02
5.394307952849759431e+02
5.463742074164836140e+02
5.515322821138490781e+02
5.554397698818353319e+02
5.654770310674658731e+02
5.729719189764950897e+02
5.833935783265573036e+02
5.833935783265573036e+02
5.952226613075641808e+02
6.060333282588071597e+02
6.106689155568400338e+02
6.197100258521818432e+02
6.260430513701891186e+02
6.349653148099565669e+02
6.421669291018486092e+02
6.484414408609029579e+02
6.539078345429551291e+02
6.622694486847583448e+02
6.688783324846878031e+02
6.732739034413203854e+02
6.849251414177078914e+02
6.919694934947577849e+02
7.025216701457351292e+02
7.082445218172045998e+02
7.158371677724221627e+02
7.175451859688793093e+02
7.196507599718324855e+02
7.225305317956574527e+02
7.337718781585400620e+02
7.416351405769644316e+02
7.459555430888198089e+02
7.566588110167135710e+02
7.586173489267104060e+02
7.642866763445339302e+02
7.675617700782435122e+02
7.753803969863707835e+02
7.784464737041662374e+02
7.835615754000184552e+02
7.884301530454226850e+02
7.933651308474909456e+02
8.012981467186220925e+02
8.056802588712821489e+02
8.136361703615183387e+02
8.252304860854643493e+02
8.350558931575932320e+02
8.425803151655045440e+02
8.494712921428193795e+02
8.515391264929036197e+02
8.574670520971492351e+02
8.671080635992550469e+02
8.758299461312083167e+02
8.857592092289481798e+02
8.882190359985546593e+02
8.962009687380851801e+02
9.011230222305995312e+02
9.089218778958962730e+02
9.148782234176252359e+02
9.169262148007444466e+02
9.243823157591706376e+02
9.263886635631137096e+02
9.292945129051241793e+02
9.368255403179566656e+02
9.450292035412486484e+02
9.499030167878212296e+02
9.571320302342757032e+02
9.650596877315983875e+02
9.713092907829176283e+02
9.803477268683560624e+02
9.879734629810620845e+02
9.925778139882412461e+02
9.972303022273712259e+02
1.003832715553734488e+03
1.011552923626948086e+03
1.016812950349416383e+03
1.023891380609839757e+03
1.026789929879961846e+03
1.035776976711202224e+03
1.040478187053272222e+03
1.047840833283671600e+03
1.056899936851853226e+03
1.064986089219527003e+03
1.069087946513573343e+03
1.074869399075566662e+03
1.083421021225140748e+03
1.092326008063333120e+03
1.100752351167522193e+03
1.108719667335524036e+03
1.111961359272612981e+03
1.119025398323550917e+03
1.127853261901938822e+03
1.134058975745691669e+03
1.140221174804208886e+03
1.144174120506634381e+03
1.152218200406955930e+03
1.157916409684045220e+03
1.164097310549587291e+03
1.165153318137568704e+03
1.170832432947064717e+03
1.173412431033569192e+03
1.179880951525577984e+03
1.186104871657365948e+03
1.193944102709966955e+03
1.198943807860298875e+03
1.204651177548644000e+03
1.213352832425716770e+03
1.221920516118231262e+03
1.227532024684210228e+03
1.233645345700016833e+03
1.237423161857153673e+03
1.247665825480233252e+03
1.256414260318543711e+03
1.263146501276131630e+03
1.272720363930126950e+03
1.275908186340096563e+03
1.279555348947691755e+03
1.286532295445073260e+03
1.290349005432394733e+03
1.293033647623936531e+03
1.299018757798734214e+03
1.310965177054893275e+03
1.314364108250054414e+03
1.324202517610621271e+03
1.332432913550257354e+03
1.339709758080547545e+03
1.343784996420582502e+03
1.348186801650717143e+03
1.354282074899962936e+03
1.354282074899962936e+03
1.360497764040189850e+03
1.367222003696388128e+03
1.376403049401767021e+03
1.387605384116824553e+03
1.390630096320680195e+03
1.393200145976935801e+03
1.405101270008839492e+03
1.409950595460174782e+03
1.419096797236177963e+03
1.427607945149884245e+03
1.430741410515692223e+03
1.435775498511115302e+03
1.442807005069813840e+03
1.451192099754089213e+03
1.458382450239328364e+03
1.466156667773280788e+03
1.469608527624073304e+03
1.472799679414522416e+03
1.475630235382909632e+03
1.479706102601381872e+03
1.485865355728202985e+03
1.491745871606763330e+03
1.503413508522452275e+03
1.514355024140223577e+03
1.517831192507793503e+03
1.527554496292327940e+03
1.532317752819731140e+03
1.540471096440739075e+03
1.548673300777682471e+03
1.557432032778239318e+03
1.566645640297689170e+03
1.575318142117249636e+03
1.576133830064638914e+03
1.582781643840973857e+03
1.584666910346841860e+03
1.590709957402025566e+03
1.594308088209561447e+03
1.599563731880769410e+03
1.604430715290766102e+03
1.608008964597217755e+03
1.617433262312238639e+03
1.624763240325389461e+03
1.632925302116954299e+03
1.640294805473512042e+03
1.646434981977736470e+03
1.654405082716250035e+03
1.663329743347122758e+03
1.665349130930400406e+03
1.672174328091786492e+03
1.679368383774684844e+03
1.685849354360706684e+03
1.692599862141129961e+03
1.698031905176748978e+03
1.703148789166048573e+03
1.713256715431412886e+03
1.718805897691814607e+03
1.728807430129870454e+03
1.734903457380938562e+03
1.739147658530699800e+03
1.745229974762959500e+03
1.752820487243943489e+03
1.759140955295943058e+03
1.765606766592293297e+03
1.775447208539632356e+03
1.782273883698566124e+03
1.792022006334017760e+03
1.798616135185618305e+03
1.801943791096859968e+03
1.804512802209593929e+03
1.808148571881076350e+03
1.812841665637480446e+03
1.821133792746802783e+03
1.826703992785732225e+03
1.830655440917141732e+03
1.841858022869094157e+03
1.850417095020899524e+03
1.855286649929430496e+03
1.861541131961907922e+03
1.864388131454511949e+03
1.870876469599000984e+03
1.881970653546268522e+03
1.888939313351148712e+03
1.895426238858689885e+03
1.905510459705436006e+03
1.910055448668911367e+03
1.917174627718943839e+03
1.923949255902310142e+03
1.929972457185113626e+03
1.937965160459562412e+03
1.943049352567658161e+03
1.951726129523737427e+03
1.954965006960705978e+03
1.960720740964384959e+03
1.964502475927756450e+03
1.966725997570046729e+03
1.971798729977296034e+03
1.981105247909598575e+03
1.989662274372567026e+03
1.995508951536565974e+03
2.001193988374179753e+03
2.011073580746266771e+03
2.019998871687491373e+03
2.023258680019945132e+03
2.032521080961286771e+03
2.035102647573971353e+03
2.041291094365934669e+03
2.046025103012899081e+03
2.051750361842572602e+03
2.057961772752123125e+03
2.066283632920317359e+03
2.071730017418210991e+03
2.074828681484265417e+03
2.082245215847128293e+03
2.084212424071454734e+03
2.092221075538470359e+03
2.094743126770623803e+03
2.101710359089279791e+03
2.109895068866819656e+03
2.120354915642075866e+03
2.120354915642075866e+03
2.129154801241023051e+03
2.139141140458935297e+03
2.147801072097139240e+03
2.150257258994858603e+03
2.160236679590277163e+03
2.171588557284269427e+03
2.176322535143448476e+03
2.181068838024370507e+03
2.187129867891008871e+03
2.193813073447035094e+03
2.197520871156428711e+03
2.207252727360010795e+03
2.211573266079808491e+03
2.219884081953683562e+03
2.223097024888331362e+03
2.228626540743837268e+03
2.237406968915803645e+03
2.246075310000338959e+03
2.248205821947716686e+03
2.255992279138709364e+03
2.266028238402494026e+03
2.275937798550546177e+03
2.279264555214661414e+03
2.282848790903010013e+03
2.293766311864664203e+03
2.294786058924008103e+03
2.300911817317454734e+03
2.308889831164954103e+03
2.314691580206659182e+03
2.320686550586276553e+03
2.325788199944330700e+03
2.328974731623589832e+03
2.332333817266398910e+03
2.336008675564595706e+03
2.339479522005849049e+03
2.349757462387226042e+03
2.357947822241422273e+03
2.362473551029620012e+03
2.365808854559843894e+03
2.370141409189331171e+03
2.378860045610696034e+03
2.391805297934530245e+03
2.398071764582061860e+03
2.404924111400938273e+03
2.409257783662425936e+03
2.419284604377640790e+03
2.427153900919375246e+03
2.434683113992231938e+03
2.442257441705501606e+03
2.450837446938647190e+03
2.457273462367401407e+03
2.466663352741660219e+03
2.469061244709691437e+03
2.478020172778331926e+03
2.485002739154625033e+03
2.494152531648845070e+03
2.496168966454624751e+03
2.504194745219053857e+03
2.512046816398735700e+03
2.520308467604192174e+03
2.529020942726867361e+03
2.534394707897207354e+03
2.535377055238690900e+03
2.540634289709841141e+03
2.550464887475163778e+03
2.554374229918656056e+03
2.559511679725065733e+03
2.564898342743321336e+03
2.565872833939446991e+03
2.570207294641846602e+03
2.574691180616195197e+03
2.583111102513328660e+03
2.593598788157599756e+03
2.603358598056605842e+03
2.608215468074290584e+03
2.612693998286078113e+03
2.620826487611348966e+03
2.625200682182530727e+03
2.630729672375509836e+03
2.637528162113244889e+03
2.640970762271082549e+03
2.645792396393992021e+03
2.648341979691911547e+03
2.653442651355360795e+03
2.664937630209744839e+03
2.671940135312470375e+03
2.677748255927057926e+03
2.683130242403976808e+03
2.687694636335819723e+03
2.693015809325236660e+03
2.704994286471070609e+03
2.713294242368743653e+03
2.718157117711217325e+03
2.729711472549849077e+03
2.740133532647300399e+03
2.743733202322461693e+03
2.753940394304626352e+03
2.763879124074368519e+03
2.767207236248031222e+03
2.772484417839498747e+03
2.777066797435915305e+03
2.781028133900900684e+03
2.784772407478200876e+03
2.793935969215654040e+03
2.798398152466896590e+03
2.804122458700364859e+03
2.810137139757808200e+03
2.820883022770842217e+03
2.827880340607265680e+03
2.835023361963868410e+03
2.842510099318999437e+03
2.853111032712305587e+03
2.855119948667194876e+03
2.857098514225982854e+03
2.863002682708804969e+03
2.871065332323315943e+03
2.876873728676938299e+03
2.887704329559419421e+03
2.890709176359722278e+03
2.890709176359722278e+03
2.893181351902638198e+03
2.903359841318403141e+03
2.915327797187253964e+03
2.922603125011010434e+03
2.931858394755400241e+03
2.939854660277184394e+03
2.949401684028448926e+03
2.952956010840800900e+03
2.960935895208155671e+03
2.968690110492930216e+03
2.976390688361038428e+03
2.986287192948377651e+03
2.988322090636464509e+03
2.991489590765081630e+03
3.002139282893379914e+03
3.008462870801663939e+03
3.011959957790922545e+03
3.017406791568490007e+03
3.026802211138906841e+03
3.034018746459141312e+03
3.036047322464336503e+03
3.040822450838268651e+03
3.052059171541258365e+03
3.059699017102729158e+03
3.070300064789797489e+03
3.080319154539127794e+03
3.082445914033627560e+03
3.084356432149893863e+03
3.094287958636001804e+03
3.098729640805107465e+03
3.099646792793223995e+03
3.103744236006133178e+03
3.105387731713928133e+03
3.109206598633654266e+03
3.121610804927531262e+03
3.124684880719334160e+03
3.133790604210854781e+03
3.141812691750223166e+03
3.151598826283033304e+03
3.158509856998157375e+03
3.163476570295103102e+03
3.172409897017753792e+03
3.175110543832649455e+03
3.183749052101907637e+03
3.188534361095384156e+03
3.192638382262481173e+03
3.197496657197567401e+03
3.205937325379194135e+03
3.206756009609789544e+03
3.213124886902545313e+03
3.225792175124008281e+03
3.236473090916952060e+03
3.244671841268907883e+03
3.246701259856818524e+03
3.255154881983100950e+03
3.259438280700815085e+03
3.263795002133073922e+03
3.264667903009660222e+03
3.276718533262811434e+03
3.282931087159993240e+03
3.284162558090338734e+03
3.288089312220042757e+03
3.296257092162039044e+03
3.300103497393935413e+03
3.311825253408472690e+03
3.319069986001968573e+03
3.323457138318639863e+03
3.332855365875784628e+03
3.340011329358907915e+03
3.344152135327510223e+03
3.346694803731042157e+03
3.352231424196041644e+03
3.358755441546082693e+03
3.361177111482999408e+03
3.367739489962700191e+03
3.375797756175747963e+03
3.379245381948137037e+03
3.389677210350724181e+03
3.391389388744780263e+03
3.397426219847494849e+03
3.409443322890106174e+03
3.412694912350340473e+03
3.415635513063716189e+03
3.418433043094162258e+03
3.426296538540758320e+03
3.430057801560795269e+03
3.435439347178614298e+03
3.440892213168394392e+03
3.445891641738721319e+03
3.451634970224238714e+03
3.460127029843481068e+03
3.473847496084945760e+03
3.477289375046699661e+03
3.487911422935257633e+03
3.492165640154880748e+03
3.501928967273369381e+03
3.507185263212727932e+03
3.518935791588940901e+03
3.521668245336907603e+03
3.525266297894569561e+03
3.532993027357118990e+03
3.540461984267502885e+03
3.547432244144179549e+03
3.561392997741996169e+03
3.566812701038822979e+03
3.578022933379323149e+03
3.587684779235647056e+03
3.596276760536654365e+03
3.607925543745097912e+03
3.613423142996751267e+03
3.619814241752318594e+03
3.624034894707756393e+03
3.624515639711649328e+03
3.631491900199323936e+03
3.631626369994660763e+03
3.637351289432073827e+03
3.647432744706369249e+03
3.654046747227295782e+03
3.655273670509420754e+03
3.655273670509420754e+03
3.670161357664286697e+03
3.673714113821636602e+03
3.680064707100405485e+03
3.683142641326919602e+03
3.696698617814606223e+03
3.709296843473251101e+03
3.720637409195009695e+03
3.722955855829934535e+03
3.732660685607849246e+03
3.736025024114402640e+03
3.735990791587838885e+03
3.746141419687440248e+03
3.750160413450330452e+03
3.753818240648154642e+03
3.766494566075822604e+03
3.776772254493782384e+03
3.789750182660439350e+03
3.789781301923040701e+03
3.794933493561937667e+03
3.800066831417700087e+03
3.811347113833314324e+03
3.818408066390685690e+03
3.818191128598924479e+03
3.823642895428542033e+03
3.824980880266872191e+03
3.826739615542016509e+03
3.833735739352379369e+03
3.844575897795678429e+03
3.855425847008682467e+03
3.864495067636562908e+03
3.865335168282711493e+03
3.870137440059022083e+03
3.871144063765956616e+03
3.878955583671730892e+03
3.885219979031489856e+03
3.896181564168782188e+03
3.899967653178648561e+03
3.909947669151847094e+03
3.915581267068277612e+03
3.923742706552220170e+03
3.935413013633108676e+03
3.949061550026509849e+03
3.955959715125292860e+03
3.966904812811752436e+03
3.973329710497251654e+03
3.978963736376189900e+03
3.986845030305725231e+03
3.987163428415701219e+03
3.993730585519398574e+03
3.993920868269007769e+03
3.993392196674248680e+03
3.999792941841203174e+03
4.004861242693326403e+03
4.015433141772254203e+03
4.014445226793256552e+03
4.020444298802734465e+03
4.021379806868558717e+03
4.031014654291227089e+03
4.029790611624144731e+03
4.033666564741340608e+03
4.040272979943212704e+03
4.044617036335982903e+03
4.044914917197284922e+03
4.055567242082315715e+03
4.063051264225643081e+03
4.063277179155714748e+03
4.073835300788062341e+03
4.073565671967635808e+03
4.080070465751016854e+03
4.085441992982708143e+03
4.088479208659733104e+03
4.100088096948667044e+03
4.111671419083334513e+03
4.116849380880296849e+03
4.127389487175885733e+03
4.132811040836161737e+03
4.132801423678999527e+03
4.143146946580250187e+03
4.155044167395921249e+03
4.157878524329328684e+03
4.172456983804297124e+03
4.186771952595579023e+03
4.199641813040289890e+03
4.201887631777786737e+03
4.209210978807437641e+03
4.209868361473500954e+03
4.221868860565762589e+03
4.228244619222238725e+03
4.227148575717347740e+03
4.230436999896391171e+03
4.244037564336228570e+03
4.253614567924656512e+03
4.254377059769557491e+03
4.262772160677549437e+03
4.265711916901447694e+03
4.276611622190135677e+03
4.280002826281984198e+03
4.292313903876488439e+03
4.296326445461378171e+03
4.305549837694961752e+03
4.318014711930057274e+03
4.331117489762373225e+03
4.342617490133152387e+03
4.356022030399401956e+03
4.370854239336130377e+03
4.381089365802473367e+03
4.386500261309830421e+03
4.397471842752252996e+03
4.399566827939142968e+03
4.407627945799701592e+03
4.416076267062318948e+03
4.425625279691283140e+03
4.424042680288631345e+03
4.419379970779430550e+03
4.418210276253780648e+03
4.425709538134809009e+03
4.430739232780878410e+03
4.433931684916160521e+03
4.432459377235345528e+03
4.432459377235345528e+03
4.449703718610240685e+03
4.452903807791726649e+03
4.452620373965120962e+03
4.452432759093546338e+03
4.468561212869288283e+03
4.474329734796197044e+03
4.478657803830407829e+03
4.482353194249531043e+03
4.489921810584632112e+03
4.498755308375054483e+03
4.502233649028293257e+03
4.516118068690889231e+03
4.516819058923024386e+03
4.526828776554428259e+03
4.539854945663680155e+03
4.544253721409242644e+03
4.553459162704726623e+03
4.558083712622352323e+03
4.569919008417780788e+03
4.581478857783934473e+03
4.581894442266136139e+03
4.581397014312021383e+03
4.593608028117179856e+03
4.605583291737467334e+03
4.616364955871838902e+03
4.615244816327352964e+03
4.619963914578899676e+03
4.630305136419720839e+03
4.639892298640597801e+03
4.645890928326051835e+03
4.657487508505863843e+03
4.656893274773779012e+03
4.662446602242548579e+03
4.661168701232184503e+03
4.671435849382939523e+03
4.669125769145562117e+03
4.667104664642014541e+03
4.676430011844536239e+03
4.679889035579234587e+03
4.679157513847057999e+03
4.681488914102053059e+03
4.695037117190731806e+03
4.695410780565282039e+03
4.697760198507867244e+03
4.708330981822530703e+03
4.719856435871935901e+03
4.724372917069879804e+03
4.723598311777132039e+03
4.736551800729986098e+03
4.744118704813833574e+03
4.745663580961972912e+03
4.753716974057305379e+03
4.760281638914061659e+03
4.756364462061129416e+03
4.767363323568375563e+03
4.770549654475061288e+03
4.771718419743188861e+03
4.778937721242519729e+03
4.782631258601694753e+03
4.783583525568049481e+03
4.788612528382068376e+03
4.797109128050948129e+03
4.800652863022531164e+03
4.811519429658138506e+03
4.810195041098172624e+03
4.820739846299387864e+03
4.822608925223213191e+03
4.833628630882535617e+03
4.848775998847642768e+03
4.856405776188503296e+03
4.854641934226118792e+03
4.853552600662366785e+03
4.854635671976167941e+03
4.873830770901169672e+03
4.880184955825016004e+03
4.885695355057826418e+03
4.897277145460918291e+03
4.904108799075635034e+03
4.914675914464937705e+03
4.921575765315456920e+03
4.930141271514554319e+03
4.940597380738375250e+03
4.951302698151181175e+03
4.959726326736009469e+03
4.966224899214159450e+03
4.982224657564242989e+03
4.980049599655499151e+03
4.981449387093352016e+03
4.979219415860550725e+03
4.985397885184306688e+03
4.994392502035408143e+03
5.006192783642308314e+03
5.019587410048979109e+03
5.023487232035602574e+03
5.034126212655773088e+03
5.038959893148857191e+03
5.051937621366888379e+03
5.055341048935944855e+03
5.057247109714986436e+03
5.064981431474295277e+03
5.079845068897017882e+03
5.086886257135976848e+03
5.102722782816174913e+03
5.113722809758105541e+03
5.130087214729135667e+03
5.127808804042969314e+03
5.138026551980248769e+03
5.144592475762258800e+03
5.159964026400418334e+03
5.165964758770246590e+03
5.180734337435939779e+03
5.180903594246967259e+03
5.194981505651280713e+03
5.202971697169807157e+03
5.202519809059644103e+03
5.198946108864411144e+03
5.207007124279773961e+03
5.217064375756349364e+03
5.213320572343416643e+03
5.213320572343416643e+03
5.222114843168243169e+03
5.237636080487885010e+03
5.242043544419892896e+03
5.242829395864037906e+03
5.245473097618968495e+03
5.255079399654374356e+03
5.259377536384844461e+03
5.263072168652160144e+03
5.262543147345628313e+03
5.272860000390642199e+03
5.283542604840717104e+03
5.287803910491802526e+03
5.298408624578398303e+03
5.293566240604946870e+03
5.307144449765172794e+03
5.314424684165902363e+03
5.332374207541489341e+03
5.342442911844999799e+03
5.352652603195972915e+03
5.360256864150685942e+03
5.366890909896259473e+03
5.374197928505385789e+03
5.382714519907568501e+03
5.383066847918214080e+03
5.392938253186889597e+03
5.404708657064300496e+03
5.415280234710948207e+03
5.416800359082206342e+03
5.417138676232457328e+03
5.418911487615064289e+03
5.424454611745040893e+03
5.422393131452949092e+03
5.428107919178649354e+03
5.427011191346532542e+03
5.423157958384585982e+03
5.437692593490023683e+03
5.436188019445103237e+03
5.435503458813616817e+03
5.451519953902177804e+03
5.462113520431133111e+03
5.473584863104803844e+03
5.484245404346999749e+03
5.491450984486462403e+03
5.499799205045042982e+03
5.513546412546905231e+03
5.519989978997000435e+03
5.537417634420725335e+03
5.549555197026926180e+03
5.563602823993147467e+03
5.571487116398166108e+03
5.579084352984070392e+03
5.592795580798284391e+03
5.595993801520288798e+03
5.607628217888262952e+03
5.614903198904399687e+03
5.616417431284590748e+03
5.625894197960459678e+03
5.633555320126800325e+03
5.642720047591187722e+03
5.650050205530741550e+03
5.644727289234720047e+03
5.654101429117949920e+03
5.660174007280884325e+03
5.668856802086349489e+03
5.680580869958818766e+03
5.684908447031109063e+03
5.696803188412523014e+03
5.702713527438474557e+03
5.707028913352990457e+03
5.713486031286146499e+03
5.717057383589138226e+03
5.710565234121595495e+03
5.721425438145917724e+03
5.722788958062573329e+03
5.721250608910001574e+03
5.713084037984226597e+03
5.725102776218793224e+03
5.733562303495726155e+03
5.745534100377958566e+03
5.743360765903796164e+03
5.746520741594436913e+03
5.762735776242872817e+03
5.765868423349070326e+03
5.780603549418152397e+03
5.782220118156542412e+03
5.783490987399331971e+03
5.783316058868310392e+03
5.775007342719120970e+03
5.788738627511299455e+03
5.789796056969026722e+03
5.803800277325140087e+03
5.812731331321861944e+03
5.826532062909007436e+03
5.833054517895938261e+03
5.830899165365150111e+03
5.844293168638824682e+03
5.854520803167655686e+03
5.869108499871075765e+03
5.868064572908116133e+03
5.871214417571200102e+03
5.878201666059713716e+03
5.877300701507349004e+03
5.888604028754589308e+03
5.892484497655349514e+03
5.889367211727956601e+03
5.889146332142777283e+03
5.902019034891414776e+03
5.910234589757325921e+03
5.917362547312593051e+03
5.922431898361001913e+03
5.926349732369737467e+03
5.935197769587932271e+03
5.943030057194985602e+03
5.935857659986092585e+03
5.942865890485556520e+03
5.951776471221620341e+03
5.964100058977988738e+03
5.964619688468585082e+03
5.961600924135032983e+03
5.961600924135032983e+03
5.960001000349545393e+03
5.968978912547537220e+03
5.966399562293900999e+03
5.979670541491353106e+03
5.975481990449074146e+03
5.978527544200082957e+03
5.994376585706754668e+03
6.004538548227196770e+03
6.002804031043611758e+03
6.005973518137816427e+03
6.002474221432134073e+03
6.010891767154335867e+03
6.015992146838592816e+03
6.017058308498345468e+03
6.021392228391538993e+03
6.021015891500072030e+03
6.026181367682435848e+03
6.024934662409008524e+03
6.040594589039287712e+03
6.044987939427964193e+03
6.049403269172126784e+03
6.046968219574618161e+03
6.063925673739019658e+03
6.073758927115163715e+03
6.079873340877768896e+03
6.096296232463458182e+03
6.113010471042878635e+03
6.122748823244627602e+03
6.124856748871805394e+03
6.129048525057473853e+03
6.137587536977168384e+03
6.138668400861809459e+03
6.144856210295836718e+03
6.164576360708007996e+03
6.166268978564128702e+03
6.173318471795917503e+03
6.170837248568956966e+03
6.182376476081540204e+03
6.184175705909129647e+03
6.190578163916204176e+03
6.202061885174893177e+03
6.218885945111385809e+03
6.236245389072487342e+03
6.250562028286642089e+03
6.259503713101471476e+03
6.265493931086963130e+03
6.282917945468674588e+03
6.296061377768872262e+03
6.292302224422728614e+03
6.301195628193577249e+03
6.292105717101501796e+03
6.286160745855837376e+03
6.292458700376886554e+03
6.309583209896918561e+03
6.309083226662037305e+03
6.318234535142374625e+03
6.322067971619657328e+03
6.325566233931606803e+03
6.324635210842879133e+03
6.335111873956629097e+03
6.348809140921742255e+03
6.357740510067715149e+03
6.352509324214352091e+03
6.359738808169363438e+03
6.373587993268469290e+03
6.381329681714646540e+03
6.388669266608926591e+03
6.389802015629738889e+03
6.398236615810887997e+03
6.405863699533508225e+03
6.405632895972071310e+03
6.419891658440321407e+03
6.416365940387669070e+03
6.428176494782779628e+03
6.451554968627676317e+03
6.460751758254377819e+03
6.468679916988836339e+03
6.489263148733840353e+03
6.497456419897836895e+03
6.502309168075456910e+03
6.512073150953062395e+03
6.518032012416858379e+03
6.527788392884118366e+03
6.534510947952457173e+03
6.529374611149680277e+03
6.544535822983604703e+03
6.547698714088850465e+03
6.561272206194532373e+03
6.563747924337006225e+03
6.567723742241220862e+03
6.562240016174404445e+03
6.574426233919606602e+03
6.592238881521906478e+03
6.606118771447108884e+03
6.604652270405266790e+03
6.609733076235391309e+03
6.631022873433323184e+03
6.626662385318826637e+03
6.643371189728479294e+03
6.654398728186057269e+03
6.653791165430255205e+03
6.663765669425986744e+03
6.677714555388425651e+03
6.675950937115778288e+03
6.679660457591260638e+03
6.692786601505896215e+03
6.695607281311465158e+03
6.698391600968457169e+03
6.692981067854713729e+03
6.702446052701396184e+03
6.705823748754753069e+03
6.700343539235361277e+03
6.706435640002336186e+03
6.706040116609939105e+03
6.704450758797350318e+03
6.712016660031204083e+03
6.728566086020950934e+03
6.720907602296500954e+03
6.720187242771318779e+03
6.720187242771318779e+03
6.732169114612182966e+03
6.736476074330374104e+03
6.750350150972361917e+03
6.768675469399610847e+03
6.767975693014542230e+03
6.772397882751890393e+03
6.787527999748242109e+03
6.792722138975698726e+03
6.798645271325708563e+03
6.796445973504777612e+03
6.802335358495530272e+03
6.812460277363638852e+03
6.828437786726771265e+03
6.822766500842251844e+03
6.828256498501827082e+03
6.836924787376710810e+03
6.851505262489821689e+03
6.872280042276762288e+03
6.887272276867514847e+03
6.892777989976410026e+03
6.889163338248823493e+03
6.901758600387024671e+03
6.913954694087557982e+03
6.927932919421753468e+03
6.917298061240816423e+03
6.911061328607189353e+03
6.903542980523494407e+03
6.922384664658711699e+03
6.919644016535627998e+03
6.918970383190811845e+03
6.919007730961421657e+03
6.918682583586140026e+03
6.936565147158325999e+03
6.934144553170244762e+03
6.932785671045548952e+03
6.951400246218696338e+03
6.957445789943220007e+03
6.961601439926481362e+03
6.969406113933937377e+03
6.977906736311595523e+03
6.977999179820494646e+03
7.001474126692013670e+03
7.004521794741919621e+03
7.003028425317078472e+03
7.023395943119564436e+03
7.034451677303278302e+03
7.032158340879424941e+03
7.032292010358538391e+03
7.038667450785694200e+03
7.037385061223658340e+03
7.055135758817608803e+03
7.058938469654619439e+03
7.072800416578104887e+03
7.088233848660211152e+03
7.085470520773355020e+03
7.089337812897490039e+03
7.090320909055777520e+03
7.099479117589909947e+03
7.109208071348495650e+03
7.113549327671272295e+03
7.126717177454121156e+03
7.121651632216345206e+03
7.118308240846165063e+03
7.121897416880961828e+03
7.136983582011626822e+03
7.132092543139930967e+03
7.151872256473841844e+03
7.157832357598474118e+03
7.162793831249145114e+03
7.166659842584192120e+03
7.174625724407381313e+03
7.184140706927929386e+03
7.189471957162948456e+03
7.181157211551470027e+03
7.203373953720714781e+03
7.196481311105304485e+03
7.213067529423367887e+03
7.230155671027865537e+03
7.222414564830552081e+03
7.224242129512735119e+03
7.237280569080390705e+03
7.248659419652119141e+03
7.242257082880132657e+03
7.252735320066956774e+03
7.250006886215076520e+03
7.260247286470060317e+03
7.265166654770952846e+03
7.266520428826564057e+03
7.285121705813705375e+03
7.290128224602630326e+03
7.290230707005336626e+03
7.285358013334012867e+03
7.278347727786087489e+03
7.298492308314839647e+03
7.310271533177340643e+03
7.303274642993411362e+03
7.321937425674266706e+03
7.347571984056302426e+03
7.353548680781920666e+03
7.362178945234208186e+03
7.377313798601518101e+03
7.388740048264367942e+03
7.407967361092871215e+03
7.429440526349201718e+03
7.428565621815047962e+03
7.434676263811837998e+03
7.422345358586382645e+03
7.444855941610466289e+03
7.447009380141108522e+03
7.439291219413686122e+03
7.460140459120152627e+03
7.481044556169668795e+03
7.472027060026535764e+03
7.485077221686155099e+03
7.507170203058420157e+03
7.516582818702239820e+03
7.529462527495431459e+03
7.535924795732061284e+03
7.548124119260056432e+03
7.548124119260056432e+03
7.559781218045285641e+03
7.570562322307424438e+03
7.597529423426137328e+03
7.590909765138550028e+03
7.606322930129575070e+03
7.614953468021108165e+03
7.623553790956143530e+03
7.630392557623356879e+03
7.624562658699949679e+03
7.631388189319694902e+03
7.639786182861660564e+03
7.631940253312191999e+03
7.654593717073155858e+03
7.657027546292102670e+03
7.652599509951371147e+03
7.646158899937579918e+03
7.651236946756193902e+03
7.651012052695139573e+03
7.642320969264154883e+03
7.640430651000446233e+03
7.652391221944872086e+03
7.664183691498217740e+03
7.675502204217776125e+03
7.678346286587887334e+03
7.688118310959605878e+03
7.693787326654262870e+03
7.697596743363421410e+03
7.687615111300233366e+03
7.686754122526645915e+03
7.694435074655331846e+03
7.694049449380590886e+03
7.704912372594582848e+03
7.707330083827254384e+03
7.716118823164235437e+03
7.706765059307324009e+03
7.707033495319104986e+03
7.710138468854708663e+03
7.710567488838632926e+03
7.728738769339533064e+03
7.733330515275717516e+03
7.747712518895267749e+03
7.754616008218172283e+03
7.756344259903833517e+03
7.766236577771128395e+03
7.751534435032059264e+03
7.761090587576540202e+03
7.775662301607983864e+03
7.794529790406450957e+03
7.784815759164344854e+03
7.789691669332452875e+03
7.798244394146609920e+03
7.813637623126847757e+03
7.822622831296400363e+03
7.827554507354650923e+03
7.825902840275090057e+03
7.837235122134757148e+03
7.829520747976600433e+03
7.832390294146209271e+03
7.828817499380989830e+03
7.842662609284759128e+03
7.852300571826676787e+03
7.859856956286207605e+03
7.861463490993085543e+03
7.867066659077112490e+03
7.879554721379498915e+03
7.880494756532852989e+03
7.885690605927325123e+03
7.885002273657552905e+03
7.893729477725317338e+03
7.887716648202691431e+03
7.895696138289074042e+03
7.893787876078028603e+03
7.901014753325231140e+03
7.905982567483438288e+03
7.910187309796926456e+03
7.919841792405854903e+03
7.930615430628226022e+03
7.953715447813079663e+03
7.974435422152639148e+03
7.967967698040922187e+03
7.980602434138527315e+03
7.985744095058154926e+03
7.998149871211463505e+03
8.003242426926885855e+03
8.006390536115216491e+03
8.033199035004005964e+03
8.024142310329415523e+03
8.019536857381114714e+03
8.033177384288848771e+03
8.042020277038303902e+03
8.046798040297572697e+03
8.042670227733558932e+03
8.061190702869143934e+03
8.048598190437249286e+03
8.039339282080683915e+03
8.045690986248419904e+03
8.070266857888691447e+03
8.073012944839256306e+03
8.079185627549609308e+03
8.100650696822799546e+03
8.125971127843921749e+03
8.127701487661389365e+03
8.149523513580838880e+03
8.166054586511192610e+03
8.164813461525473031e+03
8.164002443402881909e+03
8.172625260900741523e+03
8.181096263750506296e+03
8.184300024294238938e+03
8.195612651447971075e+03
8.202827622413598874e+03
8.193513867652183762e+03
8.214816706127470752e+03
8.206210286674335293e+03
8.220159326139733821e+03
8.210800705952615317e+03
8.213597687619781937e+03
8.222694199196432237e+03
8.241620541218504513e+03
8.241620541218504513e+03
8.250641387476025557e+03
8.253246603360454174e+03
8.264636911475326997e+03
8.270905230011690946e+03
8.280879526561213424e+03
8.294707238422995943e+03
8.303458307424534723e+03
8.325079017619924343e+03
8.324839773057314233e+03
8.336386169086632435e+03
8.347116113619269527e+03
8.337677000685505845e+03
8.352846829463795075e+03
8.365777880190071301e+03
8.379196578183844395e+03
8.364559002040967243e+03
8.357719754081281280e+03
8.371798761384412501e+03
8.380006218438145879e+03
8.383079191815284503e+03
8.395989530390366781e+03
8.402539850686143836e+03
8.413725499730177035e+03
8.417568616635562648e+03
8.416956441090142107e+03
8.413129230729648043e+03
8.429304891018924536e+03
8.424695741785697464e+03
8.422635647636150679e+03
8.417550408474977303e+03
8.442495456107335485e+03
8.460272110758360213e+03
8.477964180911061703e+03
8.500523477207445467e+03
8.488669440497051255e+03
8.484877878112272811e+03
8.472408181644985234e+03
8.475192444023465214e+03
8.478056619458655405e+03
8.491987136132825981e+03
8.497343159774878586e+03
8.479041649041540950e+03
8.482631645354371358e+03
8.495613544695825112e+03
8.496446995673530182e+03
8.516708046206118524e+03
8.511439430563490532e+03
8.533092784006847069e+03
8.536931258739636178e+03
8.537276602643041770e+03
8.551117741235289941e+03
8.560700512515833907e+03
8.566596803570400880e+03
8.567081912739493418e+03
8.587842575677168497e+03
8.597202332123299129e+03
8.613214397540610662e+03
8.609401881699801379e+03
8.614566697117325020e+03
8.621993684939903687e+03
8.638272270163593930e+03
8.652825379085390523e+03
8.653393532654812589e+03
8.679323055469971223e+03
8.696857658982733483e+03
8.707012334417311649e+03
8.707688080478013944e+03
8.713130324254298102e+03
8.722887781296853063e+03
8.730642183073568958e+03
8.735077991021857088e+03
8.734475498164136297e+03
8.757328720961797444e+03
8.761458575594504509e+03
8.766777579098907154e+03
8.760341575567374093e+03
8.759641823338452014e+03
8.761067889734076743e+03
8.746714669135102667e+03
8.748463480106067436e+03
8.771799444744377979e+03
8.772097759059179225e+03
8.783425688005612756e+03
8.782792774417572218e+03
8.804441825094079832e+03
8.813323385549707382e+03
8.816335663767849837e+03
8.808964574583487774e+03
8.829047196555475239e+03
8.833341558042970064e+03
8.820409657906280700e+03
8.819564108701713849e+03
8.820252806150374454e+03
8.845503212186004021e+03
8.869003532158838425e+03
8.853627719213212913e+03
8.847370419656257582e+03
8.833168300133213052e+03
8.835591611708428900e+03
8.839724491449773268e+03
8.835708863000945712e+03
8.827498717755270263e+03
8.822238293325646737e+03
8.844396616453912429e+03
8.848722334564004996e+03
8.849204082656931860e+03
8.847993854597913014e+03
8.854936520134860984e+03
8.863476751124391740e+03
8.868371973213055753e+03
8.869881328972058327e+03
8.879335871661907731e+03
8.881524445206718156e+03
8.900986118156386510e+03
8.896033140904835818e+03
8.908794071125661503e+03
8.921833468317143343e+03
8.939445174568845687e+03
8.936196580322448426e+03
8.936196580322448426e+03
8.962763860823271898e+03
8.979842042433763709e+03
8.988679293598093864e+03
9.009699848222693618e+03
9.025743732154731333e+03
9.038464931615595560e+03
9.053260784821379275e+03
9.065380488582439284e+03
9.076342254992210655e+03
9.089733038057765953e+03
9.112887567904865136e+03
9.109930094386949349e+03
9.097714747335294305e+03
9.104241353024552154e+03
9.122576447530298537e+03
9.130051647783870067e+03
9.127806372051916696e+03
9.132525292101428931e+03
9.135839663074435521e+03
9.140301119126941558e+03
9.157791911534890460e+03
9.165505613169099888e+03
9.156537084780236910e+03
9.177320846889055247e+03
9.161318483828370518e+03
9.146331467940819493e+03
9.170345339518064065e+03
9.179737990310612076e+03
9.201105037625222394e+03
9.209926007528325499e+03
9.202273890562013548e+03
9.210489397408888181e+03
9.205707407464493372e+03
9.206738760236892631e+03
9.224982145511343333e+03
9.232415337251535675e+03
9.240867594002022088e+03
9.237355697365683227e+03
9.242721747513243827e+03
9.253556348359263211e+03
9.272442783898028210e+03
9.290461515158833208e+03
9.295177922636457879e+03
9.317859385801695680e+03
9.311858021626536356e+03
9.337461360491121013e+03
9.336211212164458630e+03
9.354876684967870460e+03
9.376737933286925909e+03
9.384975072141602141e+03
9.390469252310533193e+03
9.381440724751540984e+03
9.370230730109042270e+03
9.383730831164803021e+03
9.388728251333801381e+03
9.400675594450880453e+03
9.411107173127453279e+03
9.396765682298135289e+03
9.413659295626994208e+03
9.402327390777460096e+03
9.420625870113095516e+03
9.435042320070842834e+03
9.437690033025566663e+03
9.451877180045834393e+03
9.459998732053971253e+03
9.470734673827941151e+03
9.485358951048732706e+03
9.489543439542605483e+03
9.493440521977398021e+03
9.507272685170622935e+03
9.534478250169617240e+03
9.523865286324278713e+03
9.538690386225101975e+03
9.533030593439239965e+03
9.538327060438423359e+03
9.546509064472169484e+03
9.545839519691822716e+03
9.541988780646659507e+03
9.540324590094744053e+03
9.553774455204806145e+03
9.567309989455197865e+03
9.584736372818251766e+03
9.586327867272282674e+03
9.595876024286142638e+03
9.593216748460945382e+03
9.589722792908092742e+03
9.609795883493130532e+03
9.614174686190444845e+03
9.600259708088469779e+03
9.592727443483792740e+03
9.609481632700521004e+03
9.620186659366172535e+03
9.630162508418587095e+03
9.649546327717653185e+03
9.677773047104763464e+03
9.687692209067037766e+03
9.694534224117322083e+03
9.705907130026494997e+03
9.715168070819283457e+03
9.715141138147720994e+03
9.699788262172758550e+03
9.692436129691815950e+03
9.700005737681987739e+03
9.706935126591610242e+03
9.726452671703447777e+03
9.714428799384551894e+03
9.695765424031360453e+03
9.688599510859115981e+03
9.700009778189829376e+03
9.690901003351533291e+03
9.686402757570574977e+03
9.699262520845597464e+03
9.689264257987557357e+03
9.703158642651382252e+03
9.720980602839110361e+03
9.713731503574696035e+03
9.725752786628401736e+03
9.721217365564561987e+03
9.724802685528153233e+03
9.724802685528153233e+03
9.716822583368633786e+03
9.723564095775749593e+03
9.742888349581224247e+03
9.772839696674456718e+03
9.799120579824004380e+03
9.812716666737182095e+03
9.823519159196219334e+03
9.828365904247293656e+03
9.836442164642390708e+03
9.842139791583789702e+03
9.858963484611242166e+03
9.850893959172206451e+03
9.846040224314698207e+03
9.860689394436059956e+03
9.868944183321993478e+03
9.893806209433485492e+03
9.923203766277871182e+03
9.932300786649486326e+03
9.927365021694764437e+03
9.936396367738496338e+03
9.942576590135589868e+03
9.940229885294356791e+03
9.935686505642426710e+03
9.964605449819795467e+03
9.957874458985979800e+03
9.966373505355901216e+03
9.972747764259296673e+03
9.964650389346521479e+03
9.982972302207728717e+03
9.998233461652562255e+03
9.990639414044966543e+03
1.000560770046329890e+04
1.001672241633272279e+04
1.002986796924753253e+04
1.003009684513404136e+04
1.002390228440179999e+04
1.003211018316115042e+04
1.002632274270799644e+04
1.003537569514583629e+04
1.003005791755182327e+04
1.002487751589270920e+04
1.003487019293600497e+04
1.004459262453162592e+04
1.002719082335681560e+04
1.004798018755243720e+04
1.004356261756334061e+04
1.003958730383531838e+04
1.004385418218845371e+04
1.004656903297803728e+04
1.005095149151738224e+04
1.005880264155417353e+04
1.006495793566929569e+04
1.005387297875391596e+04
1.005121540837110842e+04
1.006831663676436619e+04
1.007887476613725630e+04
1.006907511078386960e+04
1.006819226017864457e+04
1.007997924336888354e+04
1.008174855817622301e+04
1.008675766942195332e+04
1.007593375293157442e+04
1.010055665336056700e+04
1.012993464309470255e+04
1.013860454287725224e+04
1.015757935696198001e+04
1.016703756498536313e+04
1.018343079984504038e+04
1.020993376816341333e+04
1.020668797025363529e+04
1.022926991992214789e+04
1.024330010599834350e+04
1.025788813121412386e+04
1.026467743015900669e+04
1.028146417561505223e+04
1.028717366471148853e+04
1.028702922005000801e+04
1.029198251241356957e+04
1.032027839594453872e+04
1.031307928380389785e+04
1.030843115882640632e+04
1.030750150058129475e+04
1.032189368753588315e+04
1.032429627591928693e+04
1.030790174801776811e+04
1.030321095662718290e+04
1.030045502122585276e+04
1.032222242256066966e+04
1.033208586520689460e+04
1.033335270220430539e+04
1.033053009956481401e+04
1.035454500049554736e+04
1.033805932843369555e+04
1.036579295237094266e+04
1.037312766463381558e+04
1.039511812964242199e+04
1.040052965229251458e+04
1.041787673174697193e+04
1.040172480180111961e+04
1.040830162849458429e+04
1.042631722829834871e+04
1.041332042197391638e+04
1.040634195235616971e+04
1.040485409025050467e+04
1.041157597456746589e+04
1.041852271985988227e+04
1.043166757291864997e+04
1.041892047895541509e+04
1.040805836204168372e+04
1.041713519265149807e+04
1.042274475029726091e+04
1.042030783737443198e+04
1.042979881170204499e+04
1.046219819925597767e+04
1.049281637294481334e+04
1.051375456980632407e+04
1.052113704456938103e+04
1.053443655935698735e+04
1.056012954425257885e+04
1.056012954425257885e+04
1.054207685549074267e+04
1.054161051678279910e+04
1.055259957360305998e+04
1.058462650194196613e+04
1.060156655679244432e+04
1.061361622876869660e+04
1.062724396347284346e+04
1.064543023756036382e+04
1.065339582068594245e+04
1.065308026519035775e+04
1.065801218742368474e+04
1.064091426854876772e+04
1.064478828051635537e+04
1.062699968219343282e+04
1.061157944354900064e+04
1.060737803330556380e+04
1.063989189192989943e+04
1.064493143266881816e+04
1.064419796158632016e+04
1.065683762180390841e+04
1.066892513276949467e+04
1.065593845838684138e+04
1.067180372275611080e+04
1.068433658975848266e+04
1.068604832158691534e+04
1.069047959109936710e+04
1.070171180113188711e+04
1.072005355709089235e+04
1.071519473215959988e+04
1.073754899575550735e+04
1.074827949543000250e+04
1.076485736477347382e+04
1.076988049469800899e+04
1.076760124206353794e+04
1.076743472647289673e+04
1.077742668932462948e+04
1.075658475081314828e+04
1.077921004280686793e+04
1.076970145747290371e+04
1.078291331209413147e+04
1.079783123214750958e+04
1.078994935916270879e+04
1.076971031009474791e+04
1.077464156956283296e+04
1.076649587390371016e+04
1.078113335950165492e+04
1.078588443940179968e+04
1.079088789759359133e+04
1.078506129010941731e+04
1.079930377934751778e+04
1.081333556671043516e+04
1.082307986174288817e+04
1.085939167369253119e+04
1.086990297216067484e+04
1.086942517351577044e+04
1.085952021204450284e+04
1.085286735857250460e+04
1.084419848929873478e+04
1.086167765226262782e+04
1.087407068957127376e+04
1.088784886645101687e+04
1.091125699303385591e+04
1.090771382347592589e+04
1.088727807186244354e+04
1.090305587277939958e+04
1.089234844992538274e+04
1.089815255610251734e+04
1.091782357339635018e+04
1.093907676891934534e+04
1.094885329991481922e+04
1.094657858674756790e+04
1.093790076010237499e+04
1.094553363241992520e+04
1.094469030324489904e+04
1.094291580216078000e+04
1.095159467705391216e+04
1.094670028543093576e+04
1.094279044294167761e+04
1.094035259255333040e+04
1.093690103051604819e+04
1.093393852083557431e+04
1.095761430100966754e+04
1.096600208268551796e+04
1.098504234339343020e+04
1.097527341262490336e+04
1.100440189494345577e+04
1.100226883440391794e+04
1.098908293180484907e+04
1.099550282800605601e+04
1.098340989664013432e+04
1.101548688299492642e+04
1.101877961089419296e+04
1.102187016884363766e+04
1.100080546250922089e+04
1.101004386550783056e+04
1.101255346159264809e+04
1.103334043526653659e+04
1.102876918448173819e+04
1.103393197685622727e+04
1.102976616039044347e+04
1.105709225305896143e+04
1.108003393829494416e+04
1.108240910230513327e+04
1.108159480970892400e+04
1.108090565496980889e+04
1.109787429311588312e+04
1.110901845510782005e+04
1.113318464659389974e+04
1.114250045419439994e+04
1.115284365692563551e+04
1.116264848479555803e+04
1.116450152768425687e+04
1.119372514908878838e+04
1.121179449077364552e+04
1.122903324180811069e+04
1.124726144460252726e+04
1.128233746267777860e+04
1.128548040583038710e+04
1.126928053483983786e+04
1.126928053483983786e+04
1.129704425776148310e+04
1.129890835993729343e+04
1.130628743379999833e+04
1.129845090298582363e+04
1.132291149581449827e+04
1.135062288619754509e+04
1.136364001760666179e+04
1.136005550480085003e+04
1.135357950140719549e+04
1.136703606552647216e+04
1.135371423336275075e+04
1.135111981021126121e+04
1.138599039432511017e+04
1.140477120367993666e+04
1.141668147153519931e+04
1.141090796952867458e+04
1.142061432720159610e+04
1.143080222879366011e+04
1.144807808148983895e+04
1.146567308994709492e+04
1.144588898281920956e+04
1.144596083974420981e+04
1.146512968643868044e+04
1.145204235698417324e+04
1.146077441101185286e+04
1.144831320803301787e+04
1.146901447574204212e+04
1.144220277342224472e+04
1.144616444627394412e+04
1.146132585104400096e+04
1.148647112840366572e+04
1.148146672686385682e+04
1.147869540546455755e+04
1.146489000081949416e+04
1.147437361754418089e+04
1.149778378557045471e+04
1.147331753160808876e+04
1.148289549359851299e+04
1.151457899712234757e+04
1.151331832965560352e+04
1.149994978559844822e+04
1.150440443025882814e+04
1.151978052612652391e+04
1.152372672048126697e+04
1.152990172332349903e+04
1.154174223116854409e+04
1.155591867863534389e+04
1.155472159369386463e+04
1.156522475538930848e+04
1.159155390610377617e+04
1.161520504705303938e+04
1.160358286932136980e+04
1.158837765195329484e+04
1.158104775976444762e+04
1.158408329889196102e+04
1.158799735564949879e+04
1.160197514570757085e+04
1.162294203465354803e+04
1.163140181255687457e+04
1.162907931367526362e+04
1.165371696822485319e+04
1.165812341039037165e+04
1.165179467590841705e+04
1.166239511806910923e+04
1.167576982170052543e+04
1.166817877004843831e+04
1.167005739045220980e+04
1.169552349231167682e+04
1.169975801046037850e+04
1.171271601554930930e+04
1.174016545380232310e+04
1.174010795248671820e+04
1.173115606653677969e+04
1.175073821098044027e+04
1.177215031827704115e+04
1.179062355072483842e+04
1.179954017229868259e+04
1.180280035198163387e+04
1.180784942385517388e+04
1.181388821787742745e+04
1.179039285994141210e+04
1.179531404239270341e+04
1.177191445276502054e+04
1.176166805912900236e+04
1.177785559129254762e+04
1.175767678319374681e+04
1.178745650290108460e+04
1.179106285098530498e+04
1.177071626021862539e+04
1.178548912981903050e+04
1.179899972658377374e+04
1.180151078835420594e+04
1.181895950345088204e+04
1.179493878388451776e+04
1.179563026088900551e+04
1.179589041931653992e+04
1.180641600594651936e+04
1.181103992350308908e+04
1.181521179753092292e+04
1.181976827862960454e+04
1.184802299354782190e+04
1.184662539049348743e+04
1.185527357419489272e+04
1.183953407381532452e+04
1.184436098883198611e+04
1.182519947141577723e+04
1.185366545443367249e+04
1.187757086213242292e+04
1.187750221346111721e+04
1.188371696440485357e+04
1.188072370786542888e+04
1.190189251251240603e+04
1.191344231657069213e+04
1.191795275113753451e+04
1.195440802146717397e+04
1.197370601042515409e+04
1.199673800028405822e+04
1.199139751858658747e+04
1.199049480697418949e+04
1.199049480697418949e+04
1.202112646766856415e+04
1.200278357008268722e+04
1.201538887926366624e+04
1.202423557758220159e+04
1.204988909851195240e+04
1.206249322774399661e+04
1.205023948519287114e+04
1.207600211292288077e+04
1.207458141249911750e+04
1.206183655087109582e+04
1.208580907379105520e+04
1.206581006293936480e+04
1.207422552602623364e+04
1.207630040291391379e+04
1.209540754303085487e+04
1.210864812804220855e+04
1.211002828788365332e+04
1.211710753514524731e+04
1.213303917003906099e+04
1.212855933369565355e+04
1.216307024311765417e+04
1.218697271365577581e+04
1.218968767460355048e+04
1.218279597693251162e+04
1.217571592165307266e+04
1.216120636136468056e+04
1.217256456256392994e+04
1.217245917559198460e+04
1.215460619622015474e+04
1.216838238464712958e+04
1.215065761214312806e+04
1.213479419477657393e+04
1.214053010090753924e+04
1.216023807555441635e+04
1.216820064067756357e+04
1.218621245596010704e+04
1.219074164043270321e+04
1.217726352794960985e+04
1.216656963891773376e+04
1.216998507549040005e+04
1.217292206000175611e+04
1.217773815767852102e+04
1.217591189843683424e+04
1.217066487366113324e+04
1.219697855355322099e+04
1.221245839218145738e+04
1.219941047674997208e+04
1.221918573221880797e+04
1.220393726340509966e+04
1.222071380369855433e+04
1.224809740600839177e+04
1.227766571677575485e+04
1.229060093170547952e+04
1.230197623625800952e+04
1.232982491917918014e+04
1.232209598832605479e+04
1.234087040639509542e+04
1.236196716666584507e+04
1.237404449279351502e+04
1.237422485675920507e+04
1.236417483678778990e+04
1.236847653884956890e+04
1.236568650026810246e+04
1.236549252121847348e+04
1.237588404384295427e+04
1.237099655403885663e+04
1.235164840139348780e+04
1.234196355876322741e+04
1.234309299570610710e+04
1.234804107443992325e+04
1.236294433892239977e+04
1.236745660221323124e+04
1.240395907839692700e+04
1.243370242336949741e+04
1.243338357919596638e+04
1.244713364394099335e+04
1.243941255226891008e+04
1.244138469723509115e+04
1.247421932218158327e+04
1.248675759636486509e+04
1.249405440046003423e+04
1.251383667361841617e+04
1.253242049204709656e+04
1.250936890646976644e+04
1.249701886223475049e+04
1.250440720206955120e+04
1.250190556032453242e+04
1.249560149749042466e+04
1.248676453950021278e+04
1.251045622126942180e+04
1.251395538174249305e+04
1.251127049680971322e+04
1.251158368030895508e+04
1.253002158398562824e+04
1.254924158174984950e+04
1.253966522508545677e+04
1.257686499878936593e+04
1.259644556990204183e+04
1.260337680703472142e+04
1.260325716278761138e+04
1.262159097839621245e+04
1.260955109639257353e+04
1.260388555033848752e+04
1.262777457735268035e+04
1.266398989955630532e+04
1.268236430908506009e+04
1.265270485542645838e+04
1.267422661209043326e+04
1.268033117571346702e+04
1.269097558999704052e+04
1.269608372641309688e+04
1.272932210805099930e+04
1.275699388647967317e+04
1.278008714159612100e+04
1.276549837420501171e+04
1.276403946717554209e+04
1.279210140369472174e+04
1.279399348690070110e+04
1.281093670033076887e+04
1.281093670033076887e+04
1.282348636072382214e+04
1.281089925864220822e+04
1.280772416470343160e+04
1.284309774886631749e+04
1.285396468232987354e+04
1.286040826632357130e+04
1.284497750877098952e+04
1.286133529687577538e+04
1.285210536385013438e+04
1.285795681769609109e+04
1.287148775846965327e+04
1.286753129913219527e+04
1.284411007007907028e+04
1.287687333374841000e+04
1.285774031688344985e+04
1.284962534402982237e+04
1.286570845825741890e+04
1.287081029617817694e+04
1.286752624042226125e+04
1.288408781623305549e+04
1.288698300019945054e+04
1.288379471719407775e+04
1.290541503785539135e+04
1.290901155709888371e+04
1.290839575150361634e+04
1.289966335077919211e+04
1.291622775703190746e+04
1.290984383992050061e+04
1.291146775478353811e+04
1.290540155863044311e+04
1.292228578732680762e+04
1.293651091608860406e+04
1.294674220358513048e+04
1.295264292242373631e+04
1.296175938263873650e+04
1.297625239568775942e+04
1.296769847323971226e+04
1.298987873973857495e+04
1.300200372818511823e+04
1.302084483190909486e+04
1.301487385805020494e+04
1.300738373563823006e+04
1.303081053294236153e+04
1.301949445359742640e+04
1.303392403169183308e+04
1.304518495724400418e+04
1.306227771386141285e+04
1.309893889273531749e+04
1.314067761194700506e+04
1.316090471131139566e+04
1.315803256366846290e+04
1.315921440458915276e+04
1.315887687446930431e+04
1.316540992763177746e+04
1.316224444035493616e+04
1.317102460909882757e+04
1.316194912696252140e+04
1.315264029735305303e+04
1.315141642895740006e+04
1.316787387664829293e+04
1.318211450873897411e+04
1.316454515133815039e+04
1.317201218450570195e+04
1.316160608420808785e+04
1.316912676039129292e+04
1.316730310311434732e+04
1.317917547246286449e+04
1.317280981064815751e+04
1.317747369073336267e+04
1.316301095846523276e+04
1.319563749970357640e+04
1.322679021977316370e+04
1.323513375246563919e+04
1.324697423769170746e+04
1.326411864445669380e+04
1.325115813655829515e+04
1.324720083762155809e+04
1.326894181839182420e+04
1.324741494090887500e+04
1.324658516053306084e+04
1.323277457553471504e+04
1.322345602148029684e+04
1.322685982231654452e+04
1.320289297271065698e+04
1.322423626730615251e+04
1.321355316318866062e+04
1.323839510129301925e+04
1.325157739135539305e+04
1.325864429823657883e+04
1.325725362418306577e+04
1.327443011690986896e+04
1.326977831334821167e+04
1.324736312465240371e+04
1.329212037911783227e+04
1.331429106573026547e+04
1.333639143679222252e+04
1.331049780011429903e+04
1.330543499685338975e+04
1.331666435737285428e+04
1.333189244241631422e+04
1.334846099623235204e+04
1.334699286550327815e+04
1.332428555575114660e+04
1.332533329608481290e+04
1.333866078658791230e+04
1.333210567844602883e+04
1.333465791097350666e+04
1.332468699981825375e+04
1.331851154818828763e+04
1.332396575209448929e+04
1.331506593755293761e+04
1.330833928182411000e+04
1.334692043499654028e+04
1.331856973504156485e+04
1.333306590043902906e+04
1.332997535088910627e+04
1.332412352075149647e+04
1.331938579388754624e+04
1.332288241074475809e+04
1.332288241074475809e+04
1.333780376160972082e+04
1.335056898120490587e+04
1.337084329759819775e+04
1.337478615285430351e+04
1.335079401401806354e+04
1.337034039103628129e+04
1.339084844812983101e+04
1.336631732242743055e+04
1.336324376738484716e+04
1.335643643744402652e+04
1.336650088800584126e+04
1.335546450654724322e+04
1.337236851732236573e+04
1.339450696877338487e+04
1.340415706015096475e+04
1.338599541279004552e+04
1.341063160458544371e+04
1.341179633182171710e+04
1.341430631574234394e+04
1.341339844240439379e+04
1.343442416678971495e+04
1.341929606135669383e+04
1.342356725782741159e+04
1.347109401877771961e+04
1.347557273126738255e+04
1.348528959157253303e+04
1.349315852432604515e+04
1.353089936541942006e+04
1.353726818298095350e+04
1.353761921965117108e+04
1.353344284267988769e+04
1.357462827675302833e+04
1.361584277450716399e+04
1.360695251108515549e+04
1.365162254384609878e+04
1.362844653042928985e+04
1.366039348829256960e+04
1.367730759567439054e+04
1.365807251775288023e+04
1.367693639944663119e+04
1.367358499612163541e+04
1.367858397119698202e+04
1.365749073360212606e+04
1.368045890987636631e+04
1.369529745032866958e+04
1.369252544117038997e+04
1.369274210986527760e+04
1.373672449214873814e+04
1.373718402062185669e+04
1.375532731287024762e+04
1.377326234427577765e+04
1.378637398351594675e+04
1.377228896619795523e+04
1.379127690155726486e+04
1.381637662726081726e+04
1.383176573846979409e+04
1.382762938202729129e+04
1.384330430629147122e+04
1.386920270219720805e+04
1.388919985936180274e+04
1.388587316833379191e+04
1.388512420916428891e+04
1.390449133598716799e+04
1.387368719042666453e+04
1.388628663857102947e+04
1.390233438242321790e+04
1.393727468506169862e+04
1.396509316896313794e+04
1.395828794257554910e+04
1.397367530832005468e+04
1.398240343834365194e+04
1.395491732213290379e+04
1.397561700031522378e+04
1.398193335204782852e+04
1.399245145932961532e+04
1.398671814477572661e+04
1.400072579855182266e+04
1.398966941277218939e+04
1.396930591145684775e+04
1.398293139249602973e+04
1.398441225714090433e+04
1.399405845202936871e+04
1.398206631117437428e+04
1.395126528980898729e+04
1.395621338188672416e+04
1.398249215862398887e+04
1.400351826860018627e+04
1.401697268832493501e+04
1.403652978866959347e+04
1.403995252342759704e+04
1.402379018975553299e+04
1.406628975856264151e+04
1.404995468864859868e+04
1.402299620283637523e+04
1.402173707390058007e+04
1.401908735571549914e+04
1.404003178671621208e+04
1.402325036733492016e+04
1.404628581987452526e+04
1.407550493613974868e+04
1.410279032481618742e+04
1.410230406639951798e+04
1.409549613579128709e+04
1.409426986449778269e+04
1.410150513704605692e+04
1.408119524424433439e+04
1.407679699858544518e+04
1.406934616261672818e+04
1.407229283014063731e+04
1.408006534018811544e+04
1.405543290785604040e+04
1.405718880288118635e+04
1.406153405646270767e+04
1.409151987298353743e+04
1.410479093113221461e+04
1.414520634790761687e+04
1.416633773406682303e+04
1.418971015134882691e+04
1.418788436405165521e+04
1.418788436405165521e+04
1.419324332078213411e+04
1.422222181843771250e+04
1.421149661835362895e+04
1.423663437122694268e+04
1.421716162674707994e+04
1.425345590100879053e+04
1.423063343080773302e+04
1.422607965888356921e+04
1.423187423322856921e+04
1.423714778333823051e+04
1.423854159717608127e+04
1.425159508386321613e+04
1.425822686514246379e+04
1.426891472478954347e+04
1.429199188538326598e+04
1.431238172300519545e+04
1.435182299514780243e+04
1.433031691432321713e+04
1.433053362669189119e+04
1.435552423946662930e+04
1.436931295253618191e+04
1.439602732130676486e+04
1.439943902640119268e+04
1.440145118670056399e+04
1.437265161480364804e+04
1.437623220343526191e+04
1.442408304550850153e+04
1.443560382362887867e+04
1.443222395685834999e+04
1.442747418809108240e+04
1.440770754758930343e+04
1.439612225894808398e+04
1.440002237345548019e+04
1.439159742790759447e+04
1.439763615895358089e+04
1.442017815376529870e+04
1.446400093577780535e+04
1.447455089453722030e+04
1.448036814126815261e+04
1.451471366859377304e+04
1.452279663945468201e+04
1.450231499862001874e+04
1.452459763320555794e+04
1.450813982981683330e+04
1.454165962301441868e+04
1.454990283540745259e+04
1.454482457147605965e+04
1.453115031406865819e+04
1.456234884700777002e+04
1.456465301882131462e+04
1.457211369772526268e+04
1.456844319538992568e+04
1.460062431199789353e+04
1.462545091647161644e+04
1.464943763614081217e+04
1.467525431628990736e+04
1.471298670302736900e+04
1.469381543238375343e+04
1.466573948264814499e+04
1.467249010651839308e+04
1.468184735857025225e+04
1.472489249291677152e+04
1.473572116020279645e+04
1.475910405991239168e+04
1.476233116537568640e+04
1.478375521567622127e+04
1.477168373401666213e+04
1.476180421243637466e+04
1.475340895412079772e+04
1.476148910603924378e+04
1.475057943049992355e+04
1.473548894637685771e+04
1.473836057668219473e+04
1.478975868572377840e+04
1.479138683442345246e+04
1.480189417047659663e+04
1.481645608391793030e+04
1.480709212632172239e+04
1.481016497749352675e+04
1.482038117188308570e+04
1.481950394119854354e+04
1.481452072198199494e+04
1.479271761567638532e+04
1.480985115862190651e+04
1.479249518066878591e+04
1.480217405031645103e+04
1.482424924330754948e+04
1.484930791265865082e+04
1.489310394633470969e+04
1.487128105288973529e+04
1.490902351898205779e+04
1.487844525283414259e+04
1.488899797923886763e+04
1.488500435298169941e+04
1.490147813413755830e+04
1.490538211033641164e+04
1.492573927375940002e+04
1.489221157071879497e+04
1.485338309618870881e+04
1.487314289706899217e+04
1.488727236188829920e+04
1.490376632731551581e+04
1.494597547723183561e+04
1.497424561198262199e+04
1.497776505046156126e+04
1.497087507871392154e+04
1.499357948564355138e+04
1.500505690156194942e+04
1.500095160263124853e+04
1.499845808345964360e+04
1.500542849497825227e+04
1.500107243365033173e+04
1.502339300328006175e+04
1.502650174614954994e+04
1.499556047217120613e+04
1.497537674600553146e+04
1.495943656916197870e+04
1.497128022859143312e+04
1.496084868664610985e+04
1.496084868664610985e+04
1.497584264291452746e+04
1.498025158676600040e+04
1.500749313574329972e+04
1.499612982051097606e+04
1.496934153080292344e+04
1.496917141218539837e+04
1.496121909442364995e+04
1.496712424693746107e+04
1.496495815884206058e+04
1.496442817071859281e+04
1.498751310045091850e+04
1.501381104692239023e+04
1.502048031403587629e+04
1.504548143127363619e+04
1.505319503918562259e+04
1.509040487854231287e+04
1.512456337154755056e+04
1.515152266083245377e+04
1.512194092828424073e+04
1.515274485529722369e+04
1.515526384217294435e+04
1.517451745277701957e+04
1.516427341776628600e+04
1.517798816343315411e+04
1.519678628255949843e+04
1.520589195873281824e+04
1.519769740541783176e+04
1.524446827645624035e+04
1.525973253473688055e+04
1.526968056311377950e+04
1.525964965864310034e+04
1.525795670257425263e+04
1.527004895065829987e+04
1.529095601642994370e+04
1.528875030168083322e+04
1.526418019448641462e+04
1.529389258808553132e+04
1.529308318057181714e+04
1.532043264958275176e+04
1.533174314780233180e+04
1.531227133154354851e+04
1.529883007023603568e+04
1.530453849272898697e+04
1.529859335828152143e+04
1.529363294226415928e+04
1.531447782811135767e+04
1.528936521109353998e+04
1.526234358628467817e+04
1.528323053820710629e+04
1.526022707573309708e+04
1.526392010512985144e+04
1.528901948352362342e+04
1.526065905214056875e+04
1.524494415660413870e+04
1.523401678818290748e+04
1.524486115517189683e+04
1.522158842794655357e+04
1.523711441035027201e+04
1.523244034663719503e+04
1.526535932933358708e+04
1.529197806599938485e+04
1.528496839167384132e+04
1.531842333157183384e+04
1.529810911466335165e+04
1.530021803802242903e+04
1.529669030741610550e+04
1.531066750083441184e+04
1.533432008410148410e+04
1.531152347292492232e+04
1.532839382078376912e+04
1.531710006662993510e+04
1.530182984358313479e+04
1.529132233017508042e+04
1.529308054091015401e+04
1.534037507886542517e+04
1.535419192312376072e+04
1.537014563720376100e+04
1.539366572049750357e+04
1.536127901669746643e+04
1.535140564753318358e+04
1.538084038966805565e+04
1.535807485843449467e+04
1.536318416670121587e+04
1.540731672375446396e+04
1.541046099910635166e+04
1.542708298925622330e+04
1.544892725177439570e+04
1.543793521906472961e+04
1.544881249751829273e+04
1.545061594200924992e+04
1.545713133496349292e+04
1.547190201627356328e+04
1.546452851776807620e+04
1.546402935489612537e+04
1.545768168793434415e+04
1.545104068380434728e+04
1.545552154222097670e+04
1.547927655573057928e+04
1.545471653408620477e+04
1.547876782105318489e+04
1.551750859377904271e+04
1.550524620386646347e+04
1.552368660629225633e+04
1.550322431952684383e+04
1.550610051542759356e+04
1.549317270403452676e+04
1.549654812575006508e+04
1.552330744025284912e+04
1.555549768444214351e+04
1.554115490841464634e+04
1.551618066567606729e+04
1.551475922644132334e+04
1.552974294410125185e+04
1.554967305469722487e+04
1.556822729939240344e+04
1.556796643544656399e+04
1.553604762401109110e+04
1.556383738183578134e+04
1.559044789436340398e+04
1.559044789436340398e+04
1.563160125384857747e+04
1.563418104652215516e+04
1.563657400484426216e+04
1.566859829211687247e+04
1.565313339873036239e+04
1.565758113460131608e+04
1.568242742807387003e+04
1.567708151768587595e+04
1.568660388668306587e+04
1.570196837721182783e+04
1.569778948276234223e+04
1.569018899854957090e+04
1.566547909928324952e+04
1.565023888796866777e+04
1.570478236021014709e+04
1.570954552254745613e+04
1.573682706397831316e+04
1.575103367165541385e+04
1.576289179524754582e+04
1.580801730451424555e+04
1.579624987129861438e+04
1.577912334469006782e+04
1.582591835028484456e+04
1.579605924698570561e+04
1.582119393794509779e+04
1.583277132014131348e+04
1.585729965974211336e+04
1.583663124110839271e+04
1.584237065770646404e+04
1.583942040202409953e+04
1.588331632711698148e+04
1.587806149846793778e+04
1.587752779178253877e+04
1.588001515582695720e+04
1.587000147651878251e+04
1.591069360000336019e+04
1.589132898440481040e+04
1.586301100981182572e+04
1.586489527583780728e+04
1.587884817198985729e+04
1.588247023386442561e+04
1.588672689871114380e+04
1.588218717598746844e+04
1.589430074980208519e+04
1.590448251390038786e+04
1.590752019560434383e+04
1.592771009740371665e+04
1.592059659864405330e+04
1.591711766480750703e+04
1.592360231375052717e+04
1.593510750577277213e+04
1.594032198210839306e+04
1.590183300436421996e+04
1.591646369662974575e+04
1.587367136399340598e+04
1.588155527515129143e+04
1.590671537524756059e+04
1.593094702204224450e+04
1.593693918725540061e+04
1.594648734124702423e+04
1.593394692098935957e+04
1.594184234575975461e+04
1.591315451495536945e+04
1.594054047369815817e+04
1.598262678075287295e+04
1.596693688476324678e+04
1.597687172671992630e+04
1.598562163467901883e+04
1.603821739038157284e+04
1.602760166605250379e+04
1.607320140673929745e+04
1.611915090435593447e+04
1.616694326331687262e+04
1.615549166355669149e+04
1.615625703269928272e+04
1.613559566350128625e+04
1.616478346792136472e+04
1.619187916992467217e+04
1.622746877542429502e+04
1.622487450540075588e+04
1.627866912759687148e+04
1.629375634274684671e+04
1.629631082673005585e+04
1.631886621507292330e+04
1.632141333571757423e+04
1.632257290685559383e+04
1.634179421246800302e+04
1.634188070557625178e+04
1.638591339098412936e+04
1.640467764300210183e+04
1.639333078460155230e+04
1.635764932956822486e+04
1.635681084613915300e+04
1.641208506626671442e+04
1.645193949859897839e+04
1.644780728731589261e+04
1.647856334518904987e+04
1.651714738814677185e+04
1.655230730387058429e+04
1.657299482764832283e+04
1.656582989045262002e+04
1.656254976765158426e+04
1.652710778586980814e+04
1.655922172218378546e+04
1.655654183479946369e+04
1.654676415027796247e+04
1.658941146791691790e+04
1.657165912993066740e+04
1.657530487343041750e+04
1.656828077767161085e+04
1.658459472397986247e+04
1.659586703618111642e+04
1.661682270086782228e+04
1.662448086852772758e+04
1.661443824964080704e+04
1.660305126260684483e+04
1.659441414932368207e+04
1.662257004205774138e+04
1.663224876440996377e+04
1.663224876440996377e+04
1.662899009484140697e+04
1.666280600620516634e+04
1.666694579542024076e+04
1.672434857944729811e+04
1.671851099801363307e+04
1.675120396285644529e+04
1.677475850941206591e+04
1.677135621324224485e+04
1.680212264897578279e+04
1.680722046001134731e+04
1.686117764775488467e+04
1.681308513032917108e+04
1.681056969926433885e+04
1.680427551518366818e+04
1.685828900456960037e+04
1.682125953681545070e+04
1.680057270346411678e+04
1.680012151780701606e+04
1.676969209890639831e+04
1.675331970308457676e+04
1.673204149805918132e+04
1.675153844343879973e+04
1.673624391822416874e+04
1.676121776293372386e+04
1.674553604879255363e+04
1.672731327173229147e+04
1.673883990287642519e+04
1.678101846475473212e+04
1.680096289815981436e+04
1.680652251447109666e+04
1.678349447629095448e+04
1.675561645623225195e+04
1.679376448229524613e+04
1.676865010128467475e+04
1.679192910826744264e+04
1.678845247270200343e+04
1.678788085801822672e+04
1.675606374980793407e+04
1.679738752105141248e+04
1.682123085334250209e+04
1.683795233515659129e+04
1.684592626379782814e+04
1.681400223067782645e+04
1.684296268524900006e+04
1.684970852268471936e+04
1.683176896528185171e+04
1.684285823869250089e+04
1.683778058663012052e+04
1.681475098196043109e+04
1.683940217221221974e+04
1.681142204713369574e+04
1.679542043734682375e+04
1.678231724073859368e+04
1.677075840293600777e+04
1.680293243238759533e+04
1.677847015583967004e+04
1.679449172515113241e+04
1.677869306709765442e+04
1.678626150643113215e+04
1.678017626331877545e+04
1.677338413631531512e+04
1.678552210754251428e+04
1.679058641802262719e+04
1.681358139322557690e+04
1.680689094937825575e+04
1.678462898490729276e+04
1.675378813005446864e+04
1.674395312152972474e+04
1.674667015372735113e+04
1.676044467447064380e+04
1.674396493208561878e+04
1.675784483561889283e+04
1.677417544759013253e+04
1.678760288520300310e+04
1.683728679423854919e+04
1.683697871861332533e+04
1.683431344378254653e+04
1.687560818938322336e+04
1.686653334984249886e+04
1.687030459902803341e+04
1.689265417595719191e+04
1.690822512466057742e+04
1.692152248774133841e+04
1.697140801340028702e+04
1.698049708527750772e+04
1.700185848408735546e+04
1.701934491540995441e+04
1.700590721026628671e+04
1.705292150383003172e+04
1.706760216239342844e+04
1.706533779250913358e+04
1.707356814479466266e+04
1.709436056993804959e+04
1.712495536313841876e+04
1.712495300336975924e+04
1.716550014824190657e+04
1.719275787175506775e+04
1.715990578252240084e+04
1.717328366069334152e+04
1.714806153205667579e+04
1.718430386103818455e+04
1.716352063163980711e+04
1.715398372044856296e+04
1.712908699095814518e+04
1.710892726689678238e+04
1.715257302796043223e+04
1.718317090887202721e+04
1.722476397448456191e+04
1.719781674250869037e+04
1.720773658467473797e+04
1.722535279253498084e+04
1.727092624679213623e+04
1.728692935805460002e+04
1.729502152741299142e+04
1.730975715774574564e+04
1.729682497891981620e+04
1.730911743780762117e+04
1.730266870910772559e+04
1.728340895317465402e+04
1.728340895317465402e+04
1.730134349490101158e+04
1.729871416889567263e+04
1.725274384319925230e+04
1.723052441571724557e+04
1.724616427402904083e+04
1.724691230927462675e+04
1.727837633928901414e+04
1.725670137881831397e+04
1.722706335096829207e+04
1.725918999956992411e+04
1.726359058159169217e+04
1.726408546326564101e+04
1.728815280222915317e+04
1.731484346182657828e+04
1.733420800306670935e+04
1.735376907670872242e+04
1.733946517062450948e+04
1.730068827869991946e+04
1.731792687593236042e+04
1.732029820231330814e+04
1.729713763940201898e+04
1.731633210671723646e+04
1.729214564201049143e+04
1.728807285328901708e+04
1.725009226438652331e+04
1.727937969744156362e+04
1.729019862023813039e+04
1.732384955781314056e+04
1.731972960717378737e+04
1.730808678556211089e+04
1.732742349745298634e+04
1.732166614454716182e+04
1.732177488229604205e+04
1.730430363630784996e+04
1.729368301456360132e+04
1.733214347273630847e+04
1.734466671911840604e+04
1.732672111078432135e+04
1.731483613567664725e+04
1.733635979195119216e+04
1.733040728006452628e+04
1.734360583811554898e+04
1.734122151343401129e+04
1.733021163245287244e+04
1.733742244481281523e+04
1.735650202917248316e+04
1.734085884273670672e+04
1.739379495080155539e+04
1.738910058759633466e+04
1.740993512009857295e+04
1.739434010923340975e+04
1.737970715555762217e+04
1.737881498510473830e+04
1.740025252680331323e+04
1.740715773454097507e+04
1.741055132403477910e+04
1.745242939317528726e+04
1.742023495512723457e+04
1.746552193226890449e+04
1.744568177470537557e+04
1.743310093162530393e+04
1.746881013241578694e+04
1.749288785978688975e+04
1.750840757437959110e+04
1.746384583276721969e+04
1.751048458501395362e+04
1.749135438605534000e+04
1.746762270480759616e+04
1.746010619377897820e+04
1.748552276793366764e+04
1.744653060248473776e+04
1.741695789772508942e+04
1.738230248622551517e+04
1.740607165704528961e+04
1.741190686222737713e+04
1.741400688199298384e+04
1.742987400798259478e+04
1.746589303575348822e+04
1.747547611008210515e+04
1.745185840317449038e+04
1.746710567525352963e+04
1.747035708418465219e+04
1.749802378713158396e+04
1.750153836345179661e+04
1.753198581041346188e+04
1.755702564927585991e+04
1.754674306279091616e+04
1.756103490596172924e+04
1.760576527807431921e+04
1.763505635331002486e+04
1.764719591571873752e+04
1.765085407444795419e+04
1.765753988561287770e+04
1.768992479719883704e+04
1.768620341743253448e+04
1.770188399518666847e+04
1.766627485694305142e+04
1.765141332548397622e+04
1.767458577425650947e+04
1.768406154261817210e+04
1.767367852781621332e+04
1.763429610484249497e+04
1.760770040959613834e+04
1.758126965044369717e+04
1.760413169890849531e+04
1.758039649179633852e+04
1.755138400485822785e+04
1.755651027935305683e+04
1.753858193992340239e+04
1.752194910570427601e+04
1.755725212647308945e+04
1.753470607164355533e+04
1.760041595217948634e+04
1.761607628369032318e+04
1.761867300777393029e+04
1.763558911551421988e+04
1.766054256303257353e+04
1.767232377742101744e+04
1.770566276933030167e+04
1.770566276933030167e+04
1.776928081955326343e+04
1.776046860806374752e+04
1.781107233119958619e+04
1.781934069930144324e+04
1.783272579096769186e+04
1.785098761642165482e+04
1.790095011970826454e+04
1.795456870602296840e+04
1.796180251706211129e+04
1.794694973201704852e+04
1.794515469929495521e+04
1.797436933174837031e+04
1.798883990576524593e+04
1.801029753504534165e+04
1.801705671303181589e+04
1.805239961775757911e+04
1.807671741292436855e+04
1.810953263768924444e+04
1.810214590959833367e+04
1.809733163254678220e+04
1.810978849772589092e+04
1.811941777680029554e+04
1.814440004350568779e+04
1.814952790209638260e+04
