-3.546946408202225484e+03
-3.520570789439184864e+03
-3.481684591356619421e+03
-3.425949700701858546e+03
-3.379191491808285264e+03
-3.344084199807982259e+03
-3.314390038710309454e+03
-3.290602219770538795e+03
-3.265842600320371275e+03
-3.247923632735622959e+03
-3.240219370949918357e+03
-3.216635015616727287e+03
-3.210421456638386189e+03
-3.190396983984786857e+03
-3.184368637370812394e+03
-3.194518676452204545e+03
-3.210661901510471125e+03
-3.234311684861986123e+03
-3.237878354137560109e+03
-3.237180494106522929e+03
-3.239892886419597744e+03
-3.258856690823961344e+03
-3.280895473811848206e+03
-3.287910035865834743e+03
-3.291998663982599282e+03
-3.295384669815048255e+03
-3.312729678283674275e+03
-3.318664862865880423e+03
-3.314705757904268012e+03
-3.321272018904296147e+03
-3.329349830576990826e+03
-3.335897828785642105e+03
-3.356684646186505688e+03
-3.346811748075228479e+03
-3.358062742818955940e+03
-3.357980967724681250e+03
-3.372278455934871999e+03
-3.371492451598782736e+03
-3.368766446350470233e+03
-3.374227506425760112e+03
-3.372446918763700978e+03
-3.386514329528549752e+03
-3.401461548511080764e+03
-3.387869176535593397e+03
-3.378814662777087960e+03
-3.371284804348577836e+03
-3.379614269320148651e+03
-3.370303605839766988e+03
-3.384230234962145914e+03
-3.390607704033071968e+03
-3.394583546444559033e+03
-3.401762877601823675e+03
-3.412862362711761762e+03
-3.421386284066571989e+03
-3.413108228493512343e+03
-3.413668536786065943e+03
-3.404938080841126975e+03
-3.399303494218122978e+03
-3.405957727219366916e+03
-3.400566786558094918e+03
-3.407052406227387564e+03
-3.412029224254300971e+03
-3.409640607005813763e+03
-3.397201550818796022e+03
-3.410001600713768312e+03
-3.407009224716993231e+03
-3.411925819165111079e+03
-3.408259697322254397e+03
-3.412259673633435796e+03
-3.417081326776292372e+03
-3.419914950525806034e+03
-3.418737714307328588e+03
-3.412397290567791060e+03
-3.414806168140471527e+03
-3.422379766959468725e+03
-3.424986191266175865e+03
-3.417453188984705321e+03
-3.416557001610603038e+03
-3.415824450354316014e+03
-3.425604980452349537e+03
-3.430125118407032915e+03
-3.425585421817624592e+03
-3.427557111614613859e+03
-3.442162483372908355e+03
-3.443861547574716496e+03
-3.452030572079728699e+03
-3.450075657994417725e+03
-3.453587472306925974e+03
-3.452204458795737992e+03
-3.461142893638750138e+03
-3.471647690758439239e+03
-3.480335552296783590e+03
-3.494030229713416702e+03
-3.491109272983235314e+03
-3.501485222042697842e+03
-3.498104891093903007e+03
-3.504423844045303213e+03
-3.511730402512938781e+03
-3.527273376802408620e+03
-3.525002487629823008e+03
-3.520553194116994746e+03
-3.522775745120869942e+03
-3.528804672457048582e+03
-3.535278451206050704e+03
-3.528979874674886560e+03
-3.514041584986009639e+03
-3.524165683976767923e+03
-3.529969042703870400e+03
-3.533002971256151341e+03
-3.534421940706091391e+03
-3.534766602030587819e+03
-3.545772104477890480e+03
-3.556706450597830553e+03
-3.562228793704525287e+03
-3.568547522756202852e+03
-3.573092520275854440e+03
-3.558003224389078241e+03
-3.554276255405113716e+03
-3.551320870370933790e+03
-3.551320870370933790e+03
-3.555338781376691713e+03
-3.554152153765349340e+03
-3.546330317736302732e+03
-3.534883737745146391e+03
-3.527690642294393001e+03
-3.529946482493374788e+03
-3.517050908822726797e+03
-3.526019297363234728e+03
-3.526632945071804897e+03
-3.518422291842048253e+03
-3.505891067781444235e+03
-3.507776667064943467e+03
-3.509710186313137910e+03
-3.502457143698354685e+03
-3.518433618695688438e+03
-3.524788739893856473e+03
-3.527475158184302018e+03
-3.533721254342076918e+03
-3.521857625367739274e+03
-3.516349538709990156e+03
-3.517311188930274511e+03
-3.519087565800850371e+03
-3.517177346435385516e+03
-3.522666273968055521e+03
-3.527046805968453100e+03
-3.534213234059354363e+03
-3.543694079772320492e+03
-3.540144130533613861e+03
-3.531918640954125749e+03
-3.532261856344239732e+03
-3.538913814134408312e+03
-3.537735843533577281e+03
-3.535006067335051739e+03
-3.531463919563234867e+03
-3.527389019979339537e+03
-3.522451764099123011e+03
-3.516589691440432034e+03
-3.503833694369131990e+03
-3.511476574208963939e+03
-3.515979196044493165e+03
-3.518865916601158915e+03
-3.522561370795282073e+03
-3.523579220168238407e+03
-3.520470237380485287e+03
-3.527622751048292230e+03
-3.529835423493713279e+03
-3.524602285696331819e+03
-3.515535826276952776e+03
-3.502737532387873671e+03
-3.508165763649518340e+03
-3.500192934362123196e+03
-3.490123740723838637e+03
-3.476876352865579975e+03
-3.485079500462393298e+03
-3.483075264204112045e+03
-3.481728473673957524e+03
-3.486100749012588494e+03
-3.481455022440588891e+03
-3.469462773667994043e+03
-3.473835698459941341e+03
-3.482961282713672517e+03
-3.483920346832307132e+03
-3.484026434097250331e+03
-3.475454919894612431e+03
-3.474034663454376641e+03
-3.464438461891583302e+03
-3.478484982573253092e+03
-3.485546394580798733e+03
-3.490134274263098177e+03
-3.499690190112467917e+03
-3.504979528505095004e+03
-3.506902542774265385e+03
-3.504525146707624572e+03
-3.510942083481220379e+03
-3.509686819577315418e+03
-3.507738985478385075e+03
-3.508779435692147672e+03
-3.500342079182529233e+03
-3.491987487937935384e+03
-3.498217376808407607e+03
-3.499878282195890279e+03
-3.494693939329859859e+03
-3.484733011767954849e+03
-3.486924331623425587e+03
-3.485812821762289332e+03
-3.497621426477232035e+03
-3.506800624337398403e+03
-3.517287101983178218e+03
-3.503896442350725920e+03
-3.497525970247599162e+03
-3.500292015717753657e+03
-3.494782750983563346e+03
-3.502962456842101801e+03
-3.507081866373872344e+03
-3.502423550294953202e+03
-3.499530544730932888e+03
-3.494783145861699722e+03
-3.489756810407729972e+03
-3.479477562434225547e+03
-3.476070473886948548e+03
-3.489063228705485017e+03
-3.487366973367495575e+03
-3.495415929715212769e+03
-3.501402344123803232e+03
-3.509738327068682338e+03
-3.512453342075620640e+03
-3.514480072037865284e+03
-3.516041158699905282e+03
-3.507998563205852406e+03
-3.513775178695431350e+03
-3.501388018801329963e+03
-3.509232774704965323e+03
-3.502745585427373499e+03
-3.504202470751991314e+03
-3.500401701181945555e+03
-3.496752006120678743e+03
-3.506419304483350061e+03
-3.499388641864366036e+03
-3.508756910001543019e+03
-3.508756910001543019e+03
-3.492197278857681795e+03
-3.498364012922235361e+03
-3.507452241097957994e+03
-3.505002787541929592e+03
-3.494481744192379210e+03
-3.494496569442630062e+03
-3.502556147359610804e+03
-3.495516030570651310e+03
-3.495835911994388425e+03
-3.506562399506929523e+03
-3.505714112684826887e+03
-3.501943929722691337e+03
-3.502201788491254320e+03
-3.490606905840093532e+03
-3.489186578017273405e+03
-3.486929647667077461e+03
-3.476585085801341393e+03
-3.463254438965925146e+03
-3.459489273756143575e+03
-3.465343417616371426e+03
-3.470982438259588889e+03
-3.468830144091647981e+03
-3.483791375098879143e+03
-3.480407920138405643e+03
-3.474827650472222103e+03
-3.480376274672219097e+03
-3.467467573684272338e+03
-3.470043703297235879e+03
-3.463630778063325579e+03
-3.472764254608898682e+03
-3.480290158913883261e+03
-3.489098634717362529e+03
-3.502563108673079569e+03
-3.493659096922464414e+03
-3.496101937280712718e+03
-3.491826641747726626e+03
-3.498732820306994199e+03
-3.496012411204133059e+03
-3.491529999201958162e+03
-3.481188544681427629e+03
-3.479384952246921785e+03
-3.476109218319376851e+03
-3.471040948661451694e+03
-3.457717266950211979e+03
-3.455311937035421124e+03
-3.455093327666010737e+03
-3.461355192892750892e+03
-3.457224704000811471e+03
-3.473863967525658154e+03
-3.474642699485804314e+03
-3.474437978923397623e+03
-3.485588079187220501e+03
-3.495221766787286924e+03
-3.502165913481132520e+03
-3.506047018753819430e+03
-3.521043366705883727e+03
-3.516025325706279091e+03
-3.523160501865611423e+03
-3.522976634799359090e+03
-3.529607844213545377e+03
-3.542787545329124896e+03
-3.524603681696458352e+03
-3.517101231646921406e+03
-3.508077689399215615e+03
-3.506321434471301018e+03
-3.504076846452958307e+03
-3.505791262530956828e+03
-3.500189246924622239e+03
-3.484154682893195968e+03
-3.491061191751702609e+03
-3.491786019697536176e+03
-3.477794064510717817e+03
-3.483066079882970371e+03
-3.478706459705994803e+03
-3.470666340730990669e+03
-3.470582278754796789e+03
-3.473795855586965899e+03
-3.457603919410166327e+03
-3.449455862974094543e+03
-3.461029141986473860e+03
-3.475296655299621307e+03
-3.479638277071228913e+03
-3.482947776779101332e+03
-3.477295149171525281e+03
-3.489090146326107970e+03
-3.472510196075669228e+03
-3.468461568226995496e+03
-3.464553669064338465e+03
-3.454847183487187976e+03
-3.447632153168016885e+03
-3.439120715446822032e+03
-3.441143705380758092e+03
-3.437405881995006894e+03
-3.431526448553802766e+03
-3.415797466599131440e+03
-3.406665712788128531e+03
-3.420856407994212987e+03
-3.413768005814865774e+03
-3.412087501277569118e+03
-3.412065533566881641e+03
-3.401014522741056226e+03
-3.403676459877126035e+03
-3.409030730581986973e+03
-3.398830728981604807e+03
-3.396544344852710310e+03
-3.401488142094575323e+03
-3.404538814106393602e+03
-3.412706101350692734e+03
-3.420494304852462392e+03
-3.420987925274222107e+03
-3.423762253456589860e+03
-3.420017415015169263e+03
-3.433276094882071448e+03
-3.427891766724451827e+03
-3.435003727097354840e+03
-3.438224577683371535e+03
-3.445605718985604653e+03
-3.454301536345798013e+03
-3.468978338286334747e+03
-3.468978338286334747e+03
-3.471117681750785778e+03
-3.469821234735209600e+03
-3.456775360838644701e+03
-3.456232608853271813e+03
-3.465445192425564073e+03
-3.465988771022306992e+03
-3.473425984507767225e+03
-3.467538203124473057e+03
-3.470297792373252378e+03
-3.480253321984488139e+03
-3.477221303098362114e+03
-3.462958459809622582e+03
-3.473262535941665192e+03
-3.480990387630292389e+03
-3.484880023644129324e+03
-3.480025376006582519e+03
-3.465705726126843274e+03
-3.451562663326264556e+03
-3.444850979990505948e+03
-3.447925721637534480e+03
-3.455206046671864442e+03
-3.457951635072869067e+03
-3.454245082540076510e+03
-3.447735038500227802e+03
-3.456481750398111217e+03
-3.460927953682300085e+03
-3.477605791776355090e+03
-3.468549102627368939e+03
-3.462525175108540225e+03
-3.462203587443098513e+03
-3.471740116093901179e+03
-3.472687529337201340e+03
-3.472247224089074280e+03
-3.464238217473452096e+03
-3.472818485665446133e+03
-3.471097874799764213e+03
-3.463855619768782162e+03
-3.472128752333600914e+03
-3.474857772373805346e+03
-3.481440351837649359e+03
-3.480949766291214019e+03
-3.467647582994572986e+03
-3.462733209190817888e+03
-3.452812172644777093e+03
-3.452051305511603459e+03
-3.452532377757699578e+03
-3.447761132045136037e+03
-3.442741294382195065e+03
-3.443044571617158908e+03
-3.448710055175027264e+03
-3.458384283807798965e+03
-3.444343279691317548e+03
-3.444632929818686080e+03
-3.451978727554422676e+03
-3.457093085061448619e+03
-3.469814835395828140e+03
-3.471587260438357134e+03
-3.470776873685367718e+03
-3.473803098792321634e+03
-3.480065854262980338e+03
-3.478347167718500714e+03
-3.470026277741192189e+03
-3.468365714948700770e+03
-3.479637717013248221e+03
-3.486817238506770082e+03
-3.480517588055563465e+03
-3.479655134980305775e+03
-3.477187597582075796e+03
-3.481587078186312283e+03
-3.481031477652115427e+03
-3.476663115139328056e+03
-3.473027303731512347e+03
-3.465437817216979511e+03
-3.463581471413321651e+03
-3.465178734436763989e+03
-3.463982757045975177e+03
-3.461507339061780385e+03
-3.452152256168955319e+03
-3.442833984250660706e+03
-3.449149971612366699e+03
-3.451147032265325834e+03
-3.461755360120567275e+03
-3.469525483259291832e+03
-3.470334849399177529e+03
-3.479075350181817612e+03
-3.467005628662631352e+03
-3.471523831777872147e+03
-3.466323128450131662e+03
-3.464229864753838228e+03
-3.464479920003860570e+03
-3.467744809233136039e+03
-3.464548898109941092e+03
-3.465400232787309960e+03
-3.473597091098568853e+03
-3.471283704743481394e+03
-3.461625526439075657e+03
-3.464627091663880947e+03
-3.476885909126741353e+03
-3.472469448149269738e+03
-3.477555718866531606e+03
-3.476396591694199742e+03
-3.463589194165483605e+03
-3.473669426149054743e+03
-3.470524125907462349e+03
-3.480471966167277969e+03
-3.478015832022056657e+03
-3.493361409360426023e+03
-3.502516657784451127e+03
-3.499243686875005551e+03
-3.495490675284152530e+03
-3.512746369884403066e+03
-3.506340674032006063e+03
-3.502062596650039268e+03
-3.493370547879046171e+03
-3.501246881742762071e+03
-3.508083314205700844e+03
-3.516399660072298957e+03
-3.526495454807251917e+03
-3.530661362634628858e+03
-3.530661362634628858e+03
-3.521456289847043081e+03
-3.526523026463561109e+03
-3.531242181469969637e+03
-3.530641161415938313e+03
-3.546752649453038430e+03
-3.549449256648821574e+03
-3.539485598947295784e+03
-3.536810372426426966e+03
-3.546464037177323917e+03
-3.535485595072861997e+03
-3.524135132492250250e+03
-3.515701085856613645e+03
-3.516028652656712438e+03
-3.507549933885448809e+03
-3.502070766592265954e+03
-3.515555952674033506e+03
-3.518528394755516274e+03
-3.520147779866967085e+03
-3.515911485347966391e+03
-3.517958738999546313e+03
-3.504716875981237536e+03
-3.516787248696876304e+03
-3.522096229847710219e+03
-3.523728350720673916e+03
-3.522493589344300290e+03
-3.521309860258405479e+03
-3.505889346773212765e+03
-3.497959584935584644e+03
-3.491029401634508758e+03
-3.485738190504247996e+03
-3.472050251017509254e+03
-3.455392271328621518e+03
-3.448449265364710300e+03
-3.450281350085187569e+03
-3.452657471748060743e+03
-3.448439711570271356e+03
-3.444742810646327598e+03
-3.453696603010111630e+03
-3.444949706183029775e+03
-3.458534657506699205e+03
-3.450341996811983790e+03
-3.454305539663161653e+03
-3.446481292312490041e+03
-3.456851177821879446e+03
-3.462742872431310388e+03
-3.481548202003179540e+03
-3.479437737822228883e+03
-3.465756850528987798e+03
-3.459797752654163560e+03
-3.459651495962050376e+03
-3.465807338372866070e+03
-3.463570735913898716e+03
-3.470649356673604871e+03
-3.454559339618670947e+03
-3.453915168602310587e+03
-3.459585657435340636e+03
-3.450507105140417025e+03
-3.451035573064895743e+03
-3.445507936487167171e+03
-3.433796219045571434e+03
-3.440245167641548051e+03
-3.435412391614715034e+03
-3.442580127594711939e+03
-3.446468966897848986e+03
-3.444964547703273183e+03
-3.429877087009951083e+03
-3.447452492166883530e+03
-3.441427737540128419e+03
-3.444182394177239530e+03
-3.437672615258993119e+03
-3.456967802885603305e+03
-3.444748568028844147e+03
-3.439768385403361663e+03
-3.444642959018663532e+03
-3.459382350356914230e+03
-3.464991408022211090e+03
-3.457212188473468359e+03
-3.449950858979983877e+03
-3.453026261272349529e+03
-3.449499492945577003e+03
-3.447105621163399519e+03
-3.453262212319852551e+03
-3.455525461720690146e+03
-3.451081445631949919e+03
-3.445915835560979303e+03
-3.461420992881259281e+03
-3.453434950942419164e+03
-3.445469928794649604e+03
-3.458334836070310303e+03
-3.455986286109983666e+03
-3.461671517989621861e+03
-3.460342336119262200e+03
-3.442366371950812663e+03
-3.435559922840420768e+03
-3.442176875956372896e+03
-3.442409960045179105e+03
-3.432093386752515471e+03
-3.420816706533151319e+03
-3.411960579697929916e+03
-3.413738018760053365e+03
-3.419737067981397558e+03
-3.430896310425947377e+03
-3.416101745559512437e+03
-3.415602793544286214e+03
-3.410899810562962557e+03
-3.417839248395131563e+03
-3.421865193041467137e+03
-3.415765661186549551e+03
-3.426446844058970782e+03
-3.431876681947336692e+03
-3.430593375511325121e+03
-3.429724087397397398e+03
-3.428564124302865821e+03
-3.413749319345070944e+03
-3.419874663882666482e+03
-3.432289268325486319e+03
-3.433634915630698742e+03
-3.444010515042143197e+03
-3.447521406852106338e+03
-3.447521406852106338e+03
-3.459846003280470086e+03
-3.461506485142285783e+03
-3.450445852522645964e+03
-3.463314370097113624e+03
-3.470146318608969978e+03
-3.465218384635499206e+03
-3.476202907640747526e+03
-3.489464717669003676e+03
-3.490708103176541499e+03
-3.495123983890589443e+03
-3.493533301160049632e+03
-3.495723662365806831e+03
-3.499409384357556064e+03
-3.501847028262443018e+03
-3.505038263060670033e+03
-3.493946346658400216e+03
-3.486153714960317302e+03
-3.485343704005933432e+03
-3.502960925531089288e+03
-3.511514114604630322e+03
-3.512177219780196083e+03
-3.499240716764117678e+03
-3.486018968080935792e+03
-3.500390413094863561e+03
-3.485101260350018947e+03
-3.492077997892825351e+03
-3.492079928469975130e+03
-3.493332054325733679e+03
-3.509892815224974129e+03
-3.513304054378382261e+03
-3.518869694572708795e+03
-3.499407226835596248e+03
-3.499766256161516139e+03
-3.486694667604853294e+03
-3.477181999667413493e+03
-3.465952453617716401e+03
-3.466797913115970914e+03
-3.471354313219315372e+03
-3.464387765638833116e+03
-3.470111814648128075e+03
-3.465175782917990546e+03
-3.461000616729850208e+03
-3.466240193840842949e+03
-3.471907069542433874e+03
-3.466636456732242550e+03
-3.472616371521091878e+03
-3.481579783609212882e+03
-3.476248117798487783e+03
-3.481169407446795049e+03
-3.482479306235415606e+03
-3.472289691870176739e+03
-3.476931459718694441e+03
-3.468714759569480066e+03
-3.468563314707831069e+03
-3.470404285206225723e+03
-3.481248337498772344e+03
-3.480160560584237828e+03
-3.470613460352048605e+03
-3.466952808301746700e+03
-3.464346130566213560e+03
-3.465077919880083755e+03
-3.480317555181819898e+03
-3.483734790932555370e+03
-3.482563575710096302e+03
-3.467665559220436990e+03
-3.447204060375153858e+03
-3.460431392648198198e+03
-3.462333702024800914e+03
-3.449434378721439316e+03
-3.438820189186104926e+03
-3.438259118187623699e+03
-3.427304847345557391e+03
-3.417055523238333990e+03
-3.422263078811493870e+03
-3.419441505987005257e+03
-3.402643961436056088e+03
-3.395874107296221609e+03
-3.410359459554147179e+03
-3.402488436795603775e+03
-3.412457020759894931e+03
-3.404281205243361455e+03
-3.417042551678733616e+03
-3.433869931390587226e+03
-3.415138270907144943e+03
-3.410055064628958007e+03
-3.398921944189668466e+03
-3.415000108450407879e+03
-3.400637249435440481e+03
-3.383979553573914927e+03
-3.383014226404657165e+03
-3.363949926150826286e+03
-3.375658002652925006e+03
-3.368400283305577432e+03
-3.357543432841295726e+03
-3.357776260533354616e+03
-3.341967851283387517e+03
-3.343737322297218270e+03
-3.342461084863230099e+03
-3.348227572502893508e+03
-3.362654574993115602e+03
-3.374219959594426200e+03
-3.384178301973717680e+03
-3.385990069849892279e+03
-3.371983123648722994e+03
-3.367957240052959605e+03
-3.368741854319337108e+03
-3.378987761407490325e+03
-3.392430889653307531e+03
-3.373693357825043222e+03
-3.373963310066503709e+03
-3.386583260710311606e+03
-3.383246086429010575e+03
-3.371285052590813848e+03
-3.372889603266259655e+03
-3.371732313723641710e+03
-3.360467129165725510e+03
-3.357725353577932310e+03
-3.372579959033349951e+03
-3.384430967902753764e+03
-3.384430967902753764e+03
-3.383891587352527495e+03
-3.385449068888065540e+03
-3.395320160007745926e+03
-3.398302771220342947e+03
-3.390493763978717197e+03
-3.399822367080608274e+03
-3.391198536891172353e+03
-3.373167208954244870e+03
-3.357426285514413848e+03
-3.350961099175054187e+03
-3.375010310686365301e+03
-3.385675414749825450e+03
-3.393449666766102382e+03
-3.399323405856030604e+03
-3.409353200473063225e+03
-3.419123971773583889e+03
-3.414132014657951459e+03
-3.420042574408125802e+03
-3.438210161164990495e+03
-3.434691162341500785e+03
-3.430975548271833304e+03
-3.413098608488406626e+03
-3.400112028470559835e+03
-3.402003792203903686e+03
-3.395749850629063531e+03
-3.397572685482471570e+03
-3.407755074724359929e+03
-3.406584277077983643e+03
-3.405673387794967311e+03
-3.413131137265215784e+03
-3.406169111173799593e+03
-3.410696359572575602e+03
-3.406827967875587547e+03
-3.428383836948468343e+03
-3.444599452274849682e+03
-3.453081133284964835e+03
-3.453766432340897609e+03
-3.449205944949559580e+03
-3.424361787119073597e+03
-3.421503235709091769e+03
-3.413451026280285078e+03
-3.411610465733530873e+03
-3.419470487539185342e+03
-3.417624857523312130e+03
-3.419303949941152041e+03
-3.414255257143249764e+03
-3.407922882452968224e+03
-3.382914888664468435e+03
-3.385720624247570868e+03
-3.379100990944687055e+03
-3.363535859716025698e+03
-3.338244666862237409e+03
-3.350280566459937745e+03
-3.348717757400932896e+03
-3.354046287607230170e+03
-3.365775156265923670e+03
-3.353304466910816245e+03
-3.337366023958965343e+03
-3.354628823648506113e+03
-3.347188517678837798e+03
-3.342425904401911339e+03
-3.339196636909842255e+03
-3.335612029729333244e+03
-3.332641295283540785e+03
-3.315081423906206055e+03
-3.310887372415658319e+03
-3.300378809044623267e+03
-3.306741324354332392e+03
-3.294761135798134092e+03
-3.310619292525258970e+03
-3.321529893258665197e+03
-3.317779523899946071e+03
-3.309297971356828384e+03
-3.313089675154441920e+03
-3.298096046719006608e+03
-3.310876048606996847e+03
-3.313244878899687592e+03
-3.300842068634465249e+03
-3.305185567665437247e+03
-3.295060614756462655e+03
-3.304328634149766913e+03
-3.300423410608414542e+03
-3.299188322509324735e+03
-3.278284573400165300e+03
-3.276836302512683233e+03
-3.283617212757285870e+03
-3.302305588002646346e+03
-3.286159031084414892e+03
-3.278260671495161205e+03
-3.271682082794245616e+03
-3.263975793306809010e+03
-3.261773765822126734e+03
-3.258887343324647190e+03
-3.248739161091494680e+03
-3.234769031536709917e+03
-3.227669038060598268e+03
-3.217496803331192496e+03
-3.199604514018476493e+03
-3.199236946864267338e+03
-3.212316369320729336e+03
-3.205565153992918567e+03
-3.224071640532611127e+03
-3.230327926277339429e+03
-3.238126531330325633e+03
-3.259379629650823972e+03
-3.267659109260114292e+03
-3.283876899679620237e+03
-3.272343435827838675e+03
-3.278128524515803747e+03
-3.286295593305141665e+03
-3.287780361538808393e+03
-3.290988648940868188e+03
-3.287758058413411163e+03
-3.268898314653204579e+03
-3.288600499955813575e+03
-3.311729445625488552e+03
-3.304088368747562527e+03
-3.321889185109222126e+03
-3.342599022235151551e+03
-3.342599022235151551e+03
-3.335944932540934133e+03
-3.332389239762680972e+03
-3.339990804793393636e+03
-3.342864959937535787e+03
-3.346802518057169436e+03
-3.342305556555614203e+03
-3.363344248751671330e+03
-3.367591603187276178e+03
-3.354706187879503432e+03
-3.348475650862155817e+03
-3.341568380613003228e+03
-3.353318454878146895e+03
-3.375569387948783515e+03
-3.372397791495155616e+03
-3.392259882463378744e+03
-3.405140639112930330e+03
-3.412555254772692479e+03
-3.419063043043591279e+03
-3.412673548742212915e+03
-3.404670993700065083e+03
-3.390972080635379825e+03
-3.377033378262357473e+03
-3.369113084477307439e+03
-3.387482148612997207e+03
-3.401702462736810503e+03
-3.386128562947837509e+03
-3.388293967073720978e+03
-3.380678196502769424e+03
-3.371147238435423333e+03
-3.354950190744852534e+03
-3.354343382082694916e+03
-3.363832806188776431e+03
-3.378918584982107859e+03
-3.385997364322182420e+03
-3.389030956994778080e+03
-3.375452664946869845e+03
-3.358089933520852355e+03
-3.376265949897455357e+03
-3.373111352422535219e+03
-3.370591449444648788e+03
-3.347833781416046804e+03
-3.372440990020330446e+03
-3.382949863561590973e+03
-3.375280620547833223e+03
-3.379804523314737708e+03
-3.387683546063539325e+03
-3.375390269491160325e+03
-3.356316435425563213e+03
-3.340735646485663437e+03
-3.345389224365447717e+03
-3.332334641390800698e+03
-3.361757478950198220e+03
-3.380484167924083067e+03
-3.385556409690099372e+03
-3.358635830026148142e+03
-3.349880514437274087e+03
-3.345734967913877426e+03
-3.348135690937504478e+03
-3.340010659340297934e+03
-3.333166065361589062e+03
-3.335847360275693973e+03
-3.348912895939288319e+03
-3.341113859775540732e+03
-3.349182251014774920e+03
-3.342335689304104108e+03
-3.326460785424441838e+03
-3.326594512878240039e+03
-3.307317207772101028e+03
-3.334809933849121535e+03
-3.328265448456049853e+03
-3.360014888224386141e+03
-3.354182110746211038e+03
-3.353602326652779084e+03
-3.347911271886651775e+03
-3.356765048542577006e+03
-3.380875678958987464e+03
-3.361466240407280111e+03
-3.361348254420123794e+03
-3.348075352375445163e+03
-3.346327829657575876e+03
-3.359733227908680419e+03
-3.343186598199069522e+03
-3.343236073092410606e+03
-3.335994531795349303e+03
-3.359081532139281080e+03
-3.358216069286046604e+03
-3.349940166713138296e+03
-3.332955675107460593e+03
-3.338230769354716813e+03
-3.348411452066100082e+03
-3.338690885086610251e+03
-3.328703258829131755e+03
-3.311199452065096466e+03
-3.285024219853171417e+03
-3.274438404066975181e+03
-3.281756911275760103e+03
-3.290196651536208719e+03
-3.279029609395297484e+03
-3.278312895256846332e+03
-3.275982469615624723e+03
-3.274314408145839025e+03
-3.266017375305184942e+03
-3.272248596342921701e+03
-3.231623541941226449e+03
-3.214308804301523196e+03
-3.185952006174547478e+03
-3.149825427706730352e+03
-3.138684142157675979e+03
-3.132084554407914766e+03
-3.129794796339152981e+03
-3.100903859020199889e+03
-3.088019664742077111e+03
-3.077414293990731039e+03
-3.085101340225517561e+03
-3.078829469978579255e+03
-3.074325289239523499e+03
-3.088760045134242318e+03
-3.081400052087730728e+03
-3.047390396980661080e+03
-3.047390396980661080e+03
-3.071044608916826746e+03
-3.086197500250021221e+03
-3.066806089645789598e+03
-3.050442831136150289e+03
-3.034279314058961972e+03
-3.051830175015114037e+03
-3.059425638096972307e+03
-3.082286921224478647e+03
-3.099070631200974731e+03
-3.093296805766607577e+03
-3.086751938566361332e+03
-3.072623385364410296e+03
-3.049981857632204083e+03
-3.022778458810977554e+03
-3.005324546383188590e+03
-2.995676358051242005e+03
-2.996649071997064311e+03
-3.016238272426034655e+03
-3.026709886146997633e+03
-3.036829719518487309e+03
-3.051824898147346630e+03
-3.051389807044468853e+03
-3.048660046677192895e+03
-3.050087662596634800e+03
-3.011932159880494964e+03
-3.014192901861952123e+03
-3.003220345108652964e+03
-3.012706793803860364e+03
-3.016344319415467453e+03
-3.009103789572753158e+03
-2.992214561047353982e+03
-2.982584925343589475e+03
-2.980525783085998228e+03
-2.987857747707445014e+03
-2.980026456843852884e+03
-2.991978991794971535e+03
-2.977643298925124327e+03
-3.005855232597866234e+03
-2.992575498078923374e+03
-2.996220844215183206e+03
-2.995504376411484827e+03
-2.971901059674994031e+03
-2.974983876888406485e+03
-2.990586583412561140e+03
-2.993603573147672705e+03
-2.980077282991058837e+03
-2.968448429501989267e+03
-2.976999524900452798e+03
-2.967033121100993412e+03
-2.973799647535494387e+03
-2.974197383751572488e+03
-2.956935135686453123e+03
-2.932814489954951114e+03
-2.913002734607492130e+03
-2.888845893596883343e+03
-2.878278887570519146e+03
-2.887076012708916551e+03
-2.895101691990523250e+03
-2.876165291562937455e+03
-2.874059051191827621e+03
-2.870045002291369656e+03
-2.851677440806001869e+03
-2.842642231961434391e+03
-2.825248667009835117e+03
-2.824289136406741818e+03
-2.807868911160805055e+03
-2.804149642901617426e+03
-2.802180641615821969e+03
-2.797796531352863440e+03
-2.799397398687082841e+03
-2.795089394571851244e+03
-2.786829078091284373e+03
-2.780294931846322470e+03
-2.775565391470040595e+03
-2.772962688269428781e+03
-2.769269154420273935e+03
-2.763855287320727712e+03
-2.755000850167326007e+03
-2.758632766878034090e+03
-2.760376206016117067e+03
-2.761248389864424553e+03
-2.739508906826952170e+03
-2.726968403691443655e+03
-2.742300201746759285e+03
-2.766244737954469201e+03
-2.764022640217325261e+03
-2.769748304048619957e+03
-2.799377370444442931e+03
-2.819479259596585962e+03
-2.837414234605823822e+03
-2.860441407012040600e+03
-2.856507067448713769e+03
-2.904196522346128404e+03
-2.903658422384636651e+03
-2.910858027315162417e+03
-2.945554778445206466e+03
-2.956067229226146537e+03
-3.010325682812397190e+03
-3.068476243180580695e+03
-3.081842508539585651e+03
-3.092085747102084042e+03
-3.117693727719577510e+03
-3.136037710752101248e+03
-3.088561787340732735e+03
-3.109436058607833729e+03
-3.198113934009648347e+03
-3.244718537240838486e+03
-3.266152675057247507e+03
-3.347054560955765737e+03
-3.317102787521631399e+03
-3.252692593059696264e+03
-3.270233423139965453e+03
-3.316910242672535787e+03
-3.347892680392394595e+03
-3.445923583489860903e+03
-3.489590778493297876e+03
-3.534912560973109976e+03
-3.569470510098497471e+03
-3.614139623225318246e+03
-3.614139623225318246e+03
-3.639330930368890222e+03
-3.620412373232009031e+03
-3.649709004494315195e+03
-3.662399452487547023e+03
-3.589650254747074541e+03
-3.611548657191932762e+03
-3.642079842886491861e+03
-3.677360458690915038e+03
-3.728645516539421351e+03
-3.687475607322763153e+03
-3.741480903662652509e+03
-3.731044381827913185e+03
-3.736254275105450688e+03
-3.711465115092657925e+03
-3.739871752099732930e+03
-3.748520121809177908e+03
-3.802323724221804696e+03
-3.784504283091399429e+03
-3.813478630131792215e+03
-3.780307518530036759e+03
-3.803768827961201623e+03
-3.865919239655412184e+03
-3.874020699542190414e+03
-3.877247647353002776e+03
-3.882292019794693715e+03
-3.897048454576969561e+03
-3.944313889816464325e+03
-3.959029952179663269e+03
-3.916497839496179495e+03
-3.946574771244481781e+03
-3.924687918135983182e+03
-3.941231394164046378e+03
-3.922649490413739841e+03
-3.906584896693594601e+03
-3.964009519187631668e+03
-3.927319403528314979e+03
-3.895219126130649784e+03
-3.878958256982027251e+03
-3.911599429483688709e+03
-3.902371933773366436e+03
-3.857272527896785505e+03
-3.836095743669964577e+03
-3.865858859267485059e+03
-3.866116559271058122e+03
-3.894427379098807705e+03
-3.917965535546741194e+03
-3.863344771358108574e+03
-3.867691198579595493e+03
-3.827107305847398038e+03
-3.805986240486259703e+03
-3.825873302739218616e+03
-3.792034799953942183e+03
-3.813087692775668529e+03
-3.844780598903007103e+03
-3.843491247517256397e+03
-3.835626887940395136e+03
-3.807656425200124886e+03
-3.832879135862098337e+03
-3.867245470584934083e+03
-3.851825161816722357e+03
-3.891350910001200191e+03
-3.894827821041523748e+03
-3.892699810013091792e+03
-3.881146095435880852e+03
-3.831779572504087355e+03
-3.832170843384312320e+03
-3.795867707785925631e+03
-3.806899514611695395e+03
-3.794640281138998944e+03
-3.796281445944851384e+03
-3.770235674605558415e+03
-3.769900158027354337e+03
-3.804393383995432941e+03
-3.752315360878807951e+03
-3.794160555473391469e+03
-3.790824042057705810e+03
-3.772617466468288967e+03
-3.748318516457306941e+03
-3.708770818817560667e+03
-3.710308480764894284e+03
-3.702028106035154906e+03
-3.675715892414744303e+03
-3.653332201995124706e+03
-3.676575913430462151e+03
-3.646555986599919379e+03
-3.637508166116411758e+03
-3.598225819026299177e+03
-3.583872112124901378e+03
-3.578710591297018254e+03
-3.607772566704393284e+03
-3.597056603073355291e+03
-3.594331902210579301e+03
-3.601243651836243316e+03
-3.567182715223537343e+03
-3.559616250478124584e+03
-3.570933413910941908e+03
-3.565069078026197985e+03
-3.589865740871969138e+03
-3.616388077864681236e+03
-3.630548670765444513e+03
-3.650428017415995328e+03
-3.683349181178386061e+03
-3.648528212921374688e+03
-3.675881259320793106e+03
-3.658782987745419177e+03
-3.664815944481004408e+03
-3.679132720852312104e+03
-3.637487392394998096e+03
-3.622670379037271687e+03
-3.605259795706812838e+03
-3.622395553163303703e+03
-3.636506134841715266e+03
-3.629092522744379494e+03
-3.615373755453831109e+03
-3.580749585445304547e+03
-3.578646658139111878e+03
-3.577646931881535693e+03
-3.576917203957384118e+03
-3.568240365307923184e+03
-3.568240365307923184e+03
-3.577925802123209905e+03
-3.594553855476870922e+03
-3.601044829623372607e+03
-3.587264395823617178e+03
-3.599141010983281831e+03
-3.610843487753706540e+03
-3.601110756479906740e+03
-3.589988228895872908e+03
-3.566540730440842708e+03
-3.578497010336827316e+03
-3.577710474788379997e+03
-3.560358837312791820e+03
-3.554382343694691826e+03
-3.554100563517100454e+03
-3.545279450598744916e+03
-3.555587593052920965e+03
-3.561608406655813269e+03
-3.568572035502312247e+03
-3.578382719659655777e+03
-3.561056115937672075e+03
-3.557767480534415427e+03
-3.590540656673097146e+03
-3.613041377409399956e+03
-3.624602790519412338e+03
-3.595742326615688398e+03
-3.570861563666005623e+03
-3.590171130820197959e+03
-3.553217656973270550e+03
-3.554033999823654085e+03
-3.528933723624481900e+03
-3.526648086360296929e+03
-3.506075964072416809e+03
-3.490398692037604178e+03
-3.510184117412472006e+03
-3.533655399127463625e+03
-3.517486927424571604e+03
-3.543297998685537550e+03
-3.537001456006896660e+03
-3.555145798155833745e+03
-3.565369859392084891e+03
-3.557260883486543662e+03
-3.543611059402580395e+03
-3.525517918496364928e+03
-3.537129121065947857e+03
-3.530819193078518765e+03
-3.524370304359700185e+03
-3.531736259339860226e+03
-3.513983274078524119e+03
-3.514929472565016567e+03
-3.522017825285659455e+03
-3.491305291091720846e+03
-3.483802426367235057e+03
-3.472230567998258721e+03
-3.479952697768442249e+03
-3.469495570557764495e+03
-3.476870314009972844e+03
-3.483562560119088175e+03
-3.471224762429453222e+03
-3.459815736346916310e+03
-3.454328914687881934e+03
-3.448620685830092498e+03
-3.432584235874481692e+03
-3.426583292927415641e+03
-3.424701627395313608e+03
-3.426977513794626248e+03
-3.423842351439992399e+03
-3.438391902406861846e+03
-3.445890664485536035e+03
-3.458059963038005208e+03
-3.464731311929134790e+03
-3.452000870799809945e+03
-3.475266324899484061e+03
-3.501538493857292906e+03
-3.496030827344416593e+03
-3.484859298176046650e+03
-3.478307086205646101e+03
-3.479394172981329120e+03
-3.467723452505037130e+03
-3.463141907966989947e+03
-3.461776558721168385e+03
-3.445427744370270375e+03
-3.439806345557417444e+03
-3.459334630177336749e+03
-3.442350586876942998e+03
-3.433079658049823593e+03
-3.434566569514338880e+03
-3.437871379837865788e+03
-3.463597739914805970e+03
-3.462964572815128577e+03
-3.466967927242685164e+03
-3.458781776230828200e+03
-3.458502451808939895e+03
-3.454172704499655083e+03
-3.451193797885639015e+03
-3.469263637095362355e+03
-3.457774704579672743e+03
-3.477599178571233097e+03
-3.488476046094661797e+03
-3.504309506810648600e+03
-3.501094252766970385e+03
-3.482757574747182844e+03
-3.488367990327223197e+03
-3.478505954988791018e+03
-3.481628382693364983e+03
-3.479078466397149441e+03
-3.459761725092963388e+03
-3.438944396867475007e+03
-3.433465922982165466e+03
-3.428296480833587339e+03
-3.406574283568705596e+03
-3.403376419304937826e+03
-3.403633658302923777e+03
-3.409590704967109104e+03
-3.396433856875003130e+03
-3.412993529351751931e+03
-3.394355709829034822e+03
-3.377127265347335651e+03
-3.388537856596001347e+03
-3.402049707578487869e+03
-3.402049707578487869e+03
-3.422469790026088504e+03
-3.413210811102467687e+03
-3.399485403640035656e+03
-3.385238739275724129e+03
-3.385267612228728012e+03
-3.406057088503984232e+03
-3.409760359592124587e+03
-3.415275132972018582e+03
-3.413703188319735546e+03
-3.412436727890340990e+03
-3.416094216347365091e+03
-3.405546555431296838e+03
-3.420870831089102921e+03
-3.404291202581914149e+03
-3.397724773092578744e+03
-3.384052686726050979e+03
-3.376586190707554579e+03
-3.380537523741856148e+03
-3.369493603220700152e+03
-3.387972489380770185e+03
-3.384562729085139836e+03
-3.408574190987537804e+03
-3.387661493622176749e+03
-3.387358241436530989e+03
-3.385352324093159950e+03
-3.394291206651972971e+03
-3.394667597033964284e+03
-3.406943936395635774e+03
-3.419619197829046698e+03
-3.419330592429664193e+03
-3.413877282243706759e+03
-3.407374287229923993e+03
-3.401424314577594942e+03
-3.399993185399642243e+03
-3.378600502412753940e+03
-3.372195437690195376e+03
-3.361261308125901451e+03
-3.368152369237439871e+03
-3.370448699036618109e+03
-3.367500989942206161e+03
-3.373001141911673130e+03
-3.384076675538399286e+03
-3.391194255433562375e+03
-3.405516895988259421e+03
-3.405895329435789336e+03
-3.399905562135840682e+03
-3.408993381235120978e+03
-3.408564154873690313e+03
-3.396066072231547423e+03
-3.410192166788525810e+03
-3.404030122464135729e+03
-3.407748481778697624e+03
-3.398293570112627094e+03
-3.391659902660469015e+03
-3.393913766399244196e+03
-3.382760455667287260e+03
-3.377586302710732525e+03
-3.381374548421188592e+03
-3.400464132869567493e+03
-3.399193564397502087e+03
-3.406980945935361433e+03
-3.394977939753017381e+03
-3.395377194560060161e+03
-3.397418232920137143e+03
-3.396590497094910006e+03
-3.394793478326231252e+03
-3.394008042548212870e+03
-3.392593802218529163e+03
-3.409347488493162473e+03
-3.407227629600809905e+03
-3.396166445993228990e+03
-3.393692417450582980e+03
-3.408963248656253199e+03
-3.386920720307030479e+03
-3.378405038558785691e+03
-3.375715710450261213e+03
-3.375709752280112298e+03
-3.384142940974329576e+03
-3.385976028398599738e+03
-3.398845480020052946e+03
-3.387961766946458283e+03
-3.381970853600372266e+03
-3.366291637644088951e+03
-3.345997903923582271e+03
-3.330180359521172250e+03
-3.328936413986838488e+03
-3.350073386687234233e+03
-3.335085373609575981e+03
-3.345088192027569676e+03
-3.334812895073223899e+03
-3.320818798369869455e+03
-3.319449120287033566e+03
-3.323775114585313531e+03
-3.328360912596778235e+03
-3.331210638369284425e+03
-3.333172408413913217e+03
-3.334508885578422905e+03
-3.325438350945649745e+03
-3.315426878850414596e+03
-3.313212241145363350e+03
-3.316413009787891951e+03
-3.313011655719043119e+03
-3.325025122621806531e+03
-3.337820461617769070e+03
-3.321434307368748250e+03
-3.321731071292452725e+03
-3.330872440389175154e+03
-3.327053104947243355e+03
-3.332521252793528674e+03
-3.343498281048564422e+03
-3.331804114149675115e+03
-3.333018714813736096e+03
-3.342683631902404159e+03
-3.340319877996856576e+03
-3.338367314526046812e+03
-3.340778089564477796e+03
-3.362637576385470766e+03
-3.363164248209299330e+03
-3.363979719605816626e+03
-3.363979719605816626e+03
-3.360501280675845464e+03
-3.362686658766283927e+03
-3.351432625696529158e+03
-3.364229637901898514e+03
-3.369666943746672132e+03
-3.378201482195635890e+03
-3.377014875698729611e+03
-3.373852193453909877e+03
-3.367896047798059499e+03
-3.371101350359848311e+03
-3.367723702308273459e+03
-3.365340193172932231e+03
-3.378936758180557263e+03
-3.360688644732605553e+03
-3.364367606480935592e+03
-3.348793907051381666e+03
-3.348165279983578785e+03
-3.337813760191756046e+03
-3.345659063253035129e+03
-3.339361419559514616e+03
-3.347887077376891284e+03
-3.353365183909081679e+03
-3.353118278998384540e+03
-3.360684010706183471e+03
-3.370431844423597340e+03
-3.381013291716589720e+03
-3.377181828019369732e+03
-3.374602852021231229e+03
-3.369943365273102700e+03
-3.359777990676694571e+03
-3.356563094205639118e+03
-3.361758095135270651e+03
-3.364577420982682270e+03
-3.379571759189315344e+03
-3.385917301000486532e+03
-3.376037277099634593e+03
-3.374491732820609286e+03
-3.380154956029008190e+03
-3.372887655939819979e+03
-3.370842061080148596e+03
-3.370228665197103965e+03
-3.366952839409855187e+03
-3.359476230723015306e+03
-3.364026442534861872e+03
-3.362652339756942638e+03
-3.353675621434260393e+03
-3.355188743733630417e+03
-3.354999384988214842e+03
-3.341371113659502498e+03
-3.339993721310006549e+03
-3.333589898261649523e+03
-3.342164866075024293e+03
-3.337450566242668174e+03
-3.350134674312881998e+03
-3.348607582967852522e+03
-3.359560113653019471e+03
-3.364139125203161711e+03
-3.364315086829704796e+03
-3.358911885915207677e+03
-3.356515567668710901e+03
-3.348778369692208344e+03
-3.342674189305939763e+03
-3.335341894562680864e+03
-3.338650680554959763e+03
-3.334150740398542439e+03
-3.340501601409242994e+03
-3.333515321765468343e+03
-3.347941824039235144e+03
-3.334629700558593413e+03
-3.327881718407750213e+03
-3.328104975615405237e+03
-3.310633667835384131e+03
-3.310866503000736429e+03
-3.310861225594038387e+03
-3.299104606225515909e+03
-3.289184688623418879e+03
-3.290919475661903562e+03
-3.298669005441783156e+03
-3.299644663178774863e+03
-3.293308066012423296e+03
-3.307065332597344877e+03
-3.310948500407230767e+03
-3.318147292482187368e+03
-3.313352402551436171e+03
-3.330441975914498471e+03
-3.316484281260203716e+03
-3.302160648322779252e+03
-3.293952157319730759e+03
-3.299626608979214325e+03
-3.291002047778225005e+03
-3.277761679384742820e+03
-3.271395494606349530e+03
-3.287522919580521830e+03
-3.288602147159507240e+03
-3.298701586035386299e+03
-3.297669508014179883e+03
-3.302521288554622515e+03
-3.290564798126674759e+03
-3.283890870338040259e+03
-3.282906995271421238e+03
-3.292523853015831719e+03
-3.276691743795432558e+03
-3.287770380415210639e+03
-3.304410557420197620e+03
-3.304738467361133644e+03
-3.296732349839876861e+03
-3.297418860774843324e+03
-3.309561123680462970e+03
-3.296428346698371115e+03
-3.302209729886971672e+03
-3.286016208936182011e+03
-3.291165825252443938e+03
-3.300945223070230440e+03
-3.303762982956289306e+03
-3.314793354858177281e+03
-3.313405701125612268e+03
-3.313555174538318170e+03
-3.311343819583272307e+03
-3.320930629846810461e+03
-3.320930629846810461e+03
-3.320354130167324456e+03
-3.309553490724135827e+03
-3.301302495646134957e+03
-3.297498532207049266e+03
-3.297566303204395808e+03
-3.293327980316251342e+03
-3.305807398236606332e+03
-3.304137413792368079e+03
-3.300675001276561034e+03
-3.295153429911487819e+03
-3.309631765563480258e+03
-3.313200040851543235e+03
-3.315532075606650778e+03
-3.323438516015157802e+03
-3.314626490289545472e+03
-3.311121054314711728e+03
-3.318148046056055136e+03
-3.305444659671971749e+03
-3.306751409738827533e+03
-3.313942467760643467e+03
-3.309201292120249036e+03
-3.299752819637352331e+03
-3.296316495119190677e+03
-3.306374142113796097e+03
-3.314946953368901632e+03
-3.320259581101377080e+03
-3.320624619092436205e+03
-3.317265035013299439e+03
-3.332428305961545448e+03
-3.335082654778872893e+03
-3.342168266391890029e+03
-3.346024475796100432e+03
-3.345641712942405775e+03
-3.337537939761589769e+03
-3.322860806659788977e+03
-3.324087112815742330e+03
-3.313911246848876090e+03
-3.308265341202083164e+03
-3.311230507063635741e+03
-3.316342546737287648e+03
-3.300916243623857099e+03
-3.304371579967300022e+03
-3.305952727410660373e+03
-3.305814531256990904e+03
-3.310390856721769069e+03
-3.294720520141950146e+03
-3.294265267741850948e+03
-3.276423340863516842e+03
-3.279622206109501349e+03
-3.278848456475805506e+03
-3.281659375652964627e+03
-3.295930683362829768e+03
-3.281863696027995502e+03
-3.264648036416759624e+03
-3.262996048575255827e+03
-3.270103954584958956e+03
-3.260946949118572775e+03
-3.258460141247756837e+03
-3.249402266335850982e+03
-3.253030403536379254e+03
-3.249533500285876926e+03
-3.238667590628759626e+03
-3.248357672862590789e+03
-3.252580237042280714e+03
-3.244917701115930413e+03
-3.246578033665986823e+03
-3.239890307852218939e+03
-3.243010695080883579e+03
-3.248310734109958503e+03
-3.249973862273341638e+03
-3.253228431844996067e+03
-3.245870259468636505e+03
-3.240308919036287989e+03
-3.229533842351340354e+03
-3.241758381380969695e+03
-3.243393379416497737e+03
-3.234279690626933643e+03
-3.238576208339512959e+03
-3.222354501492874533e+03
-3.213188657778463948e+03
-3.225043380322098528e+03
-3.222052796709625909e+03
-3.215549040485311707e+03
-3.210038312201101235e+03
-3.215131453425854033e+03
-3.208643461103449681e+03
-3.210988775062372497e+03
-3.216493354939127130e+03
-3.214948071583124602e+03
-3.205834846053912770e+03
-3.199113329798481573e+03
-3.215239227014710195e+03
-3.215402524701447419e+03
-3.206356033620919789e+03
-3.209744572300400705e+03
-3.214438064033658520e+03
-3.213212598364578298e+03
-3.217515535131767592e+03
-3.216779310444147995e+03
-3.211073042095726123e+03
-3.224628585202863178e+03
-3.214356279790716599e+03
-3.203786290600076427e+03
-3.205029108267963238e+03
-3.215409325629936575e+03
-3.207423829678588390e+03
-3.214939280136884008e+03
-3.217356076670733728e+03
-3.200713031064620736e+03
-3.205303183332554454e+03
-3.197607247208142780e+03
-3.202887714826906631e+03
-3.207929234543304574e+03
-3.193811067090937286e+03
-3.197497546002903619e+03
-3.211461685566065171e+03
-3.214681973568613103e+03
-3.220368128291892390e+03
-3.225599632107536763e+03
-3.225599632107536763e+03
-3.226430306096402546e+03
-3.224919035467055892e+03
-3.224445315805708560e+03
-3.228615953282483588e+03
-3.211735832686656977e+03
-3.203677437854404161e+03
-3.205416995742195923e+03
-3.203333165136316438e+03
-3.208504284343939162e+03
-3.199419800499863413e+03
-3.206669774476935800e+03
-3.202784083842920154e+03
-3.203501844697524575e+03
-3.201084656317957069e+03
-3.201584690808158484e+03
-3.197181352638128828e+03
-3.193037366071228917e+03
-3.199898182286695828e+03
-3.195283432245295899e+03
-3.199150490789409105e+03
-3.195332800692887304e+03
-3.189346128781302468e+03
-3.196614739873061808e+03
-3.196025279124437475e+03
-3.201136779274288529e+03
-3.195391061577272012e+03
-3.197788392617003410e+03
-3.196717006166177725e+03
-3.200778145856052106e+03
-3.206484160052865263e+03
-3.214036462617301368e+03
-3.224267402365617727e+03
-3.215138169022147849e+03
-3.210319315845074470e+03
-3.213592725157509449e+03
-3.211864091786034351e+03
-3.206477460991834505e+03
-3.205696536332658070e+03
-3.203323800574894449e+03
-3.195806584491446301e+03
-3.199200631178945969e+03
-3.189213406702669545e+03
-3.188498020934513079e+03
-3.177531597538636561e+03
-3.185777067901386545e+03
-3.187093705998058795e+03
-3.186061839600050462e+03
-3.185236740894080867e+03
-3.190553170585636963e+03
-3.191633758208447489e+03
-3.184617026572950635e+03
-3.178702252725945073e+03
-3.184877253672895222e+03
-3.171592693338185200e+03
-3.168733938088276318e+03
-3.161142292142936185e+03
-3.161390462513241800e+03
-3.170283835247139450e+03
-3.177097978983980738e+03
-3.172710211602900472e+03
-3.174496293474421236e+03
-3.172692759903931346e+03
-3.159344700750838456e+03
-3.145354142785899057e+03
-3.146421700497583060e+03
-3.138939557347456230e+03
-3.127519256236861565e+03
-3.117427812185590028e+03
-3.112754644467095204e+03
-3.106076422320455094e+03
-3.106237990822948632e+03
-3.106869274774470796e+03
-3.099339966377394376e+03
-3.107050066781400801e+03
-3.113870603169022161e+03
-3.128858158993308734e+03
-3.122359954432337872e+03
-3.125574379192642027e+03
-3.116951098803860532e+03
-3.125443709687222508e+03
-3.123289775106693469e+03
-3.122687080562962819e+03
-3.123887652375224206e+03
-3.129025311110641724e+03
-3.119526959525771872e+03
-3.125095396812251693e+03
-3.130776938037165110e+03
-3.141242941912161314e+03
-3.137254124313190914e+03
-3.130117521074315391e+03
-3.138344915643152035e+03
-3.124274656356847572e+03
-3.127191756153169990e+03
-3.139712349803568941e+03
-3.146295824280787201e+03
-3.142665138314621800e+03
-3.133501684710841801e+03
-3.138043040598787684e+03
-3.147741960422612920e+03
-3.142600013375764775e+03
-3.130455907936704534e+03
-3.134163221381732455e+03
-3.139617942712820877e+03
-3.146789878954146388e+03
-3.150348666319534914e+03
-3.148327148733443664e+03
-3.149794488899767202e+03
-3.143157753877831510e+03
-3.136376392655972268e+03
-3.138421328390702911e+03
-3.127132472208239051e+03
-3.112390881230232935e+03
-3.102821937213779620e+03
-3.104390095281928552e+03
-3.103200963271295677e+03
-3.099077900759745717e+03
-3.103604962716622140e+03
-3.096625934374591452e+03
-3.092227830111883577e+03
-3.092227830111883577e+03
-3.091756335777662116e+03
-3.096417573007606279e+03
-3.098570953297034066e+03
-3.093327244696784419e+03
-3.088377932248038633e+03
-3.077519131070715048e+03
-3.079319454465513445e+03
-3.086562067751972791e+03
-3.083324405610768736e+03
-3.077372630581541216e+03
-3.077547060670639894e+03
-3.082984074727482493e+03
-3.084182857922729454e+03
-3.084057668598326472e+03
-3.076357892311671549e+03
-3.066761155564406636e+03
-3.068025221670186511e+03
-3.067506862013014597e+03
-3.061936176376915228e+03
-3.067362396854043709e+03
-3.057822074827475717e+03
-3.065457830667432518e+03
-3.070056502727515635e+03
-3.072209269615977064e+03
-3.071359311699153295e+03
-3.068774005881589801e+03
-3.077443950114831296e+03
-3.077254943241234287e+03
-3.079999688564177177e+03
-3.077768056858013097e+03
-3.075741659884670298e+03
-3.081638425328811991e+03
-3.078131925074172159e+03
-3.087207270052117565e+03
-3.078323189037344491e+03
-3.086702707844716770e+03
-3.081856763261910601e+03
-3.085118792310874142e+03
-3.081503090978704677e+03
-3.078301942563759894e+03
-3.071610919686902889e+03
-3.068683397566819167e+03
-3.069917410350225055e+03
-3.070634602857254322e+03
-3.068344836669816232e+03
-3.069988338474926422e+03
-3.075818120204252409e+03
-3.073138459534250160e+03
-3.067560578364646062e+03
-3.072022931725444323e+03
-3.069111281553419303e+03
-3.077451432644403667e+03
-3.080126098613639442e+03
-3.078659680021455188e+03
-3.080893140227519780e+03
-3.074482823404404371e+03
-3.080352993036536645e+03
-3.083243903171211059e+03
-3.071690830743590141e+03
-3.068742198610702872e+03
-3.057994084912421840e+03
-3.059591447904753295e+03
-3.063066132501601714e+03
-3.056943606401991019e+03
-3.051621724645188806e+03
-3.064547830737348249e+03
-3.067006345753324240e+03
-3.074042517895311903e+03
-3.084703647098358488e+03
-3.084106673161682465e+03
-3.082099058983526902e+03
-3.081067456905966083e+03
-3.081985443755127562e+03
-3.075898514776286447e+03
-3.064134350871773677e+03
-3.061464122132868852e+03
-3.047259246775982319e+03
-3.033470160545372892e+03
-3.041791146408210352e+03
-3.043620826678966750e+03
-3.043986228061191923e+03
-3.055069402960344632e+03
-3.051859906190566562e+03
-3.048825409139190924e+03
-3.054923178951300997e+03
-3.053310205909189790e+03
-3.039133089943595678e+03
-3.024440975615852039e+03
-3.019113742380277927e+03
-3.019947943269465668e+03
-3.016185259687622420e+03
-3.017559865899248052e+03
-3.021000468299726890e+03
-3.020314595851372815e+03
-3.022151117021644495e+03
-3.024148435046863597e+03
-3.020357070689764896e+03
-3.012175875345929398e+03
-3.018459331777292391e+03
-3.020889284078044057e+03
-3.026783078717020544e+03
-3.016167818599285965e+03
-3.024905008435745458e+03
-3.026363127717981115e+03
-3.019987158569701478e+03
-3.010046372992659599e+03
-3.004283886418326802e+03
-3.010036442381599954e+03
-3.015265598197045620e+03
-3.023134789209907012e+03
-3.015672632121731112e+03
-3.023903262809527405e+03
-3.026982454474722545e+03
-3.025139823581628661e+03
-3.014076268033227734e+03
-3.006542901583318326e+03
-3.010033651974748409e+03
-3.014527769701935540e+03
-3.009563758962782231e+03
-3.009563758962782231e+03
-3.016992452685693934e+03
-3.013956360187999053e+03
-3.011533078275298976e+03
-3.010706889326467717e+03
-3.002961190794516824e+03
-2.999721982046586163e+03
-2.992055207127917129e+03
-2.989972884801750752e+03
-2.989297605963791284e+03
-2.986606546376728602e+03
-2.974426177649489546e+03
-2.968114537272418147e+03
-2.971729812189288623e+03
-2.959978753220951603e+03
-2.966429433226404853e+03
-2.965558161437155377e+03
-2.974442610910230997e+03
-2.973297692116416329e+03
-2.970529196587145179e+03
-2.966148298646461626e+03
-2.965377281284076616e+03
-2.968018260853285483e+03
-2.972977404882105020e+03
-2.966560156204581745e+03
-2.965733871025397093e+03
-2.962858513179975489e+03
-2.972326217203892156e+03
-2.974287614850336013e+03
-2.983389883053429458e+03
-2.976178943297919886e+03
-2.968231537599199328e+03
-2.956383304744358611e+03
-2.944565411035951001e+03
-2.937289437108916900e+03
-2.929320144877006896e+03
-2.938400083246414852e+03
-2.933061995462764571e+03
-2.932498316885619261e+03
-2.928499208077709227e+03
-2.926483872183730909e+03
-2.922612522539766815e+03
-2.929636410594217523e+03
-2.931538851759403315e+03
-2.933075860198623559e+03
-2.936216028222152090e+03
-2.923994049286400241e+03
-2.934683895899651361e+03
-2.933039198125002258e+03
-2.927339826974119660e+03
-2.935533889174777869e+03
-2.931069557913238441e+03
-2.943272424232391586e+03
-2.936664110071398227e+03
-2.927827079096363832e+03
-2.934355339642465424e+03
-2.928881479165806013e+03
-2.926214400658794148e+03
-2.915639016787049513e+03
-2.903532621196917717e+03
-2.906009281951346566e+03
-2.900972799296233916e+03
-2.893265241377146140e+03
-2.897454399423255381e+03
-2.900245017492387888e+03
-2.899846843119158621e+03
-2.907570005986940487e+03
-2.902672656345801443e+03
-2.894850019764478930e+03
-2.896983951142706246e+03
-2.890743840256643125e+03
-2.890774542789694806e+03
-2.886152079628096089e+03
-2.884216320211910443e+03
-2.893292700179938038e+03
-2.885810014279802999e+03
-2.886639283400108980e+03
-2.892166119053373677e+03
-2.895384695325222765e+03
-2.900333158670708144e+03
-2.905357091542768558e+03
-2.900385762257717943e+03
-2.890850841597929048e+03
-2.892673432487082209e+03
-2.894946629642963217e+03
-2.895052954561448587e+03
-2.899336384906207059e+03
-2.890495691184829411e+03
-2.881564951380355978e+03
-2.884428005948457667e+03
-2.888295185454449893e+03
-2.888283349104269291e+03
-2.892461201651227839e+03
-2.900053226504810937e+03
-2.903879886967406037e+03
-2.915328872849987874e+03
-2.909953446158842780e+03
-2.905010169062862133e+03
-2.908059798850801599e+03
-2.916432336554611538e+03
-2.909961530414426306e+03
-2.901630268167305530e+03
-2.895547340683159746e+03
-2.906576921636165025e+03
-2.908836314850609597e+03
-2.906631120011273651e+03
-2.903268534713899498e+03
-2.905388937198400527e+03
-2.901538851766875723e+03
-2.901498841565629846e+03
-2.897060605091631260e+03
-2.899098351365354574e+03
-2.887705121731843974e+03
-2.895742630507924787e+03
-2.896528459830577049e+03
-2.893867050226622723e+03
-2.897583446813593582e+03
-2.892493800877007743e+03
-2.881966878068956703e+03
-2.885291365663824308e+03
-2.885291365663824308e+03
-2.887808738631189044e+03
-2.886287287479066890e+03
-2.887939478486342068e+03
-2.882323446220922051e+03
-2.885450491193311791e+03
-2.892441890151451844e+03
-2.887819003991410682e+03
-2.889133656516750762e+03
-2.894071317678545711e+03
-2.901705292470848690e+03
-2.894590496047081615e+03
-2.895039344405786778e+03
-2.888428871126385275e+03
-2.880107325042365574e+03
-2.876581578501507011e+03
-2.881132312597137570e+03
-2.886774190558012833e+03
-2.877694681716220202e+03
-2.872843783207168599e+03
-2.872100226432037744e+03
-2.875781342851002591e+03
-2.874871444260515091e+03
-2.876711387533609923e+03
-2.886797527997924135e+03
-2.884966298651812394e+03
-2.881153236206470865e+03
-2.884832566185109954e+03
-2.884637062934973073e+03
-2.885657572770252500e+03
-2.878954155536991038e+03
-2.878100597861263850e+03
-2.867805641170320541e+03
-2.862239515647718235e+03
-2.865889555592868419e+03
-2.866242343776461439e+03
-2.869791449921931871e+03
-2.873234235069913666e+03
-2.877717621591736588e+03
-2.881863294388565464e+03
-2.879180923593438820e+03
-2.871239954556016983e+03
-2.877339753717315489e+03
-2.866849576291026551e+03
-2.861163800741426712e+03
-2.857334690193288225e+03
-2.847280309803390992e+03
-2.842567948082937164e+03
-2.841288981356787190e+03
-2.842384979282001041e+03
-2.837403854805598712e+03
-2.822519560867471682e+03
-2.818055938244081972e+03
-2.821411408882591331e+03
-2.820773046748199704e+03
-2.823014046364790374e+03
-2.817822676078903442e+03
-2.808195369374977417e+03
-2.803458012309260084e+03
-2.810708725491461337e+03
-2.810488579909129840e+03
-2.804678423547836701e+03
-2.793484275200807588e+03
-2.797972485569727269e+03
-2.799107891223736260e+03
-2.806480202506728801e+03
-2.809686288779543702e+03
-2.800991710838507515e+03
-2.789119342732211862e+03
-2.796026692040850321e+03
-2.797126731438275783e+03
-2.807317940585788165e+03
-2.803012470665709316e+03
-2.791966646947711524e+03
-2.791819462555492919e+03
-2.796082333701530843e+03
-2.794070858408288586e+03
-2.799690931452223140e+03
-2.803988228154240005e+03
-2.807785123911770370e+03
-2.802281953612749930e+03
-2.795941625248005494e+03
-2.793839197554898874e+03
-2.794254337276196111e+03
-2.799343350555520828e+03
-2.788276529663348811e+03
-2.792669795063332003e+03
-2.794955895232002149e+03
-2.797162435714993080e+03
-2.797243468961313738e+03
-2.800283176493161591e+03
-2.786227509721165461e+03
-2.783294131626588296e+03
-2.785515609317083545e+03
-2.788269634869008769e+03
-2.782694167875453786e+03
-2.776821558888787877e+03
-2.781346042542009855e+03
-2.774438273368541559e+03
-2.770612508222126053e+03
-2.761389070297442686e+03
-2.766268353030019171e+03
-2.772579707572769166e+03
-2.764810385303066141e+03
-2.759283501996913401e+03
-2.752782619023966163e+03
-2.749729170900247937e+03
-2.756317842270515484e+03
-2.752579059887406402e+03
-2.745004892640078197e+03
-2.748985537033765013e+03
-2.740501397181851644e+03
-2.744613803726613696e+03
-2.739751529223055059e+03
-2.740260450663925894e+03
-2.731347424537959341e+03
-2.724646566206199168e+03
-2.724596107867751471e+03
-2.722649733042378102e+03
-2.733330432426377229e+03
-2.733330432426377229e+03
-2.732532555957199747e+03
-2.729565934162917074e+03
-2.728625193197119188e+03
-2.734587628217828751e+03
-2.729218136756659078e+03
-2.724974003932595224e+03
-2.729866794874110383e+03
-2.733722785038950860e+03
-2.744185766905082346e+03
-2.743673829843276962e+03
-2.750173187684795721e+03
-2.749419864211628010e+03
-2.753622140942279202e+03
-2.761883262288760307e+03
-2.752770570112885707e+03
-2.754884662296224633e+03
-2.754729186080294767e+03
-2.758304419753191269e+03
-2.746415507127061574e+03
-2.752020502045460034e+03
-2.751378878692386934e+03
-2.750039697835949028e+03
-2.750800640354641928e+03
-2.757800318221354246e+03
-2.749548879731686611e+03
-2.755153638525373481e+03
-2.747407363127606914e+03
-2.736536768942275103e+03
-2.731571555857003659e+03
-2.738461730567921677e+03
-2.736705173102272056e+03
-2.742082989071597240e+03
-2.730454852010697323e+03
-2.722109029892024409e+03
-2.717680593855909137e+03
-2.715510519032634420e+03
-2.710492810886185453e+03
-2.715424162929267368e+03
-2.710497287672207676e+03
-2.717142723094800203e+03
-2.719275720622532390e+03
-2.708389817667333318e+03
-2.718374618709352490e+03
-2.709105223609559744e+03
-2.707068319932705890e+03
-2.714543115764534832e+03
-2.711111463359654408e+03
-2.714176959631841328e+03
-2.715652748258651172e+03
-2.712844835937553853e+03
-2.710612563770731867e+03
-2.700036958884775231e+03
-2.697787448728437084e+03
-2.692497020920753585e+03
-2.692175081988706552e+03
-2.691136632784777248e+03
-2.694646130382669526e+03
-2.693102072752034474e+03
-2.684568973714147432e+03
-2.686061682191049840e+03
-2.694762481126324474e+03
-2.687264109104653471e+03
-2.680181478907963537e+03
-2.669093431362578031e+03
-2.672351703597258620e+03
-2.668827647851254369e+03
-2.669267242209249616e+03
-2.665935743894451207e+03
-2.656091452639138424e+03
-2.659784062519541749e+03
-2.666465216772367967e+03
-2.654752682278618977e+03
-2.653929772572049842e+03
-2.654982469607823987e+03
-2.649500170019266989e+03
-2.643371656477023862e+03
-2.647842673592997471e+03
-2.642286970701819428e+03
-2.637039607050221548e+03
-2.632943459318975329e+03
-2.634786903670469655e+03
-2.642828698253595576e+03
-2.652309382982376974e+03
-2.644780005163787791e+03
-2.653010562216941707e+03
-2.656795481791623843e+03
-2.652997775876678588e+03
-2.646262737320420911e+03
-2.640630306679291152e+03
-2.632098967151713168e+03
-2.624820765250109616e+03
-2.620588511063308488e+03
-2.616975867406158159e+03
-2.609695000974339564e+03
-2.600890960432350312e+03
-2.594260539005808369e+03
-2.597768383870978596e+03
-2.599327048676256709e+03
-2.603110252361044786e+03
-2.609258249178781625e+03
-2.609732318159490660e+03
-2.620703344197722799e+03
-2.611637552781280192e+03
-2.607247710306203317e+03
-2.611884258329626846e+03
-2.603912322964512896e+03
-2.602450126057394300e+03
-2.601993301914360018e+03
-2.606160413594630882e+03
-2.600155298474733627e+03
-2.606745148357422750e+03
-2.609648655913043513e+03
-2.612045877432504312e+03
-2.615654740526202659e+03
-2.607447707768616510e+03
-2.615138655650666351e+03
-2.609120169372834880e+03
-2.613415926985050646e+03
-2.614493069707544691e+03
-2.614493069707544691e+03
-2.617137145330548719e+03
-2.613647586924095322e+03
-2.608849621056269370e+03
-2.603663065051590820e+03
-2.600397970068784616e+03
-2.596121846143025323e+03
-2.590543341077452169e+03
-2.584974135426140492e+03
-2.579572095466799055e+03
-2.582877131844310497e+03
-2.574161672310032827e+03
-2.568108141478199741e+03
-2.573413765396931467e+03
-2.577853152265144672e+03
-2.585642665934732122e+03
-2.589465627141932600e+03
-2.597459859820861311e+03
-2.587614145486059897e+03
-2.584196144520410598e+03
-2.574626430805878044e+03
-2.579356629479715139e+03
-2.574779672112551452e+03
-2.573079312838717215e+03
-2.565601492397050606e+03
-2.568695323341512903e+03
-2.573728757314926952e+03
-2.568490669232935943e+03
-2.560078006868180182e+03
-2.553908697631573432e+03
-2.555633153812350884e+03
-2.559249475359925327e+03
-2.552713614525867342e+03
-2.543916062575857268e+03
-2.544625175282948021e+03
-2.538033323755503261e+03
-2.536456415365201337e+03
-2.532845069562234130e+03
-2.537299439244892710e+03
-2.529408053892731914e+03
-2.529715737288812761e+03
-2.525879787238122390e+03
-2.532533874121554163e+03
-2.538768668858681849e+03
-2.535644964561744018e+03
-2.540484508954163175e+03
-2.543897017436776878e+03
-2.537026907865523754e+03
-2.531762401697211772e+03
-2.531533726922523783e+03
-2.538476422881257349e+03
-2.544467835361417201e+03
-2.539976651107642738e+03
-2.542987688802638331e+03
-2.540341399025433020e+03
-2.532728251645977707e+03
-2.540084894614774385e+03
-2.536970474586079490e+03
-2.532642485653187123e+03
-2.533265398989038658e+03
-2.527545912747660623e+03
-2.526411344554953303e+03
-2.531785111137714466e+03
-2.530243450804761778e+03
-2.534356549904997792e+03
-2.538556581128302696e+03
-2.544810216732925255e+03
-2.553796480152532695e+03
-2.551431234703274640e+03
-2.545708758964472509e+03
-2.543357909057358029e+03
-2.542268653862692645e+03
-2.538616896852890932e+03
-2.538730858092646940e+03
-2.527946165399103393e+03
-2.528567343715680181e+03
-2.520994100860450089e+03
-2.511495814990734289e+03
-2.509730614419360336e+03
-2.518386096761651061e+03
-2.524137823664520511e+03
-2.523922138707829163e+03
-2.516312780523597667e+03
-2.516068256893927355e+03
-2.519577253748414932e+03
-2.523379828499272662e+03
-2.513614021180439067e+03
-2.513025440906413678e+03
-2.506779931905280137e+03
-2.502182046048624215e+03
-2.508775957701785956e+03
-2.509751253319933312e+03
-2.502442518749912324e+03
-2.503240983946024699e+03
-2.504011221578806726e+03
-2.497039556242902563e+03
-2.499396268632901410e+03
-2.503784827827929803e+03
-2.495295149289059736e+03
-2.497320715697142077e+03
-2.489401549925140444e+03
-2.487599107951942642e+03
-2.480400668903431324e+03
-2.474855068468698391e+03
-2.469338323282991041e+03
-2.467580785224526608e+03
-2.461564801892664946e+03
-2.455074173718413022e+03
-2.452890206622800179e+03
-2.452893370767947999e+03
-2.457086764333146220e+03
-2.454735267698708867e+03
-2.446099392281400469e+03
-2.444799172314620591e+03
-2.441546549004451208e+03
-2.437889041411772268e+03
-2.433450176035384629e+03
-2.429114565773172217e+03
-2.426297869375930532e+03
-2.421119640659347624e+03
-2.421119640659347624e+03
-2.426045387063580620e+03
-2.422734841341835363e+03
-2.430301992075987073e+03
-2.429042842878468036e+03
-2.422555361922764405e+03
-2.429707790796654081e+03
-2.425044561576601154e+03
-2.427326292974694297e+03
-2.417090549144623310e+03
-2.416811359459509276e+03
-2.416508653503088226e+03
-2.414284767698920859e+03
-2.417339647400962349e+03
-2.416096694681150439e+03
-2.410425563813302233e+03
-2.415835222574269210e+03
-2.419673689516428567e+03
-2.414223430892670422e+03
-2.415655321802620165e+03
-2.409448494644527727e+03
-2.414978756401992541e+03
-2.410959853970474342e+03
-2.415167801419705029e+03
-2.420471536519134588e+03
-2.409930155352029033e+03
-2.414112935967563772e+03
-2.420641758991601364e+03
-2.416902056417500717e+03
-2.421919074525657379e+03
-2.422760475334538114e+03
-2.422245155021908431e+03
-2.416015663264849991e+03
-2.424357816619489313e+03
-2.416365489700357102e+03
-2.407769602710029176e+03
-2.408596076745031951e+03
-2.400749186643326993e+03
-2.405516625417246814e+03
-2.409688083685909533e+03
-2.407002061216389393e+03
-2.399768461017499703e+03
-2.406240715891303807e+03
-2.396258713454024019e+03
-2.400075105809464731e+03
-2.403820518615663332e+03
-2.400775537621380408e+03
-2.400252708542922846e+03
-2.399398513553146586e+03
-2.400017797840536332e+03
-2.399014891902594627e+03
-2.402852182488999006e+03
-2.403962744048602872e+03
-2.404324736936443514e+03
-2.407796690708088136e+03
-2.409233052902942745e+03
-2.399852776750719840e+03
-2.393605347345149767e+03
-2.393537113751905054e+03
-2.395715999369096153e+03
-2.396847358730070482e+03
-2.389969690306204939e+03
-2.387609639879820406e+03
-2.384820579911638561e+03
-2.380070782894627882e+03
-2.371888519734203328e+03
-2.378549355352934072e+03
-2.373240891511997688e+03
-2.365347495862690266e+03
-2.367283179937662680e+03
-2.371911449488530252e+03
-2.368278949551477126e+03
-2.358996925416254726e+03
-2.356882110342575743e+03
-2.351543069129255855e+03
-2.349783132596830455e+03
-2.345764047201626454e+03
-2.339994829487451170e+03
-2.336801614960840197e+03
-2.329889649158365046e+03
-2.334947503170687014e+03
-2.339557825729407341e+03
-2.334275605638424167e+03
-2.329924198176753634e+03
-2.323971629828187361e+03
-2.324046984137603886e+03
-2.324366695295860154e+03
-2.331418569066716373e+03
-2.334657933845637672e+03
-2.330311551523987873e+03
-2.338929374397926949e+03
-2.344924373587040463e+03
-2.346772977284861554e+03
-2.349661396530793354e+03
-2.350039198417670377e+03
-2.344082185766343173e+03
-2.345042563444639654e+03
-2.337432372708151433e+03
-2.344606147626368056e+03
-2.346170555704254184e+03
-2.348892224505440936e+03
-2.348326293228215945e+03
-2.341873444093414491e+03
-2.349214837310040821e+03
-2.339921139128567120e+03
-2.345564817387000403e+03
-2.351261639343153547e+03
-2.353273010269658698e+03
-2.345449896747617913e+03
-2.350458857452212214e+03
-2.349282295820092713e+03
-2.343439988333515430e+03
-2.338500373366371605e+03
-2.331005348038679585e+03
-2.329686518120038272e+03
-2.328229590704248949e+03
-2.326108572911261035e+03
-2.321254473585391224e+03
-2.314035943364234754e+03
-2.312427211811554116e+03
-2.312427211811554116e+03
-2.303649404695138855e+03
-2.308295120856008907e+03
-2.312665592129145807e+03
-2.318802065766269607e+03
-2.322628347282663526e+03
-2.326423484486869711e+03
-2.318612832868184796e+03
-2.312027146494139288e+03
-2.301226605929634843e+03
-2.295493692494922925e+03
-2.288667639743061955e+03
-2.290301945988959687e+03
-2.289601806940127972e+03
-2.285637664316803694e+03
-2.277974080699661954e+03
-2.282264018896897596e+03
-2.274902157926423115e+03
-2.279288674684699799e+03
-2.286941525664072287e+03
-2.285450972556553097e+03
-2.288116236545532956e+03
-2.294483303387798514e+03
-2.284497180319746349e+03
-2.278915408306161680e+03
-2.282179137121216172e+03
-2.282427623950875841e+03
-2.288230335710381496e+03
-2.280495254611443670e+03
-2.274978806930540486e+03
-2.272312100464957894e+03
-2.278090675567988455e+03
-2.278619859275619547e+03
-2.272552531827593157e+03
-2.279338578891585257e+03
-2.280786224929695436e+03
-2.270142391396072071e+03
-2.270850882186347008e+03
-2.271723988992863269e+03
-2.270144120199970530e+03
-2.265557869823697729e+03
-2.260046419053771842e+03
-2.258752360038344250e+03
-2.265202496028937276e+03
-2.262913408618647736e+03
-2.256940825544524159e+03
-2.248563327392028441e+03
-2.247242898772548870e+03
-2.243837145122801303e+03
-2.243191739243731263e+03
-2.243708950986163018e+03
-2.249580570164353503e+03
-2.252660228022507908e+03
-2.249036829274789852e+03
-2.242392370911697071e+03
-2.233339991961517626e+03
-2.223918768527560132e+03
-2.216293273240521103e+03
-2.212318721135431133e+03
-2.204987765420313281e+03
-2.206258026912162677e+03
-2.198279976331814851e+03
-2.198690254168626325e+03
-2.192014842562505237e+03
-2.191872894347174224e+03
-2.199179501565653027e+03
-2.192093748609800514e+03
-2.200788714458220056e+03
-2.202872425452423613e+03
-2.200295749713618989e+03
-2.197164815879082653e+03
-2.190158828921675649e+03
-2.182767814965875004e+03
-2.189850204072287397e+03
-2.192746467715122435e+03
-2.189085695083007067e+03
-2.182703030759691501e+03
-2.179886348165424806e+03
-2.178265670833521199e+03
-2.176681398812192128e+03
-2.176352739113647658e+03
-2.170460399236696048e+03
-2.163609516896068271e+03
-2.164324786947108805e+03
-2.167022668733062801e+03
-2.163735833713401917e+03
-2.160406531586136225e+03
-2.151349820213060411e+03
-2.145871133432430724e+03
-2.137642280520531585e+03
-2.140863794529944244e+03
-2.145337877602575645e+03
-2.142727933095338358e+03
-2.138126021095253691e+03
-2.145463038567338572e+03
-2.148743507215254340e+03
-2.150910568459739352e+03
-2.157319690194281065e+03
-2.161656576483799654e+03
-2.157900410030229523e+03
-2.151091335247015650e+03
-2.153043823433024500e+03
-2.145982204667667247e+03
-2.144283224763099042e+03
-2.141990529321886697e+03
-2.147990336073316939e+03
-2.140064407770888465e+03
-2.140706412142481440e+03
-2.137317776457889977e+03
-2.138035816116350361e+03
-2.138774536725903090e+03
-2.130750139086869240e+03
-2.133482449239708785e+03
-2.129235866091326898e+03
-2.131603589934025877e+03
-2.124249840606226826e+03
-2.117070688088019324e+03
-2.115375293655146379e+03
-2.108309058231739982e+03
-2.114576511011227922e+03
-2.114576511011227922e+03
-2.115591205781878216e+03
-2.117695559429466357e+03
-2.118990725692553951e+03
-2.113966967844046849e+03
-2.105381831471017904e+03
-2.109450995759472335e+03
-2.103751289542416998e+03
-2.095301325422265563e+03
-2.091097002799732763e+03
-2.087908258896306052e+03
-2.089671385327513235e+03
-2.086422166662670406e+03
-2.087303930450580992e+03
-2.079201300187288780e+03
-2.081064313650897930e+03
-2.074309298832565673e+03
-2.078875078996961292e+03
-2.073376668338423769e+03
-2.075624277643641108e+03
-2.073391955983574917e+03
-2.075786357559154567e+03
-2.069142764594063465e+03
-2.068873487147890046e+03
-2.074647495676740618e+03
-2.071542110399595913e+03
-2.067113045801365388e+03
-2.070551147619053154e+03
-2.063063664531031009e+03
-2.070720545356508410e+03
-2.076779183902285695e+03
-2.072033651173806447e+03
-2.067315433611354820e+03
-2.072492181560252448e+03
-2.076132591872858939e+03
-2.073212816115448277e+03
-2.070194117805988753e+03
-2.061601495751503080e+03
-2.065250065705231918e+03
-2.055310075667118326e+03
-2.049903551527967466e+03
-2.049530601669959651e+03
-2.050965481494888991e+03
-2.054133446307658232e+03
-2.046978335790040319e+03
-2.051897153735183110e+03
-2.053595552208862046e+03
-2.054569113507180646e+03
-2.044292948835947072e+03
-2.050154922752222319e+03
-2.043084500540860518e+03
-2.045042904371481654e+03
-2.047592418746125531e+03
-2.044605558994954663e+03
-2.047752046811420314e+03
-2.041526311045689681e+03
-2.031146549218013661e+03
-2.029483002617423836e+03
-2.024103640893644524e+03
-2.024822493220125125e+03
-2.027855188857239227e+03
-2.027265901438722040e+03
-2.024697503509156149e+03
-2.030872268846142788e+03
-2.031283194099025422e+03
-2.033168410775557732e+03
-2.026654831089228310e+03
-2.032757295273856016e+03
-2.038468357764297252e+03
-2.033987090830309398e+03
-2.037343547156873683e+03
-2.029235721303280116e+03
-2.031541582314230482e+03
-2.022839205581268061e+03
-2.021721113202091601e+03
-2.018200657612471105e+03
-2.022848460662178923e+03
-2.028691376883888097e+03
-2.030548067067129296e+03
-2.033769428970188983e+03
-2.037937177658971223e+03
-2.040404417559623653e+03
-2.036715109850339559e+03
-2.030459001281024030e+03
-2.033572417370583707e+03
-2.024802024040234755e+03
-2.029599331823690363e+03
-2.020475467415598132e+03
-2.014408265401232939e+03
-2.009220664485441148e+03
-2.000333398343107092e+03
-2.005202300578540871e+03
-1.994887898862543807e+03
-1.984811341167991259e+03
-1.990076549238260895e+03
-1.990784764475601378e+03
-1.982527720255910708e+03
-1.979470729416167160e+03
-1.970525737257859646e+03
-1.961036889907123850e+03
-1.964355523715301160e+03
-1.963206047678127561e+03
-1.958018397041420485e+03
-1.951487453476283463e+03
-1.955900629166063936e+03
-1.961001017127486648e+03
-1.965318966132050264e+03
-1.964399208942301584e+03
-1.956798492847362922e+03
-1.953842745800971898e+03
-1.957771267195876362e+03
-1.960706377631604028e+03
-1.954447686998776362e+03
-1.956664586470966469e+03
-1.958679346746962437e+03
-1.951070901082516230e+03
-1.953877700323289673e+03
-1.946532924391934102e+03
-1.944036312798360768e+03
-1.948214670700812121e+03
-1.948214670700812121e+03
-1.946151308146033443e+03
-1.948830373503098144e+03
-1.939792475736953975e+03
-1.932794720670798597e+03
-1.928186262504426168e+03
-1.926219211087327949e+03
-1.929037958915283298e+03
-1.918807954662041311e+03
-1.920813180279528524e+03
-1.919469410595241470e+03
-1.916711762195754545e+03
-1.918354393102391896e+03
-1.922093030840531355e+03
-1.916817766390573752e+03
-1.917885024214482428e+03
-1.906793777835143146e+03
-1.901373191263127183e+03
-1.894951396819518777e+03
-1.896783308883888822e+03
-1.895792953208816925e+03
-1.892725607669309056e+03
-1.887633601844502891e+03
-1.886213205199691402e+03
-1.878383941708385692e+03
-1.880937496910239361e+03
-1.872600467353902559e+03
-1.866917028925618979e+03
-1.863694429892261724e+03
-1.867133526231355745e+03
-1.864931290845578815e+03
-1.860790698716286670e+03
-1.859925905314659985e+03
-1.864518551737416601e+03
-1.864249761234250855e+03
-1.859176680409359051e+03
-1.861446342574638948e+03
-1.855447721065556379e+03
-1.855423370791122579e+03
-1.853074156908781333e+03
-1.856538463020984636e+03
-1.862205043625653389e+03
-1.860992271710219939e+03
-1.854605812180932844e+03
-1.852059213812318148e+03
-1.852854556850405061e+03
-1.843661477281216776e+03
-1.844853940035842925e+03
-1.842628234640284290e+03
-1.837696077238248336e+03
-1.832130916776547338e+03
-1.823853967882474763e+03
-1.816737895740287058e+03
-1.812222166054594027e+03
-1.812545508279439900e+03
-1.811613237621418648e+03
-1.810433641151979828e+03
-1.805118873301918939e+03
-1.801600346108526992e+03
-1.800716533286747563e+03
-1.794829235198352308e+03
-1.800383621909521480e+03
-1.798286965931175246e+03
-1.806331410525578804e+03
-1.814176456417741520e+03
-1.818389674823901714e+03
-1.811145807472089700e+03
-1.809371651826824746e+03
-1.814728565550372196e+03
-1.813540533964168844e+03
-1.813763130205220250e+03
-1.807401776946387827e+03
-1.802262611497180387e+03
-1.808616122033566171e+03
-1.813655852084061280e+03
-1.809070448750008609e+03
-1.805336209764415571e+03
-1.797667646759466834e+03
-1.793459122010225883e+03
-1.786335462195628224e+03
-1.789121483754245219e+03
-1.796474717216507315e+03
-1.799624307591994011e+03
-1.796446049305721090e+03
-1.798656610891578566e+03
-1.804006223951701713e+03
-1.803043352245479582e+03
-1.800664511503134918e+03
-1.793202920292846557e+03
-1.790102024943140805e+03
-1.788331686124156704e+03
-1.789282653279605256e+03
-1.790276624488956941e+03
-1.784270582837572647e+03
-1.775032831857265137e+03
-1.766527955864022488e+03
-1.760750702508260247e+03
-1.765574206463311384e+03
-1.761282958014090582e+03
-1.754764842415406065e+03
-1.758197595266190547e+03
-1.759438719563323957e+03
-1.757750658103676869e+03
-1.753880010857491243e+03
-1.752376867562423740e+03
-1.757790150303612791e+03
-1.760854393838673559e+03
-1.753036932231621904e+03
-1.758111574828730681e+03
-1.752991972568622487e+03
-1.746078982955614947e+03
-1.738060883397309681e+03
-1.736488064308529374e+03
-1.738860853125828044e+03
-1.739410806792489439e+03
-1.734990550574128520e+03
-1.737767297905931400e+03
-1.740628105877526195e+03
-1.734352165010458066e+03
-1.733100285980862736e+03
-1.733100285980862736e+03
-1.733595972993892701e+03
-1.729989606123934436e+03
-1.733292219442319265e+03
-1.723771773906506724e+03
-1.724126925369077526e+03
-1.728404201248915342e+03
-1.723140747491194588e+03
-1.716519006463332744e+03
-1.719313582912550146e+03
-1.725520972890296662e+03
-1.729068430696805763e+03
-1.731501535376443599e+03
-1.734565448208644966e+03
-1.729411156171262974e+03
-1.726357653977023347e+03
-1.721544086524701697e+03
-1.723483070671468568e+03
-1.726554719121601465e+03
-1.722237535579383803e+03
-1.714923565084189249e+03
-1.708424733804135712e+03
-1.702794560984457803e+03
-1.705299182789146244e+03
-1.701087138514781600e+03
-1.701793199236765304e+03
-1.704051774803057924e+03
-1.697658433080696568e+03
-1.691060651438127252e+03
-1.692966644030339921e+03
-1.685543833911228603e+03
-1.690499128072681970e+03
-1.696494225090963482e+03
-1.701867723491241122e+03
-1.694939202915984197e+03
-1.697275440796660405e+03
-1.702566503297412964e+03
-1.700611104779455445e+03
-1.697899350343456263e+03
-1.694553261438991285e+03
-1.691553621680321839e+03
-1.695124319955717965e+03
-1.687390217028083043e+03
-1.684907288773432356e+03
-1.688529318117244657e+03
-1.691238228268772673e+03
-1.685176300001318850e+03
-1.676808648440648540e+03
-1.680408441027959952e+03
-1.676819573780122028e+03
-1.677774354679622547e+03
-1.678821026883367722e+03
-1.681214824430768431e+03
-1.673156334654939201e+03
-1.674881825160960489e+03
-1.664818615220534639e+03
-1.659310887656830801e+03
-1.661314239853989875e+03
-1.665256291474752970e+03
-1.666875829988144460e+03
-1.670836412623152910e+03
-1.674472040430598781e+03
-1.673841845600897159e+03
-1.663855561174071681e+03
-1.656132304166944323e+03
-1.655843389831898548e+03
-1.652796277148238232e+03
-1.653206241089330661e+03
-1.647682542692471770e+03
-1.638754131921703902e+03
-1.642813554349314927e+03
-1.645858919760889421e+03
-1.640015233065936172e+03
-1.633274958248006897e+03
-1.634919006512531723e+03
-1.635249406387468980e+03
-1.628368722751056566e+03
-1.620845635707767315e+03
-1.618055883080269268e+03
-1.614191004457535655e+03
-1.614526655046079441e+03
-1.615989518701593397e+03
-1.615324178125089475e+03
-1.606277904082812029e+03
-1.603825470528284541e+03
-1.595810723193975718e+03
-1.598770064973076160e+03
-1.595533271006703671e+03
-1.600893257363943803e+03
-1.591662651830269397e+03
-1.593432007488695035e+03
-1.591560826899338508e+03
-1.585940051997422870e+03
-1.580457245341776570e+03
-1.578157375328170701e+03
-1.581671660295955917e+03
-1.574030675555458402e+03
-1.567779051289669269e+03
-1.570340419501615543e+03
-1.574119169409367260e+03
-1.578284793344864511e+03
-1.570757445783668118e+03
-1.565434308159604143e+03
-1.563490179826744225e+03
-1.564595424068949342e+03
-1.557212348863683928e+03
-1.554873852859064755e+03
-1.552647105972321015e+03
-1.553937872701554625e+03
-1.553516307190449425e+03
-1.556955590270528319e+03
-1.553926087855416654e+03
-1.557178102591005199e+03
-1.555833748759439686e+03
-1.561735502649770069e+03
-1.554669346132026703e+03
-1.559632657576472866e+03
-1.564707649385389914e+03
-1.557138546808754427e+03
-1.548302202724308927e+03
-1.548302202724308927e+03
-1.543609128865230787e+03
-1.544447630754525562e+03
-1.541620394369701671e+03
-1.542866222500948652e+03
-1.536511391816221703e+03
-1.534480245826701321e+03
-1.528591477759512600e+03
-1.518666785647287725e+03
-1.515515133853386715e+03
-1.519511270581602957e+03
-1.524359922153360458e+03
-1.522438444683501530e+03
-1.523399780521830962e+03
-1.518115319742350266e+03
-1.513443687325260044e+03
-1.510349810403959737e+03
-1.501193757715941501e+03
-1.498481316332703727e+03
-1.500392124000465174e+03
-1.497852151312360320e+03
-1.495536331461841883e+03
-1.486076954869981364e+03
-1.489676533159178234e+03
-1.493732335961965191e+03
-1.488976654751541219e+03
-1.482366641311360354e+03
-1.488068726267004195e+03
-1.491626438467836579e+03
-1.485295731059977697e+03
-1.481419582459162939e+03
-1.479730878521920886e+03
-1.470785693201743243e+03
-1.464617527724565434e+03
-1.465960745101697057e+03
-1.461430044392963282e+03
-1.457975113562543811e+03
-1.457559387364595068e+03
-1.455830077154213313e+03
-1.459920048284073346e+03
-1.453087826251710794e+03
-1.445621875534871606e+03
-1.444917454729468318e+03
-1.442094637786112116e+03
-1.442370826949271759e+03
-1.435905923763653391e+03
-1.441901640722128832e+03
-1.441855614294266616e+03
-1.439897701744526330e+03
-1.445711045299562329e+03
-1.437754682059386141e+03
-1.432293793785531761e+03
-1.434706116806572254e+03
-1.427593700872104591e+03
-1.421972377706433917e+03
-1.422984718326457369e+03
-1.420590049119086643e+03
-1.420090219770019985e+03
-1.421891035434719925e+03
-1.421048230853556788e+03
-1.416123637227778318e+03
-1.417486015468152345e+03
-1.408940001810887679e+03
-1.410390066206580286e+03
-1.414114903625124725e+03
-1.414299144225414921e+03
-1.406041822988935792e+03
-1.410129127331788595e+03
-1.401048663431480918e+03
-1.397737125570354465e+03
-1.391442269057232352e+03
-1.391572131635844698e+03
-1.393482570002171769e+03
-1.395130704046514666e+03
-1.397217319751039895e+03
-1.398515284282762650e+03
-1.399585129857635593e+03
-1.398307474320784650e+03
-1.398088715844454100e+03
-1.403130888114264053e+03
-1.398315588764906124e+03
-1.389384862423268487e+03
-1.392711924285884606e+03
-1.396329895441078861e+03
-1.397628522635494392e+03
-1.392205025640496160e+03
-1.396079741027733007e+03
-1.397544042154247563e+03
-1.393162071721495295e+03
-1.384493291717550392e+03
-1.383522473355997590e+03
-1.383862149201729608e+03
-1.373926983246355348e+03
-1.379053585484689620e+03
-1.374355259240234091e+03
-1.374490869697978724e+03
-1.371322695506847595e+03
-1.367358396129331595e+03
-1.364918415923760449e+03
-1.365897855045969209e+03
-1.366929081465656282e+03
-1.361663060202446104e+03
-1.356263417228741446e+03
-1.351790473964768807e+03
-1.353083685662268181e+03
-1.357387098637326972e+03
-1.353363645882519450e+03
-1.353758447207711924e+03
-1.351530383551781824e+03
-1.350314887541248027e+03
-1.346401125274008109e+03
-1.347439086654697576e+03
-1.344634038186076396e+03
-1.335487577890919283e+03
-1.328736362120732110e+03
-1.328644907803472734e+03
-1.332653797966638649e+03
-1.335217544917040868e+03
-1.331882503369631195e+03
-1.327369070102882688e+03
-1.327369070102882688e+03
-1.321609693656733498e+03
-1.318870230894533734e+03
-1.324180850426643701e+03
-1.322143108971277798e+03
-1.326513351585391774e+03
-1.327511443540781329e+03
-1.322141718067051215e+03
-1.313362480302591166e+03
-1.303892351166152594e+03
-1.300032256262802775e+03
-1.293003237225716475e+03
-1.298744528826830219e+03
-1.298205380092697169e+03
-1.301269745614767544e+03
-1.301799710317453219e+03
-1.296619479534318543e+03
-1.300846476566739511e+03
-1.293906569891199297e+03
-1.288980103881027389e+03
-1.287986313218471196e+03
-1.279506907764393645e+03
-1.280213951177061517e+03
-1.271093555952779525e+03
-1.270999735170479198e+03
-1.273339376765816951e+03
-1.279575959177917866e+03
-1.272894664939562517e+03
-1.276127311184662858e+03
-1.282929214053640408e+03
-1.275525078557011057e+03
-1.279455534201076262e+03
-1.278355332926351139e+03
-1.279759036730191838e+03
-1.277941519788936830e+03
-1.272941125209441680e+03
-1.275250941370234841e+03
-1.269885105738736456e+03
-1.263684038472296379e+03
-1.268099529976378790e+03
-1.261569670628560743e+03
-1.263365588492680217e+03
-1.263052007289157018e+03
-1.263577219888478112e+03
-1.258682606281869312e+03
-1.255269274728885648e+03
-1.250035064538823008e+03
-1.243287296469341527e+03
-1.245366347813573384e+03
-1.238277345712101805e+03
-1.244393581582065281e+03
-1.236097377803834206e+03
-1.230870077473130777e+03
-1.229100088848229461e+03
-1.221585577881023255e+03
-1.215742533460643699e+03
-1.223067280878895190e+03
-1.220639528553791934e+03
-1.218775911126879464e+03
-1.223568643713054144e+03
-1.228265743847365002e+03
-1.222616208465478167e+03
-1.220337946824258097e+03
-1.223442887497926677e+03
-1.223440356910106630e+03
-1.227266967331692285e+03
-1.226761638144212839e+03
-1.228639086390779312e+03
-1.230924451526750772e+03
-1.218934292639354908e+03
-1.213799281528370102e+03
-1.210126921665872715e+03
-1.210768559209263913e+03
-1.209032584089582542e+03
-1.210384686683967402e+03
-1.207305330331266305e+03
-1.199807651277586501e+03
-1.201004377946168916e+03
-1.193720710147006685e+03
-1.184740803861156337e+03
-1.179437832636670919e+03
-1.175780739938228407e+03
-1.176493013217068892e+03
-1.172914880409783336e+03
-1.170673309176306930e+03
-1.167199808372115740e+03
-1.173565536612832602e+03
-1.167500984522181398e+03
-1.168915773305575158e+03
-1.164796242254222307e+03
-1.169386054304633262e+03
-1.167510376070678831e+03
-1.163595073023182294e+03
-1.164330517866829723e+03
-1.158968474992471101e+03
-1.161460521508549164e+03
-1.152819096362049322e+03
-1.157971876101788666e+03
-1.150333936499227320e+03
-1.153314944707625045e+03
-1.152159896817967137e+03
-1.154911548737499061e+03
-1.149314862354615116e+03
-1.149502606225988984e+03
-1.147845900401958943e+03
-1.148486510834203273e+03
-1.144454481491449087e+03
-1.147344092747625155e+03
-1.144390773852022221e+03
-1.138172289150407096e+03
-1.139463407038889954e+03
-1.135957661902133395e+03
-1.133800234412650298e+03
-1.130300787767223028e+03
-1.129285507252987600e+03
-1.123049840631339976e+03
-1.117085311194298129e+03
-1.120238406031546901e+03
-1.117159496220477877e+03
-1.123004406987097809e+03
-1.123004406987097809e+03
-1.113626581766101708e+03
-1.107135248915372358e+03
-1.100867917967705580e+03
-1.098394275640790738e+03
-1.104184250033109947e+03
-1.109283587092645348e+03
-1.100379278003134232e+03
-1.099485049973724017e+03
-1.092259882653364912e+03
-1.093719481223007278e+03
-1.092607914803755421e+03
-1.092239807390697706e+03
-1.087976516210471800e+03
-1.082859752119431960e+03
-1.082625796514330887e+03
-1.088184879058036813e+03
-1.079498966106178159e+03
-1.082218996162445137e+03
-1.082186999289408959e+03
-1.076400297590040964e+03
-1.070788126958193288e+03
-1.066648786664163481e+03
-1.066736090640231623e+03
-1.060943240180720295e+03
-1.067214903100744550e+03
-1.070131531494583669e+03
-1.065998333021748294e+03
-1.063978232613208775e+03
-1.067416326297442993e+03
-1.071339129099471165e+03
-1.062004723659184265e+03
-1.059157382401831683e+03
-1.056950306702307671e+03
-1.059472851560745767e+03
-1.061418515076807807e+03
-1.066504150172167101e+03
-1.061814525863206654e+03
-1.060650378993928825e+03
-1.055806288936971214e+03
-1.059743807992326310e+03
-1.053142395084800228e+03
-1.057319683303022885e+03
-1.054297936067432829e+03
-1.053711742965024087e+03
-1.049768393951299004e+03
-1.049135876548191391e+03
-1.041079061844136277e+03
-1.046312892244338173e+03
-1.044896521254600884e+03
-1.043676956561782163e+03
-1.038608939081344033e+03
-1.032075310407575898e+03
-1.025971048192845728e+03
-1.027795777869768472e+03
-1.028645579015676049e+03
-1.020090140047463933e+03
-1.015439763851745511e+03
-1.011173691494669697e+03
-1.013740885422352790e+03
-1.006383467473374935e+03
-1.006166920385616322e+03
-9.971858753808437541e+02
-1.000373949433816392e+03
-9.954694322441496297e+02
-9.917791151321472398e+02
-9.862046505368761018e+02
-9.823485199843888722e+02
-9.869819042246186882e+02
-9.921863296299437707e+02
-9.831301700531215602e+02
-9.773399713079918456e+02
-9.709958325663236565e+02
-9.760049832194963528e+02
-9.730756588166086658e+02
-9.696447872361934515e+02
-9.621809915914011526e+02
-9.535460773150358591e+02
-9.496831874749374265e+02
-9.524548546794760568e+02
-9.547124459329024830e+02
-9.548270001528901503e+02
-9.493817034832982245e+02
-9.456819471479788035e+02
-9.451058158725563771e+02
-9.448431238432398231e+02
-9.350497102863768077e+02
-9.414873749147710669e+02
-9.408730991836548583e+02
-9.424564559538204094e+02
-9.386522143977033465e+02
-9.399653437169528161e+02
-9.367660776320611831e+02
-9.339055413439441509e+02
-9.314912022875658977e+02
-9.261448705702703137e+02
-9.222392865595039666e+02
-9.219998555002094918e+02
-9.210551740385842550e+02
-9.165877740287124880e+02
-9.107544510585127000e+02
-9.044919083474944728e+02
-8.967337290265136289e+02
-8.880575748263700007e+02
-8.886340562190708852e+02
-8.847327698695655727e+02
-8.843017841731166300e+02
-8.790065012248973062e+02
-8.752332826845615728e+02
-8.776714296846305388e+02
-8.731297195627221299e+02
-8.690518713012521630e+02
-8.664090870057952998e+02
-8.612548679439227044e+02
-8.618676880340178741e+02
-8.565575094568048371e+02
-8.552271980937507578e+02
-8.549954512982777715e+02
-8.564690282067717817e+02
-8.622565038982021406e+02
-8.622565038982021406e+02
-8.630178983348683914e+02
-8.659155237904883506e+02
-8.640929235672955429e+02
-8.667877189986835447e+02
-8.706050181053283268e+02
-8.658992692027514977e+02
-8.625255452010059116e+02
-8.574554068416315431e+02
-8.590148498956325511e+02
-8.555831279054031029e+02
-8.542632677121575853e+02
-8.476881651030706735e+02
-8.469394772389980517e+02
-8.540014946880440903e+02
-8.447179718690377968e+02
-8.394455882144278576e+02
-8.344286219092056172e+02
-8.297255559318949736e+02
-8.343181179376327918e+02
-8.350227314009881638e+02
-8.285653721297653647e+02
-8.315808110014002068e+02
-8.355801917768812928e+02
-8.292778957600453396e+02
-8.274045865784414673e+02
-8.303096392650129474e+02
-8.246484833657982563e+02
-8.168604753444216158e+02
-8.173774148747262416e+02
-8.193697142444899555e+02
-8.110494048211838845e+02
-8.122027146508709166e+02
-8.110813628843126253e+02
-8.035475203701925011e+02
-8.033743400016926444e+02
-8.110998410000776175e+02
-8.070874162589851721e+02
-8.036579854146493744e+02
-8.046721789771982003e+02
-7.988374635970634472e+02
-7.995857438715477201e+02
-7.944203798468578270e+02
-7.994875153727065253e+02
-7.964875458435850533e+02
-7.989512433323575351e+02
-7.953816005304503278e+02
-7.897135001608485254e+02
-7.898474647273421851e+02
-7.898229116216099328e+02
-7.898766223437555709e+02
-7.798519504838815237e+02
-7.803471913021140836e+02
-7.857075202147185564e+02
-7.802743297203935526e+02
-7.745043368113919087e+02
-7.710778185864521674e+02
-7.743734453370508390e+02
-7.716227257593050126e+02
-7.674381452230452396e+02
-7.657048517672540129e+02
-7.706855560429432899e+02
-7.650832963946295422e+02
-7.633638913764120844e+02
-7.545440869389337877e+02
-7.557522487416423473e+02
-7.494141584231335855e+02
-7.433408920628811529e+02
-7.399483892253239219e+02
-7.372683892325893567e+02
-7.346119167190217922e+02
-7.280657537133469077e+02
-7.241089213938262219e+02
-7.270172749062214734e+02
-7.296000130377124151e+02
-7.331638400263769881e+02
-7.310372061417784835e+02
-7.301179955219841986e+02
-7.257752039313542127e+02
-7.249357579225455765e+02
-7.272876321434225702e+02
-7.258164443256368941e+02
-7.234483670219967735e+02
-7.242040922634154185e+02
-7.295039492434370914e+02
-7.277760983591375634e+02
-7.334559730784202429e+02
-7.283781736108743416e+02
-7.225489359934622371e+02
-7.131415166898329971e+02
-7.119383614414515478e+02
-7.101638626219485104e+02
-7.063339833516665749e+02
-7.018102344165877184e+02
-7.022269502104034018e+02
-7.030694290986911028e+02
-6.945279624311395992e+02
-6.978180763437865153e+02
-6.934449838693011543e+02
-6.915169386453577545e+02
-6.911996850909831664e+02
-6.872055661101586566e+02
-6.830623839901669498e+02
-6.815950738181738870e+02
-6.812632082835000347e+02
-6.780945233348894590e+02
-6.799441161054545546e+02
-6.751227260584040550e+02
-6.712012458423863563e+02
-6.715317306230971326e+02
-6.739789188695605162e+02
-6.674501765698213376e+02
-6.633419629260212105e+02
-6.635670000106848647e+02
-6.549436579754714103e+02
-6.493484770332913740e+02
-6.486453088054688578e+02
-6.528639054515524549e+02
-6.513598761400562580e+02
-6.483836400141221930e+02
-6.483836400141221930e+02
-6.435613290730835843e+02
-6.435987722465972638e+02
-6.441181906024560249e+02
-6.351886073667902792e+02
-6.295485363632778899e+02
-6.275556687631069508e+02
-6.201715943053502542e+02
-6.167182672082387853e+02
-6.137212843210730853e+02
-6.178170687616186569e+02
-6.128605511762334572e+02
-6.124096939018984358e+02
-6.087917481324610662e+02
-6.124838724606696587e+02
-6.143613145579309958e+02
-6.040830675654840434e+02
-6.064120927545349105e+02
-5.998073799009682716e+02
-6.039025718592614567e+02
-5.982895831089895182e+02
-6.026109007064529806e+02
-5.967892792763857415e+02
-5.968431954649108775e+02
-5.937161425236670311e+02
-5.930555344815412582e+02
-5.844570466554044970e+02
-5.876868150704552818e+02
-5.771860342622642293e+02
-5.769984162184601928e+02
-5.805939376988019376e+02
-5.712263913027774151e+02
-5.670970969685168939e+02
-5.627071793545725313e+02
-5.602759394365660910e+02
-5.566451524750588078e+02
-5.528321705609888568e+02
-5.531421094184781850e+02
-5.508407819770544620e+02
-5.530265688236938786e+02
-5.500876075679528867e+02
-5.522636579931923961e+02
-5.514156400735165562e+02
-5.520256838689605274e+02
-5.456502160684232194e+02
-5.492695433699849445e+02
-5.550312506335001217e+02
-5.468880160655027112e+02
-5.516541868692742128e+02
-5.481972851270207912e+02
-5.500216490918102181e+02
-5.435376418360316393e+02
-5.397997429760036994e+02
-5.444067307902017774e+02
-5.408844000816247899e+02
-5.383815702452827736e+02
-5.336727315382769348e+02
-5.242560145532066826e+02
-5.280258842102800827e+02
-5.314448253613613815e+02
-5.259292753139091019e+02
-5.272782878203770451e+02
-5.188617423667543562e+02
-5.180649782761928464e+02
-5.165539648305318678e+02
-5.171576090492293361e+02
-5.130811343324957079e+02
-5.082746928700601075e+02
-5.020461662370405520e+02
-5.046565637722519568e+02
-5.065618272853706685e+02
-4.998931671172546771e+02
-5.054075145485752500e+02
-4.971561316380766016e+02
-5.045538416460675535e+02
-5.064590989018277014e+02
-5.105617472063936475e+02
-5.034038226905628335e+02
-4.995773904042529239e+02
-4.938969908904222734e+02
-4.873281009208618570e+02
-4.783978802948809061e+02
-4.791555159505395523e+02
-4.753770457227014390e+02
-4.772716665099052875e+02
-4.746229645569349032e+02
-4.700851936462158847e+02
-4.651632898428760541e+02
-4.649029563470799644e+02
-4.584028677021825047e+02
-4.609286717258011663e+02
-4.649723436139123010e+02
-4.607913313802495168e+02
-4.613126000420930382e+02
-4.593396053311773812e+02
-4.543746086737067458e+02
-4.499389616568958559e+02
-4.540341148047452862e+02
-4.570157417979467027e+02
-4.554530570138284702e+02
-4.522727068595491460e+02
-4.467929388799976209e+02
-4.444438103710191967e+02
-4.375184032156787453e+02
-4.387871829191063853e+02
-4.347851051675799567e+02
-4.343652679180312930e+02
-4.284558707018535415e+02
-4.308637533804679833e+02
-4.348388459578487186e+02
-4.364864153218428555e+02
-4.295801440214918898e+02
-4.279345030310782931e+02
-4.329386716305484128e+02
-4.331950869943129305e+02
-4.328752266091075853e+02
-4.293813746545858407e+02
-4.267603831066878683e+02
-4.269904012124227961e+02
-4.311954038589385050e+02
-4.311954038589385050e+02
-4.300081418291208593e+02
-4.248637740426344749e+02
-4.195698965096453321e+02
-4.153914492577659416e+02
-4.149747077550163681e+02
-4.093135161423924160e+02
-4.057548131344673266e+02
-4.012473846779633959e+02
-4.024597905975838330e+02
-3.977185716449502024e+02
-3.964260864242500020e+02
-3.982060204872641407e+02
-4.013268731489731636e+02
-3.979757304696272513e+02
-3.875056105205489985e+02
-3.853893902856073623e+02
-3.836852140058090868e+02
-3.838866988832793936e+02
-3.793702091492565387e+02
-3.782119155937324990e+02
-3.785790106043694436e+02
-3.796101799327686876e+02
-3.801352752503585748e+02
-3.842397699306989125e+02
