-1.885185515112255416e+03
-1.801751605267065770e+03
-1.744182039251760671e+03
-1.739626865382467031e+03
-1.752706838997352634e+03
-1.778310170940837907e+03
-1.778386187812109938e+03
-1.811374826499467645e+03
-1.842442938580564942e+03
-1.859408919172804644e+03
-1.879928343168051924e+03
-1.900605757304345389e+03
-1.908031670912049321e+03
-1.920144975479554660e+03
-1.912036751864394319e+03
-1.914475096006361582e+03
-1.906425084679155589e+03
-1.916554706188404907e+03
-1.914293696142196723e+03
-1.914221579271397104e+03
-1.916467300415766886e+03
-1.911026326677122597e+03
-1.909224836656660955e+03
-1.906479716393704166e+03
-1.909110119617454075e+03
-1.896735148231959556e+03
-1.897338212896740060e+03
-1.899980260533343653e+03
-1.902361599951098469e+03
-1.914915224491435765e+03
-1.902569156356789108e+03
-1.901334866691123807e+03
-1.903857732410852577e+03
-1.901995715268914182e+03
-1.908598339561839794e+03
-1.921393469010443141e+03
-1.929224978698492123e+03
-1.926107114778055802e+03
-1.911153548598903853e+03
-1.908319391984861795e+03
-1.915786993539022433e+03
-1.918148774938120368e+03
-1.903089235396117147e+03
-1.900905051792307631e+03
-1.903423145217307138e+03
-1.889788926836392420e+03
-1.875588612736155483e+03
-1.875668034425103997e+03
-1.887735251628124843e+03
-1.887735251628124843e+03
-1.870300656744614798e+03
-1.853374205968298384e+03
-1.843172419005822348e+03
-1.841114675063369305e+03
-1.831667351007964726e+03
-1.832990714508810470e+03
-1.833370275629843945e+03
-1.826614076854209316e+03
-1.831049991990041917e+03
-1.831103118642374511e+03
-1.816692062645809301e+03
-1.808081603244205098e+03
-1.798878813400266608e+03
-1.796940483937883300e+03
-1.802187883017973036e+03
-1.799876506933809196e+03
-1.815844370587618869e+03
-1.825071385656005987e+03
-1.832277696592658231e+03
-1.827457642854967617e+03
-1.824568844611135091e+03
-1.816139158039786480e+03
-1.816880941079286004e+03
-1.819613141275185626e+03
-1.821346906163890480e+03
-1.832227774800535826e+03
-1.838010592390424108e+03
-1.836330866583748502e+03
-1.830574032844570411e+03
-1.829675003802656875e+03
-1.818623926998523302e+03
-1.810305167691299403e+03
-1.804653808405865448e+03
-1.798722690438915606e+03
-1.791105214054792896e+03
-1.792023365794566644e+03
-1.787595373993275871e+03
-1.784246620920351688e+03
-1.785092625807454397e+03
-1.784272403313704672e+03
-1.774551222614056314e+03
-1.771083400509374087e+03
-1.766162304573846313e+03
-1.758080581811315142e+03
-1.753535093824758633e+03
-1.762384675355633817e+03
-1.747604401663898670e+03
-1.730749544748670814e+03
-1.729416845838753943e+03
-1.729416845838753943e+03
-1.734776058171790282e+03
-1.734255740874187723e+03
-1.736968112297143307e+03
-1.741384165891205839e+03
-1.743452270821552702e+03
-1.732655825006253735e+03
-1.730821372818294776e+03
-1.714303655761879327e+03
-1.719313358257034679e+03
-1.722030527186847394e+03
-1.723003217930893470e+03
-1.714869477557323307e+03
-1.721214657276912249e+03
-1.720678785066386126e+03
-1.724289947267026719e+03
-1.730350324926353778e+03
-1.733509371570746907e+03
-1.724710649500166255e+03
-1.711485762898163557e+03
-1.714797053396663614e+03
-1.705018627228849027e+03
-1.723328332854901873e+03
-1.724575433589018076e+03
-1.732390380915428977e+03
-1.726161613616591922e+03
-1.731218764257730527e+03
-1.724659882265690158e+03
-1.729002724278293272e+03
-1.728467458782617769e+03
-1.721396987278598999e+03
-1.713503925252689896e+03
-1.694136367145238637e+03
-1.695048292138143097e+03
-1.683993895186008103e+03
-1.692643272867665246e+03
-1.695743207945778749e+03
-1.681435048324868603e+03
-1.668717230682918398e+03
-1.668950004156693467e+03
-1.669316476023451287e+03
-1.657829191452204213e+03
-1.663966540970223377e+03
-1.657041403975792264e+03
-1.634841955289808993e+03
-1.633250962191602412e+03
-1.630290650373387507e+03
-1.632346804865291688e+03
-1.627688832201065679e+03
-1.621576877011086253e+03
-1.621576877011086253e+03
-1.608532406290503104e+03
-1.602905246826721623e+03
-1.611505007846874378e+03
-1.607869147550667549e+03
-1.598751990437805944e+03
-1.588218373040698452e+03
-1.581457937475124481e+03
-1.588714025296293357e+03
-1.579783853594483844e+03
-1.570998067563795530e+03
-1.554601108344291333e+03
-1.559185308028111649e+03
-1.564762707244832654e+03
-1.563448927281599026e+03
-1.566909397259741581e+03
-1.561163577175778073e+03
-1.561738156825057558e+03
-1.569643862926530346e+03
-1.573979468434741875e+03
-1.570536917117945904e+03
-1.560644896046393569e+03
-1.551450379690872978e+03
-1.548542135871176242e+03
-1.556817569081244528e+03
-1.550696015586407384e+03
-1.554430143058622662e+03
-1.556836219753636215e+03
-1.561994847929922571e+03
-1.558559392113709464e+03
-1.556875742459602407e+03
-1.561657084366208437e+03
-1.555999039367768091e+03
-1.537132063310444892e+03
-1.526988498983641193e+03
-1.525731352032142695e+03
-1.536897220361178825e+03
-1.512510015906962508e+03
-1.518514219152307078e+03
-1.512726309216733625e+03
-1.508256435099508508e+03
-1.501425517993342055e+03
-1.499050077948330227e+03
-1.492850600642885865e+03
-1.485331636818686320e+03
-1.473493186038168460e+03
-1.473873934998172217e+03
-1.456425986999030783e+03
-1.455332507527882399e+03
-1.452906239062964687e+03
-1.452906239062964687e+03
-1.451729847523121862e+03
-1.449338979170199536e+03
-1.443220714832865951e+03
-1.437553397065030822e+03
-1.429003437827104335e+03
-1.426129561906783465e+03
-1.414064382757084104e+03
-1.407681993853756012e+03
-1.409959576578212818e+03
-1.410751235729642985e+03
-1.408501805329304716e+03
-1.409132079862502451e+03
-1.404815260019117659e+03
-1.402808543078839421e+03
-1.390221600640449424e+03
-1.383022527231274353e+03
-1.381748715601171170e+03
-1.377918402659416188e+03
-1.376734543150724448e+03
-1.373462868043232675e+03
-1.364970808923857021e+03
-1.341364649273368968e+03
-1.338544492188344066e+03
-1.329647056240932898e+03
-1.322319918892701253e+03
-1.312720885950880529e+03
-1.299774357037425943e+03
-1.300414705027977789e+03
-1.310198307603113790e+03
-1.315900962245612391e+03
-1.310075595257321311e+03
-1.306560449979836449e+03
-1.312834809980181944e+03
-1.313691736273889319e+03
-1.303224841271612604e+03
-1.300537585803983120e+03
-1.289674429543573297e+03
-1.289247735764783329e+03
-1.282958158980951794e+03
-1.271953567130957708e+03
-1.251622697039062587e+03
-1.243365434119022893e+03
-1.234144797587490530e+03
-1.225999447091808634e+03
-1.216919739199895503e+03
-1.215685023768034398e+03
-1.214479130772994040e+03
-1.210752657974022441e+03
-1.202310545404656978e+03
-1.202310545404656978e+03
-1.196441933307484533e+03
-1.195240423661150089e+03
-1.191779204027438027e+03
-1.197854689162541263e+03
-1.198799178984286982e+03
-1.184052624102589562e+03
-1.169276298005718218e+03
-1.163148470188509464e+03
-1.148031337171859604e+03
-1.139268618632760536e+03
-1.127170897243007630e+03
-1.112278003397154635e+03
-1.114564106094324643e+03
-1.103047256453711498e+03
-1.096020288640191893e+03
-1.090334262081911902e+03
-1.092237431304471784e+03
-1.083556169960330180e+03
-1.063415585695051959e+03
-1.059320995528716821e+03
-1.066658164777873026e+03
-1.058021638724962258e+03
-1.052519231848773643e+03
-1.053144376955231564e+03
-1.048039518737354683e+03
-1.046676324775795138e+03
-1.034390120464383699e+03
-1.013131195879259508e+03
-1.006033107322716432e+03
-9.929707926057839131e+02
-9.844228103341458791e+02
-9.815980546908061797e+02
-9.936282798420240852e+02
-1.003921999524894204e+03
-1.001313637740650165e+03
-1.000557441643746301e+03
-9.776985441635392817e+02
-9.760730043074262312e+02
-9.763459148310845421e+02
-9.711306592873067984e+02
-9.671853103859224348e+02
-9.621630813055156750e+02
-9.372892538683914836e+02
-9.434279416515259982e+02
-9.333426066152201201e+02
-9.208479226832441782e+02
-9.161808487918407309e+02
-9.113934370289988465e+02
-9.045611733711133411e+02
-9.045611733711133411e+02
-8.950475571450508596e+02
-8.940814579282641716e+02
-8.916343886675457497e+02
-8.892240049469348833e+02
-8.902794414098061679e+02
-8.779812743830361796e+02
-8.661774225266207168e+02
-8.589139543785040587e+02
-8.571485771476488935e+02
-8.459898433039895735e+02
-8.407338328765529241e+02
-8.317326434082516471e+02
-8.286703477386560053e+02
-8.158127295767450278e+02
-8.068205858464312996e+02
-8.020113500266360234e+02
-7.981612042984164646e+02
-7.910575340432307030e+02
-7.887610497691492810e+02
-7.762615557865693745e+02
-7.694213808026347579e+02
-7.586128894796564737e+02
-7.650257131807990163e+02
-7.537123340882615139e+02
-7.417596699782365022e+02
-7.405097159424634583e+02
-7.214460073956316819e+02
-7.147966626882051742e+02
-7.161393602276602905e+02
-7.121008889627014469e+02
-7.094617018912354069e+02
-6.977929208036804312e+02
-6.840961096253525966e+02
-6.804302249530218205e+02
-6.821153272579767872e+02
-6.747019973127599997e+02
-6.804911823447849883e+02
-6.721853370814044411e+02
-6.738660087089916715e+02
-6.629514980480419126e+02
-6.540449029637524063e+02
-6.484827767936129703e+02
-6.419169746733222155e+02
-6.336301576768008772e+02
-6.315256162498828871e+02
-6.274884096722711320e+02
-6.213200102767372073e+02
-6.052581036552062415e+02
-5.996478238777303886e+02
-5.996478238777303886e+02
-5.899203060416247126e+02
-5.834687698538516543e+02
-5.665046482158599019e+02
-5.648771837408213514e+02
-5.567439024674436041e+02
-5.467565134151599295e+02
-5.429349772833381849e+02
-5.281432194936236328e+02
-5.200868040885753771e+02
-5.151860940626681895e+02
-5.098433751068263291e+02
-5.028597302067084911e+02
-4.962055464853910962e+02
-4.978756179141339544e+02
-4.837079035920971251e+02
-4.820228197468342159e+02
-4.757778909947768398e+02
-4.757785723487789369e+02
-4.726144580380915841e+02
-4.656052640250156855e+02
-4.534758880301248496e+02
-4.581544162431684981e+02
-4.546338915612329288e+02
-4.485325697436285282e+02
-4.423751811303145587e+02
-4.422474987959350301e+02
-4.307939922718242087e+02
-4.248500029792411965e+02
-4.205615293620077182e+02
-4.128301110216604570e+02
-4.053355705464283005e+02
-3.988149172437370567e+02
-3.949008786970686060e+02
-3.854211901225458519e+02
-3.770668886719212196e+02
-3.688262298140267035e+02
-3.694623253697272389e+02
-3.639499222935407374e+02
-3.526649561844404843e+02
-3.436562887159385582e+02
-3.411762187756058893e+02
-3.275026915518609485e+02
-3.190591771481701926e+02
-3.133140864340583676e+02
-3.027956862930840884e+02
-3.048448602817672963e+02
-2.947742176863347368e+02
-2.877267944211625945e+02
-2.906701495086708178e+02
-2.906701495086708178e+02
-2.869306196523419317e+02
-2.846710511973899997e+02
-2.778028951445131725e+02
-2.695140978603110966e+02
-2.643901990180686425e+02
-2.617100639622768767e+02
-2.518358339847432319e+02
-2.420335520832511236e+02
-2.282718401482158015e+02
-2.266374067629960791e+02
-2.240195972934539839e+02
-2.174485872038017078e+02
-2.084836556486867210e+02
-2.102772456158758985e+02
-1.922323375543081170e+02
-1.887494467637714024e+02
-1.863428864802050668e+02
-1.762458665589257976e+02
-1.631397961349945831e+02
-1.633501007611121167e+02
-1.523092423858916220e+02
-1.429744662617995061e+02
-1.324881415587753679e+02
-1.247181053092893706e+02
-1.181051256673502508e+02
-1.074972860416386879e+02
-9.993235154896153460e+01
-1.012079517285972656e+02
-9.578575601779398596e+01
-9.222257980213439055e+01
-9.028183457778102650e+01
-8.865938874681654625e+01
-7.777572582202847684e+01
-7.426217986809366778e+01
-7.771607008650187254e+01
-7.359943239662391079e+01
-6.214499164988812652e+01
-5.037128987060454222e+01
-3.967025516868486079e+01
-3.938912850574578783e+01
-3.258516283239853095e+01
-2.515689122875599892e+01
-1.608992137599112127e+01
-1.077820794345726085e+01
-8.251923008291317529e+00
-1.581872854798916261e+00
1.258484771770042698e+01
1.834673450528658378e+01
2.644034385411478283e+01
2.644034385411478283e+01
3.757171321415105325e+01
4.276073426284880696e+01
4.696398225852689734e+01
5.723785708517084458e+01
6.041012604004198749e+01
6.610679364932333613e+01
7.199215209044648134e+01
7.868897123874954502e+01
8.674791819922030811e+01
8.868675190202235115e+01
9.385283521484409164e+01
9.711970914161638291e+01
9.977985580782249997e+01
1.040349371826708449e+02
1.089468956702178417e+02
1.157879254292595022e+02
1.213867111815922328e+02
1.281444318716868622e+02
1.405914337375809851e+02
1.394536394803278085e+02
1.443211652045228846e+02
1.525151556033878251e+02
1.549154992209366810e+02
1.611322594298730166e+02
1.768403004135309686e+02
1.873216231718301401e+02
1.897811371606462956e+02
2.024924649079570145e+02
2.103902387222288439e+02
2.158486460698726432e+02
2.199809329395688167e+02
2.228705720177142666e+02
2.283709508889649555e+02
2.384912937993084086e+02
2.470039132234863928e+02
2.475676775377208116e+02
2.534309127034032088e+02
2.637396343277379742e+02
2.735498313195629407e+02
2.791249503754340822e+02
2.838467429786176695e+02
2.904276681175962267e+02
2.944598484469055393e+02
2.971197122043222976e+02
3.047730649506060558e+02
3.122903815805351542e+02
3.199562549327186503e+02
3.242006761140083313e+02
3.261549957162347937e+02
3.261549957162347937e+02
3.323839385531354083e+02
3.360481090504726467e+02
3.479132396982713544e+02
3.589515404110939016e+02
3.639930284027945504e+02
3.694475448401996118e+02
3.713905187095532483e+02
3.774618223340830809e+02
3.856639698735014576e+02
3.938645905593496650e+02
3.981820858431729562e+02
4.009446813701417227e+02
4.082669099974078222e+02
4.147305939642134263e+02
4.245851041273634223e+02
4.269092475317631852e+02
4.341550941173186402e+02
4.368247259393371564e+02
4.498060979486319297e+02
4.539372403395357765e+02
4.615363631105216768e+02
4.650800273236907287e+02
4.726957374117195627e+02
4.828562095422576022e+02
4.886399090639191627e+02
4.926636901653921541e+02
5.008316981746330043e+02
5.067651347540304414e+02
5.102973723020737111e+02
5.142999226801889563e+02
5.220274780262444665e+02
5.252322067229829372e+02
5.307526413900699254e+02
5.408129731091396479e+02
5.431922585103438905e+02
5.510531343882913689e+02
5.543872051376895342e+02
5.557966106092186465e+02
5.636427082882787545e+02
5.704455719026541374e+02
5.785689274929397925e+02
5.836267376475385618e+02
5.855162371977070279e+02
5.938540499808982531e+02
6.010643156887258556e+02
6.109432960780347912e+02
6.195121128009299127e+02
6.243202454451209178e+02
6.365253280538362333e+02
6.365253280538362333e+02
6.403254768998400550e+02
6.457832543007160666e+02
6.550819396201346763e+02
6.615023218729253358e+02
6.645065200651199575e+02
6.726425336156506773e+02
6.821030801655322193e+02
6.861249295044841574e+02
6.896812103499653404e+02
6.931378728927256816e+02
6.988368346017979320e+02
7.065914474221403907e+02
7.140080334289561961e+02
7.216303028797287880e+02
7.283275224678664017e+02
7.367205016285661259e+02
7.435607879211108866e+02
7.510122997384307837e+02
7.587709373447557937e+02
7.651434691410917139e+02
7.727001918212819191e+02
7.789323780016530918e+02
7.836038280444505517e+02
7.862566364539100050e+02
7.892847808245927581e+02
7.998563539787131731e+02
8.040349082829569625e+02
8.106210209629982728e+02
8.119937487793978335e+02
8.183174321123501613e+02
8.260746920742158181e+02
8.312537340655477465e+02
8.366164976688537536e+02
8.397461245754261654e+02
8.500537407625687365e+02
8.616172448839433855e+02
8.661216346021294612e+02
8.725309969512632051e+02
8.784164081634086187e+02
8.847256123708912128e+02
8.891546185550012069e+02
8.993983910295819442e+02
9.021168358886092165e+02
9.095453486704212764e+02
9.129268416907769961e+02
9.165795650340539851e+02
9.231220269527561868e+02
9.291352624041170429e+02
9.339057018607344389e+02
9.339057018607344389e+02
9.417089707228961970e+02
9.454454855484842710e+02
9.560294158726276237e+02
9.659143416951745849e+02
9.734693806384406116e+02
9.833752552088989205e+02
9.883916526977085368e+02
9.969707712259644268e+02
1.001333766024828037e+03
1.007915272244252719e+03
1.017471750919386750e+03
1.023772221022381586e+03
1.029061434196161372e+03
1.031712381798015485e+03
1.036620987403204936e+03
1.045358387141297499e+03
1.048256167310415776e+03
1.054846431019255306e+03
1.059244527767775708e+03
1.065349374975569845e+03
1.070803964931964401e+03
1.077383333574036214e+03
1.083180314329410294e+03
1.089120068915415004e+03
1.093736767309549123e+03
1.104798924252771940e+03
1.109456313148047457e+03
1.114490391677338721e+03
1.119602548943976217e+03
1.125630859631123030e+03
1.134229596598347598e+03
1.140237192892302119e+03
1.146512489759046730e+03
1.152771363688298152e+03
1.157546746771087783e+03
1.165435413258000835e+03
1.172958342844604203e+03
1.179269198812230570e+03
1.182909603139979936e+03
1.187623142586450967e+03
1.197506319950025272e+03
1.205998913024611966e+03
1.209949531673261390e+03
1.211827632228824996e+03
1.217615728975055390e+03
1.223320247402958785e+03
1.230943483803004938e+03
1.235998290783008315e+03
1.244855454128089832e+03
1.244855454128089832e+03
1.254863548907083441e+03
1.265110240268163807e+03
1.269947764271453252e+03
1.275745710050013258e+03
1.283461626773458192e+03
1.288721778457235587e+03
1.290895949602617293e+03
1.298687095869189989e+03
1.306585458829512845e+03
1.311835283112426623e+03
1.315826912431837627e+03
1.324372958383710284e+03
1.333108455396623867e+03
1.338911449866205430e+03
1.341367094807808144e+03
1.344705451161704104e+03
1.355378544529873579e+03
1.360152288933508544e+03
1.364657452456119699e+03
1.370384801642560660e+03
1.377652736547478753e+03
1.383629276617174128e+03
1.390744886063591139e+03
1.399145274375667668e+03
1.404846005246671666e+03
1.408458236725478400e+03
1.414855900625960658e+03
1.422844096963069660e+03
1.430844255824481479e+03
1.433242685484049389e+03
1.440003543353195255e+03
1.446080134038504184e+03
1.451291374530670510e+03
1.455540802920346096e+03
1.462870552433121247e+03
1.470600437438251447e+03
1.476519168173472508e+03
1.479434523358668912e+03
1.486838216729613805e+03
1.491623311990162392e+03
1.500478208346382644e+03
1.507256280737821044e+03
1.514986537441617884e+03
1.521451025983604950e+03
1.525268083366055862e+03
1.531210431497595209e+03
1.537867067094673757e+03
1.544057032689198195e+03
1.548147223231515682e+03
1.548147223231515682e+03
1.563333234829519824e+03
1.573136699827005486e+03
1.582065849699258933e+03
1.587711772736509829e+03
1.590391349438456928e+03
1.598756685290529958e+03
1.605176729522867390e+03
1.611436896009157181e+03
1.612883993215690680e+03
1.620374365027990279e+03
1.625725935193935129e+03
1.630634216599781212e+03
1.637958059589618870e+03
1.643082736979009269e+03
1.650686923151005203e+03
1.657902096210171976e+03
1.662919043258470765e+03
1.665481758382217322e+03
1.675246944518748023e+03
1.681642577467704996e+03
1.683685598798236697e+03
1.691241041615694257e+03
1.699253380273022685e+03
1.706952674767632743e+03
1.711819921351651828e+03
1.717290687197685884e+03
1.722504140399994185e+03
1.728050522133714821e+03
1.730718083350315737e+03
1.739826758522651971e+03
1.748240891158412978e+03
1.753665108004999638e+03
1.761547882638112242e+03
1.767403187917390824e+03
1.775112168539005552e+03
1.779314407670407945e+03
1.781039450193759421e+03
1.787583501932672107e+03
1.798082311102634094e+03
1.801105932207003434e+03
1.810683862730174496e+03
1.818937940707573034e+03
1.826027069071332789e+03
1.832325009181967062e+03
1.838272234813283148e+03
1.843542908160220804e+03
1.847628212358798464e+03
1.858947330832493208e+03
1.867489085943886721e+03
1.867489085943886721e+03
1.874929185498410561e+03
1.882724142949355155e+03
1.886714688280362225e+03
1.895200126882087943e+03
1.896420555650575807e+03
1.904101075642930027e+03
1.915873006301356099e+03
1.920608675464716498e+03
1.923196076038354704e+03
1.928374695553029369e+03
1.931754529481740065e+03
1.938114282948644131e+03
1.943956754671049339e+03
1.948788141767703110e+03
1.953182756650618330e+03
1.964274264007257898e+03
1.974254590304083649e+03
1.976820918664869851e+03
1.983850787101621108e+03
1.984766107414786347e+03
1.989101543308869623e+03
1.999417873497001210e+03
2.011118741001803301e+03
2.016626374609216555e+03
2.024700987428487679e+03
2.032505542844469801e+03
2.041440163647009740e+03
2.044830808234139113e+03
2.048410471249684633e+03
2.059814923774343242e+03
2.068012189273812965e+03
2.068542287737333936e+03
2.069948789020791537e+03
2.081249446275853643e+03
2.087663466725291528e+03
2.093026539078330188e+03
2.097202568440000050e+03
2.107091806377609828e+03
2.116901439297099841e+03
2.120738876642881678e+03
2.129908812927964391e+03
2.130820922734311353e+03
2.135029954031253055e+03
2.142055052987488580e+03
2.147538483355054723e+03
2.149186528741376605e+03
2.162686879893012701e+03
2.165366605148617055e+03
2.166146137154199550e+03
2.166146137154199550e+03
2.175933211792661950e+03
2.186740204340620949e+03
2.193128992915981144e+03
2.198346692699361938e+03
2.203758824496773741e+03
2.203787601591819111e+03
2.215865015251571094e+03
2.223777327741518548e+03
2.226478309534309574e+03
2.232393346164206378e+03
2.235003933030832741e+03
2.239482078094230019e+03
2.243901371552814453e+03
2.250903579236129190e+03
2.255010290793006789e+03
2.270950107652923634e+03
2.285093179073348892e+03
2.291905325849611472e+03
2.303021132117866728e+03
2.306771599743674869e+03
2.309301032898065387e+03
2.309287743732610124e+03
2.317212778122836426e+03
2.326654460070487403e+03
2.336984676639627651e+03
2.340382272093318534e+03
2.355898079879650140e+03
2.360100612981996619e+03
2.369824422327201319e+03
2.378132192481533366e+03
2.381378592338931867e+03
2.383035636014941247e+03
2.379657006692737468e+03
2.389108336308398520e+03
2.393762193891433071e+03
2.401060808280386937e+03
2.412975986259177716e+03
2.413266066453423718e+03
2.419116160249915083e+03
2.426639910712498477e+03
2.439549082904819443e+03
2.444586477221092991e+03
2.442889613710904541e+03
2.446586665360556708e+03
2.450197531903383151e+03
2.466213332275093762e+03
2.472645265553146601e+03
2.480671092273291379e+03
2.487745062902982681e+03
2.487745062902982681e+03
2.499584428681092959e+03
2.503442967904364195e+03
2.509507542124212705e+03
2.508615646598643707e+03
2.510816162943994641e+03
2.521307626360163340e+03
2.529121451629975581e+03
2.532116317083167814e+03
2.543190467476238609e+03
2.552991584017454443e+03
2.559766917479526001e+03
2.556715084002377353e+03
2.564334568785445754e+03
2.578645336169377970e+03
2.583276048398185139e+03
2.597959062040555182e+03
2.609312941215926003e+03
2.611890291385353066e+03
2.621932993748988338e+03
2.623817874684172239e+03
2.634608663819686171e+03
2.634337998778361907e+03
2.634714290853461080e+03
2.638170242996895468e+03
2.648466954867375080e+03
2.655907245976848571e+03
2.664846054706285486e+03
2.674261119756225071e+03
2.669269934471120905e+03
2.671341076604995123e+03
2.685227692694539201e+03
2.686723018630668321e+03
2.685803809484513749e+03
2.690912309478254883e+03
2.699229679990421118e+03
2.708120905302790106e+03
2.718213215794735788e+03
2.717322709270791620e+03
2.721684702370593641e+03
2.729928533260078893e+03
2.738640168338726653e+03
2.749531564213574256e+03
2.753883729973358186e+03
2.764033193224165643e+03
2.765931398327711122e+03
2.770250475574981465e+03
2.779231691231945206e+03
2.787078585700598978e+03
2.789435713974698501e+03
2.789435713974698501e+03
2.803668902455661737e+03
2.815462405351601774e+03
2.821678715528581051e+03
2.818497508691425537e+03
2.819406758606073254e+03
2.827673148937962651e+03
2.835841161505050422e+03
2.840786333989623017e+03
2.840672790687852284e+03
2.851432872763030900e+03
2.867383250082151790e+03
2.876046014217163702e+03
2.882222234345755169e+03
2.893427154133372824e+03
2.897401101892528004e+03
2.905132108450057785e+03
2.902793257994204396e+03
2.907518039220892206e+03
2.914334712343862975e+03
2.919467894820564197e+03
2.920372355827191313e+03
2.931287433963158492e+03
2.940119775061794371e+03
2.941668952623969290e+03
2.949914508163576556e+03
2.955981837295897094e+03
2.952327233468691247e+03
2.967767405190391401e+03
2.978109457109246705e+03
2.975907956460475361e+03
2.978242756802515942e+03
2.982903068315579276e+03
3.001909530855524281e+03
3.000651529184512583e+03
3.010915928479207651e+03
3.021314238290667618e+03
3.017236864258031801e+03
3.023044663070680599e+03
3.036810916921109765e+03
3.037724955462274011e+03
3.045449569666524440e+03
3.052878976156752742e+03
3.049997259623190530e+03
3.067320511165599783e+03
3.068523695844645317e+03
3.069950108152942903e+03
3.071011898193506568e+03
3.078381372404096055e+03
3.093686773471952165e+03
3.093686773471952165e+03
3.105558585379662873e+03
3.115214231120345175e+03
3.121586996718574028e+03
3.121698918754066653e+03
3.133662900777655068e+03
3.147976175409353800e+03
3.145349418063302892e+03
3.142628817297749265e+03
3.157244990994227010e+03
3.164898523888098225e+03
3.168191710157384477e+03
3.167495717282782152e+03
3.179648149451680183e+03
3.180318114162045276e+03
3.181104084951884033e+03
3.196967781592174561e+03
3.196188268096028878e+03
3.197861761742566614e+03
3.215104723764367009e+03
3.219788760111477131e+03
3.239299670327694002e+03
3.245109597465163915e+03
3.245040776682779324e+03
3.253563867169208152e+03
3.257680559069811352e+03
3.263826372615004402e+03
3.267789080637823190e+03
3.263182386598744870e+03
3.263287876555156799e+03
3.267707484524801202e+03
3.274146257485585920e+03
3.290417464826675314e+03
3.301558004243942833e+03
3.312700361607533068e+03
3.310522587878776449e+03
3.315787642851721557e+03
3.314689836954824386e+03
3.325059487170782177e+03
3.343946754351912205e+03
3.345920584107892410e+03
3.350336423055940486e+03
3.355158913976283657e+03
3.368373459825948430e+03
3.380590289424681941e+03
3.380267625985977247e+03
3.379300581661189881e+03
3.379438614793403303e+03
3.394542128385877731e+03
3.407188090482223743e+03
3.407188090482223743e+03
3.414089032424919878e+03
3.421278848288654444e+03
3.434356274188719908e+03
3.441384236535386208e+03
3.441904868588178033e+03
3.444773470237879792e+03
3.443980621137223352e+03
3.454280666127002405e+03
3.469748030594148531e+03
3.473092202929278756e+03
3.480402996225111565e+03
3.477583184944414370e+03
3.481573167138618828e+03
3.494206488240007729e+03
3.503950029395604815e+03
3.506256796520422085e+03
3.517473429312197823e+03
3.522935522588298682e+03
3.528341374806422209e+03
3.536191882114835607e+03
3.539664749039165144e+03
3.539645735504986988e+03
3.542068822975916646e+03
3.544288314957927469e+03
3.542959269304292775e+03
3.552840735432876500e+03
3.557677923634009403e+03
3.567893681430874949e+03
3.574010925228492397e+03
3.586431877952014474e+03
3.593402023105727949e+03
3.604712110079301510e+03
3.604258578814541124e+03
3.616208323002310408e+03
3.623370415278296605e+03
3.622023186492284367e+03
3.630349125184458444e+03
3.637809120794970113e+03
3.630724412392680733e+03
3.636821443360501235e+03
3.634497899512967251e+03
3.645755030433980210e+03
3.659058726141714033e+03
3.662478462256063722e+03
3.662096694691141693e+03
3.661375155219853241e+03
3.674655302794829822e+03
3.681568085833363057e+03
3.690297855394790076e+03
3.690297855394790076e+03
3.709492597836831919e+03
3.727810501161575758e+03
3.741367721444401013e+03
3.737941289633681208e+03
3.736924888561570697e+03
3.738085149379807262e+03
3.758202877114445528e+03
3.753412941557119211e+03
3.761448466350772378e+03
3.770510555542638031e+03
3.767374354584122102e+03
3.769991336982620851e+03
3.785795182340285464e+03
3.784458883817845162e+03
3.794552750526462205e+03
3.796666910543960057e+03
3.806799440301304003e+03
3.821897180999108059e+03
3.830856084169802671e+03
3.832923730509397501e+03
3.830024700158186988e+03
3.836059230640379155e+03
3.836942129968568679e+03
3.857390532922357579e+03
3.864129027365060210e+03
3.881064151631389905e+03
3.879636153846040997e+03
3.878673752298639556e+03
3.891739825358855342e+03
3.894027879446642146e+03
3.897080353954767361e+03
3.908449810523195083e+03
3.904953780071821257e+03
3.920509706999777791e+03
3.923822178473794338e+03
3.931267336825627808e+03
3.937561257951909283e+03
3.952573419093394477e+03
3.965189400088402181e+03
3.966514524112381423e+03
3.960916012224504811e+03
3.960134825255478518e+03
3.968038292359601201e+03
3.975197905694586098e+03
3.981928626858626558e+03
3.988058896918766550e+03
3.999682982288777112e+03
3.995994138044087322e+03
3.990745017667377851e+03
3.990745017667377851e+03
3.994327901145727992e+03
4.010527230318810780e+03
4.028373980491611292e+03
4.042021176763135827e+03
4.048942530106348386e+03
4.051442580547331545e+03
4.057265669459360652e+03
4.052053058823903029e+03
4.050346479089290369e+03
4.054784411041619478e+03
4.076932147095912114e+03
4.083679754056043748e+03
4.092954971391931849e+03
4.102753060062911572e+03
4.113482984040986594e+03
4.115131464886697358e+03
4.118357196563114485e+03
4.136465060154659113e+03
4.139454029523537429e+03
4.142349776138612469e+03
4.156590843956549179e+03
4.160372746745882978e+03
4.175255566559946601e+03
4.179339740328652624e+03
4.181967209498796365e+03
4.190125656758532386e+03
4.183272030417820133e+03
4.182874777817426548e+03
4.191805638240261942e+03
4.200042051626363900e+03
4.201376189503431306e+03
4.202390041818644022e+03
4.216463435537054465e+03
4.207735094847756045e+03
4.211683220292393344e+03
4.210073171614229977e+03
4.223325128140030756e+03
4.222885109060215655e+03
4.228951655247245071e+03
4.234406560737026666e+03
4.241166149967856654e+03
4.250288772328556661e+03
4.261823605842180768e+03
4.274786709815603899e+03
4.273361798111627650e+03
4.277319946745292327e+03
4.291020856201002971e+03
4.312295921878527224e+03
4.321601534421506585e+03
4.321601534421506585e+03
4.337131523598321110e+03
4.335930587773913430e+03
4.338107255096441804e+03
4.344255985775654153e+03
4.347862964090656533e+03
4.343799015569296898e+03
4.355457612811529543e+03
4.352633016660959584e+03
4.363468641071119237e+03
4.365819329516801190e+03
4.373680189555648212e+03
4.384185523312059559e+03
4.388378114398167781e+03
4.388021364857138906e+03
4.387604173142750369e+03
4.402833657429300729e+03
4.420595108513016385e+03
4.427442834226633749e+03
4.436806162788884649e+03
4.438362785762687054e+03
4.452858044362053079e+03
4.457811407534522004e+03
4.462596823755572586e+03
4.471019049677000112e+03
4.464626914611886605e+03
4.477518765729301776e+03
4.485802211763480955e+03
4.483302245082902118e+03
4.487845044757194046e+03
4.495297448686996177e+03
4.510042362244060314e+03
4.529894004127047992e+03
4.540156422419081537e+03
4.534734651338473668e+03
4.531392721315030030e+03
4.525479779550378225e+03
4.536250803800257017e+03
4.556099319360053414e+03
4.558001772223688931e+03
4.561756251068005440e+03
4.550811889667067589e+03
4.558138268679987959e+03
4.563095500483203068e+03
4.570846914487242429e+03
4.570602915909164949e+03
4.573560523778197421e+03
4.585231595010745878e+03
4.585069310786576352e+03
4.589059089072492498e+03
4.589059089072492498e+03
4.596820350136584238e+03
4.595494488972282852e+03
4.614620410014348636e+03
4.630711720758869888e+03
4.635361865862810191e+03
4.647320545357293668e+03
4.652688835901546554e+03
4.656373829124018812e+03
4.652506307649736300e+03
4.653242453520105300e+03
4.673941051058814082e+03
4.675386315069711600e+03
4.677675696916235211e+03
4.673202754460030519e+03
4.683667199389868074e+03
4.684550009983290693e+03
4.698993893136123006e+03
4.701163434293710452e+03
4.716147326699686346e+03
4.716155659583207125e+03
4.725159862333445744e+03
4.731372109763869958e+03
4.734235873561757217e+03
4.744116232723136818e+03
4.751687893607086153e+03
4.751544242756806852e+03
4.750160416780715423e+03
4.767986947046798377e+03
4.792308190627573822e+03
4.798899989145016661e+03
4.806626216907272465e+03
4.816513898378470003e+03
4.824863289276840078e+03
4.831734300513843664e+03
4.835921245040830399e+03
4.836977079615013281e+03
4.831866502115900403e+03
4.821164628545917367e+03
4.832622657008610076e+03
4.840018945094248011e+03
4.842037965110114783e+03
4.864874339423311540e+03
4.864670050521654957e+03
4.865789821099400797e+03
4.869056220658279017e+03
4.889333403597565848e+03
4.885770477415551795e+03
4.905587849250583531e+03
4.908672326617924227e+03
4.908672326617924227e+03
4.912662515325186178e+03
4.917280591542145885e+03
4.923435527252337124e+03
4.937656229550747412e+03
4.937314044263547657e+03
4.952439161430321292e+03
4.948857980656281143e+03
4.954219909872495919e+03
4.961868893480012048e+03
4.970120018634630469e+03
4.981858599364968541e+03
4.996077431745705326e+03
5.001044082976241953e+03
5.005829188671568772e+03
5.006195641657951455e+03
5.000769797070104687e+03
5.025112300227497144e+03
5.022195079699559756e+03
5.016826738472677789e+03
5.022627236167761112e+03
5.023718748803838935e+03
5.046576091414775874e+03
5.064036347614709484e+03
5.058930292711377660e+03
5.061842255250695416e+03
5.070315544171270631e+03
5.063425075595541784e+03
5.067735908921087685e+03
5.086629646043887078e+03
5.084488355644283729e+03
5.093559535686196796e+03
5.087019575746801820e+03
5.107846615491850571e+03
5.122329279039476205e+03
5.133092081175544990e+03
5.123681708905237429e+03
5.133822618555182999e+03
5.133399968897738290e+03
5.136155748645141102e+03
5.135546073641592557e+03
5.144250434116093857e+03
5.158273974897927474e+03
5.167701474682893604e+03
5.176764474289641839e+03
5.178427382469889380e+03
5.195498176869326926e+03
5.214300440482534214e+03
5.230427641788299297e+03
5.239216473415633118e+03
5.239216473415633118e+03
5.234912053795652355e+03
5.249680125509770733e+03
5.248241598787557450e+03
5.268882391140356958e+03
5.273329703920338943e+03
5.275017300762527157e+03
5.274849860703268860e+03
5.285934236653795779e+03
5.292818676991494613e+03
5.284298214265099887e+03
5.302414188794513393e+03
5.305794453580637310e+03
5.302917707921839792e+03
5.308342207306034652e+03
5.308591964652024217e+03
5.311326428092776951e+03
5.314999698853614063e+03
5.310765377594618258e+03
5.316033194979318068e+03
5.320578855476944227e+03
5.321484528025367581e+03
5.335537504497117880e+03
5.348951778900473983e+03
5.364130704526860427e+03
5.366800105026251003e+03
5.352758882769924639e+03
5.355667775780476404e+03
5.378973497032930936e+03
5.403414619519354346e+03
5.397865196252691931e+03
5.397741160348593439e+03
5.407558717621162941e+03
5.404343031465154127e+03
5.411427889700113155e+03
5.422215811061057138e+03
5.445797077659442039e+03
5.435069156907967226e+03
5.445175737520474286e+03
5.446602089682360202e+03
5.457924823089388155e+03
5.463951543420301277e+03
5.479182232333423599e+03
5.494040406693769910e+03
5.475154491840363335e+03
5.472452911719831718e+03
5.476371779060294102e+03
5.479723197309620446e+03
5.492667176820122222e+03
5.482143929643796582e+03
5.482143929643796582e+03
5.478663694998605024e+03
5.498697656513548282e+03
5.507036214193301021e+03
5.518504066569276802e+03
5.527852514634317231e+03
5.525398003147734926e+03
5.551548194336590313e+03
5.543811902736233606e+03
5.548244087222195958e+03
5.564068823064266326e+03
5.571411084275685425e+03
5.578746638670197171e+03
5.587643201887095529e+03
5.601657239569814919e+03
5.609642471389860475e+03
5.623522750860144697e+03
5.618012153981159827e+03
5.638336166144745221e+03
5.641302609167520131e+03
5.642603589414157796e+03
5.646421277044405542e+03
5.661707165913299832e+03
5.677064009621658442e+03
5.691912737675332210e+03
5.682165530059271077e+03
5.671868053033069373e+03
5.694422471774999394e+03
5.696880771184130936e+03
5.695382571523668958e+03
5.705317536763490352e+03
5.713559393555901806e+03
5.716196683970004415e+03
5.720534721678472124e+03
5.737926978074395265e+03
5.748403475111300395e+03
5.737890330061682107e+03
5.742749681265721847e+03
5.745153438398943763e+03
5.747837210966512430e+03
5.750099364995409815e+03
5.766364236713466198e+03
5.752063300673332378e+03
5.774009122922952884e+03
5.774771436225564685e+03
5.777670470916933482e+03
5.784179311144521307e+03
5.777487895903213030e+03
5.776811660207314162e+03
5.783569649385366574e+03
5.783569649385366574e+03
5.793892540141757308e+03
5.813897853163578475e+03
5.823417166577834905e+03
5.837637319317397669e+03
5.841761661750683743e+03
5.849084311162700033e+03
5.842250814483654722e+03
5.841633999251920613e+03
5.856300842460806962e+03
5.869352638173926607e+03
5.879033990577151599e+03
5.884464397883764832e+03
5.900126338591181593e+03
5.908560725809477844e+03
5.913990872179096186e+03
5.910919147745837108e+03
5.927092514468248737e+03
5.923823184857982596e+03
5.918001972923044377e+03
5.932454148692188028e+03
5.961744006722557970e+03
5.960310575817145036e+03
5.951436787967057171e+03
5.939969438468766384e+03
5.939066296962864726e+03
5.951843500422034595e+03
5.949712242575893470e+03
5.955666664671030958e+03
5.977908784348469453e+03
5.973688310765047390e+03
5.969181563458355413e+03
5.981034594473043398e+03
5.982254996270106858e+03
5.987086550288134276e+03
5.985724418005164807e+03
5.993128884156177264e+03
5.993540028113758126e+03
6.016094215690018245e+03
6.037115061582176168e+03
6.039697189138991234e+03
6.060373227507250704e+03
6.077419713884909470e+03
6.072918005237845136e+03
6.061603191332080314e+03
6.068914301345276726e+03
6.087557604406429164e+03
6.086617683473704346e+03
6.093396845177776413e+03
6.104208454973226253e+03
6.104208454973226253e+03
6.115073358402883059e+03
6.109940260137354016e+03
6.107502642345619279e+03
6.115505658372085236e+03
6.129152906622181945e+03
6.132042448131777746e+03
6.123038547572093194e+03
6.130640578733844450e+03
6.158391959751386821e+03
6.179473972903817412e+03
6.184743170899562756e+03
6.195448586526350482e+03
6.187521513586990295e+03
6.183253041576956093e+03
6.193227605448746544e+03
6.201145976878048714e+03
6.223959879972680028e+03
6.223923925167504422e+03
6.227635267724013829e+03
6.231423809993942996e+03
6.225476980676216044e+03
6.231837827967083285e+03
6.227602195534704151e+03
6.248213626904347620e+03
6.252274844810905961e+03
6.288630129469076564e+03
6.297982848513805948e+03
6.281772001215555974e+03
6.296749928768012978e+03
6.304893974782951773e+03
6.287382533956864791e+03
6.297775867071783978e+03
6.297841748357091092e+03
6.306189277024054718e+03
6.318592137409721545e+03
6.321790619685477395e+03
6.317618508574144471e+03
6.305714715672857892e+03
6.325455826187743696e+03
6.322201439522948931e+03
6.321845737631935663e+03
6.312766257774938822e+03
6.341296951733283095e+03
6.364854886079243443e+03
6.367302035456747944e+03
6.375517384289116308e+03
6.394925157570986812e+03
6.392242897787583388e+03
6.392369791446682939e+03
6.392369791446682939e+03
6.410172307140332123e+03
6.410015313253094064e+03
6.410360012526983155e+03
6.418487699512321342e+03
6.412860534872299468e+03
6.415762235614558449e+03
6.410724932527607052e+03
6.432281517113478003e+03
6.435038636562415377e+03
6.438667242991190506e+03
6.423417419373992743e+03
6.448828313040618013e+03
6.483086809544324751e+03
6.495837618194114839e+03
6.505876400698378347e+03
6.515057184908877389e+03
6.507616134684569261e+03
6.519684719784510889e+03
6.553090680989332213e+03
6.558993483526243836e+03
6.560414437387516045e+03
6.574517312644311460e+03
6.585896794946902446e+03
6.574777576142329053e+03
6.589929063803380814e+03
6.595330503625203164e+03
6.576139666060023046e+03
6.580225757606773186e+03
6.605574174242940899e+03
6.602488151058025323e+03
6.614694132566173721e+03
6.591221892714702335e+03
6.589592627002204608e+03
6.585486047851088188e+03
6.582727065427197886e+03
6.593019593733773945e+03
6.610133315464301631e+03
6.598576392209907681e+03
6.604042172916930213e+03
6.611971099390736526e+03
6.631522360195702277e+03
6.641811082993115633e+03
6.641205643059798604e+03
6.658732696121921435e+03
6.667589825835037118e+03
6.658046234959412686e+03
6.673911591829404642e+03
6.670332033188335117e+03
6.658520485646435191e+03
6.658520485646435191e+03
6.665625463496432531e+03
6.665241717718961809e+03
6.690360028028379020e+03
6.732197696821379395e+03
6.735086871919580517e+03
6.726805947929009562e+03
6.753337806967117103e+03
6.776139497920900794e+03
6.789663241326330535e+03
6.796691777259601622e+03
6.811986874040058865e+03
6.831827854376431787e+03
6.825955450200443920e+03
6.849194822786905206e+03
6.843123089589471419e+03
6.846566784392612135e+03
6.853334233893168857e+03
6.856013100780144669e+03
6.849834798409727227e+03
6.858256073916875721e+03
6.831292726669065814e+03
6.831293738570401729e+03
6.826583431702290909e+03
6.822120306364346106e+03
6.821147630723386101e+03
6.825969222426141641e+03
6.848914049542296198e+03
6.859661326412146991e+03
6.869367232563913603e+03
6.863884094037537579e+03
6.874665945893892967e+03
6.876894878586224877e+03
6.881701201773323191e+03
6.901055997638741246e+03
6.910753134986629448e+03
6.908454219321605706e+03
6.915779244920217934e+03
6.916387301119810218e+03
6.921681065879371090e+03
6.925529909425068581e+03
6.896377882579630750e+03
6.916397766390246943e+03
6.941343029110396856e+03
6.931639048101363187e+03
6.954824393619152943e+03
6.947701279271033854e+03
6.960005627757510410e+03
6.952898384886376334e+03
6.965029180015433667e+03
6.965029180015433667e+03
6.950250558111032660e+03
6.939571358349766342e+03
6.940461952253577692e+03
6.940261684598197462e+03
6.954100852175258296e+03
6.950116690804577047e+03
6.965051248879081868e+03
6.985553026273290016e+03
7.007361854021308318e+03
7.011297192326522236e+03
7.011210998181689320e+03
7.025512866360126282e+03
7.027158508905248709e+03
7.048254171810901425e+03
7.058740051291469172e+03
7.091763427807837616e+03
7.110768349700416366e+03
7.138829660922853691e+03
7.138278728616752232e+03
7.128760512996764191e+03
7.158893000856074650e+03
7.163930297631260146e+03
7.163974481328757065e+03
7.178978863855905729e+03
7.187678837020905121e+03
7.170906255615285772e+03
7.165766022322531171e+03
7.163889200306408384e+03
7.142636355367942087e+03
7.163019279239379102e+03
7.180035801145219011e+03
7.177256520163616187e+03
7.201828860070778319e+03
7.211186516100032350e+03
7.208347282557123435e+03
7.188175899461560221e+03
7.193548114088850525e+03
7.207144920901517253e+03
7.205500183313962225e+03
7.212016501116185282e+03
7.235313922963981895e+03
7.256424667248017613e+03
7.286341839955667638e+03
7.284634732164070556e+03
7.298259969980026654e+03
7.298599240492672834e+03
7.291159943039535392e+03
7.271063752147793821e+03
7.273451314767247823e+03
7.273451314767247823e+03
7.256225173515322240e+03
7.262134602910246031e+03
7.260368423335655280e+03
7.262022633647229668e+03
7.274734777775244766e+03
7.277342490312119480e+03
7.266181299817064428e+03
7.269751735692060720e+03
7.262490903575482662e+03
7.284037641492199327e+03
7.314321163520744449e+03
7.341094743249001112e+03
7.364229925024080330e+03
7.392392593900275642e+03
7.391081767853867859e+03
7.417733062083947516e+03
7.433018851813641049e+03
7.452132386570076960e+03
7.434306901466810814e+03
7.424109640055702585e+03
7.442983769458825009e+03
7.430096413694313924e+03
7.430829218397716431e+03
7.443179021988130444e+03
7.425700085786408636e+03
7.453937235562511887e+03
7.462102400280090478e+03
7.463829319998506435e+03
7.466740236775175617e+03
7.458759882891373309e+03
7.469675936799704687e+03
7.473668941115846792e+03
7.477746271403863830e+03
7.504620408776851036e+03
7.527041184258797330e+03
7.538348657497015665e+03
7.506018677752264921e+03
7.514075073792870171e+03
7.533253840842603495e+03
7.550289759500818036e+03
7.541791590899881157e+03
7.547242222539663999e+03
7.550339149017947420e+03
7.548764643124498434e+03
7.546756335606303765e+03
7.540971870549552477e+03
7.535396840615903784e+03
7.557459925700621170e+03
7.561200412237596538e+03
7.561200412237596538e+03
7.566914765021116182e+03
7.555621170772025835e+03
7.543704436892508966e+03
7.548012028720415401e+03
7.560657705820777664e+03
7.552059508096969694e+03
7.559453166790076466e+03
7.583617574022162444e+03
7.575337270937751782e+03
7.571805730602255608e+03
7.603546284085153275e+03
7.605663632423971649e+03
7.610672372126613482e+03
7.632999226387278213e+03
7.623894885079005689e+03
7.616628032269673895e+03
7.636531618199692275e+03
7.655046125212904371e+03
7.667467425458148682e+03
7.670097671212309251e+03
7.695483585407761893e+03
7.708615857846278232e+03
7.716365731317569043e+03
7.716634559048793562e+03
7.734626753695549269e+03
7.754592004480383366e+03
7.744961455194626069e+03
7.751489047664849750e+03
7.780494519236868655e+03
7.778345731647124921e+03
7.769235260377610757e+03
7.766104411157939467e+03
7.783679010624101466e+03
7.809171258817015769e+03
7.811307765692334215e+03
7.797020416301322257e+03
7.786830580280095091e+03
7.766071669090424621e+03
7.777683015318414618e+03
7.768119879290775316e+03
7.805932266121390967e+03
7.797026933804268992e+03
7.800911030195530657e+03
7.806592736346017773e+03
7.801839680187489648e+03
7.815690687863504536e+03
7.812047563151460963e+03
7.817152942363732109e+03
7.815175537109564175e+03
7.815175537109564175e+03
7.828880320026393747e+03
7.830272353878387548e+03
7.858302783201236707e+03
7.873437515523488401e+03
7.882217204702231356e+03
7.900447744611396956e+03
7.917522745560896510e+03
7.916273277722179046e+03
7.921000932162593017e+03
7.927143566230367469e+03
7.904060004045413734e+03
7.885794215934037311e+03
7.895681640219073415e+03
7.894516141067962963e+03
7.902198578388930400e+03
7.913060412220002036e+03
7.933400634415280365e+03
7.936067102589350725e+03
7.974835734430772391e+03
7.989228923788006796e+03
7.994500660950385281e+03
7.985848752320188396e+03
7.966499990593455550e+03
7.983042263509636541e+03
7.992707459903996096e+03
8.002178622015550900e+03
8.016522613535888013e+03
8.030414959394830476e+03
8.043815994163505820e+03
8.033222037238895609e+03
8.045865578796948284e+03
8.028780825654374894e+03
8.051057945882978856e+03
8.055058309104751970e+03
8.059894901593254872e+03
8.049797685988318335e+03
8.057256082400675950e+03
8.032144354731206477e+03
8.069784636727363250e+03
8.084197597453274284e+03
8.085252127222811396e+03
8.069602953511964188e+03
8.080279351742557083e+03
8.075184036364418716e+03
8.077285660083837683e+03
8.062764832560893410e+03
8.091911530161537485e+03
8.069611591821941147e+03
8.063975645444956172e+03
8.063975645444956172e+03
8.058957695585689180e+03
8.068554873442237295e+03
8.111915158999483538e+03
8.151652648438960568e+03
8.173723652132832285e+03
8.153063425328981793e+03
8.173479059951735508e+03
8.178556133634448997e+03
8.196625671293502819e+03
8.195356717434113307e+03
8.189227848181290028e+03
8.184924088837606178e+03
8.215468794421865823e+03
8.211612547120752424e+03
8.224696201327364179e+03
8.234304560420203416e+03
8.247224478856665883e+03
8.264026007190463133e+03
8.313801338450963158e+03
8.309806872998577091e+03
8.312207393329870683e+03
8.343270927727775415e+03
8.339629845053492318e+03
8.347727209063381451e+03
8.334870001032306391e+03
8.343690321617128575e+03
8.356835425123776076e+03
8.377842900285189899e+03
8.378725361189553951e+03
8.363444535355722110e+03
8.376807823534843919e+03
8.384899721580273763e+03
8.369088973205256480e+03
8.373290778958051305e+03
8.382606931272168367e+03
8.370553083878323378e+03
8.405286182330202791e+03
8.396558529156885925e+03
8.399049050210160203e+03
8.416314645589955035e+03
8.380233762271120213e+03
8.396160492416775014e+03
8.392965502590845063e+03
8.389863281836895112e+03
8.410844068620208418e+03
8.386819932343438268e+03
8.417258509843200954e+03
8.436167939725924953e+03
8.453816027354458129e+03
8.453816027354458129e+03
8.437026588477277983e+03
8.438220261030020993e+03
8.427039222265941135e+03
8.454198493984104061e+03
8.452388983690414534e+03
8.465360244255472935e+03
8.479577664150316195e+03
8.472858384184328315e+03
8.463914976665522772e+03
8.472162217889812382e+03
8.462297046220601260e+03
8.453592491626452102e+03
8.471349406195557094e+03
8.516465160494131851e+03
8.525591106162399228e+03
8.502531276567520763e+03
8.524465756967303605e+03
8.532646935519571343e+03
8.521586900248637903e+03
8.522725821638254274e+03
8.552595686900214787e+03
8.556492015829586308e+03
8.572521554956567343e+03
8.559085362427807922e+03
8.562973272088906015e+03
8.576459319817042342e+03
8.593995464745858044e+03
8.572275172905667205e+03
8.578735474991863157e+03
8.584956148352506716e+03
8.600459446675744402e+03
8.623221269654783100e+03
8.625692556095969849e+03
8.627702032072103975e+03
8.623897363419142494e+03
8.608253913094842574e+03
8.640547708816147860e+03
8.658602824602110559e+03
8.683859781954055507e+03
8.686450936162547805e+03
8.663941874342508527e+03
8.661975797467421216e+03
8.655902688644851878e+03
8.651336315285881938e+03
8.655482705988508314e+03
8.674745419195001887e+03
8.666746629105309694e+03
8.660144591837048210e+03
8.653820891736300837e+03
8.653820891736300837e+03
8.681568166088869475e+03
8.684934409046576548e+03
8.684671903718564863e+03
8.701557980135932667e+03
8.691789654451102251e+03
8.687484590399735680e+03
8.724534311199382500e+03
8.741082599353607293e+03
8.733635005236867073e+03
8.726770380498182931e+03
8.749122789826464214e+03
8.777113360733248555e+03
8.786890938483689752e+03
8.798649623097273434e+03
8.801111481331643517e+03
8.816934573325574092e+03
8.830280687720593050e+03
8.820941137850397354e+03
8.851551246843637273e+03
8.859537943491073747e+03
8.867585502439067568e+03
8.865264047383830984e+03
8.863223855708858537e+03
8.861062725711102757e+03
8.871030793889462075e+03
8.890194098052406844e+03
8.862010771987041153e+03
8.862821572845672563e+03
8.887469662570691071e+03
8.885380585565984802e+03
8.899522295888989902e+03
8.879692753384035314e+03
8.847448203090234529e+03
8.860673484365324839e+03
8.877503207693682270e+03
8.877340848112065942e+03
8.919843561914507518e+03
8.913799242719582253e+03
8.889440950692649494e+03
8.894602209573853543e+03
8.882001080278247173e+03
8.914561413347120833e+03
8.913353644818305838e+03
8.930101102394888585e+03
8.947944730188019093e+03
8.970831223331852016e+03
8.973894903862263163e+03
8.993351419831466046e+03
9.009145060907145307e+03
9.009145060907145307e+03
9.005018339556265346e+03
8.988911362015174745e+03
8.989584480757554047e+03
8.999492420250342548e+03
9.003337706787680872e+03
9.007639861843619656e+03
9.010397037714190446e+03
8.998107021431638714e+03
8.984975396144754995e+03
9.011199738420466019e+03
9.021921396462752455e+03
9.048496072999641910e+03
9.089455391580340802e+03
9.097283634930914559e+03
9.103465634262893218e+03
9.114857275378097256e+03
9.100192048277782305e+03
9.095836954949021674e+03
9.080358420131027742e+03
9.081609410106360883e+03
9.080992682051077281e+03
9.042631036713879439e+03
9.062566155512016849e+03
9.094445862886999748e+03
9.103640041669506900e+03
9.086273995372972422e+03
9.069183351545896585e+03
9.036027722247436031e+03
9.030251672955493632e+03
9.028521805063686770e+03
9.048293135918862390e+03
9.065018948045173602e+03
9.074585487846208707e+03
9.090286205414737196e+03
9.092519073138313615e+03
9.123639132045142105e+03
9.164584377035276702e+03
9.175067142764404707e+03
9.210263001905519559e+03
9.233579879025173796e+03
9.222646108806990014e+03
9.211256277964106630e+03
9.213961903072766290e+03
9.200072823485897970e+03
9.221781905741174342e+03
9.269938945231464459e+03
9.278265896029053692e+03
9.319480957474303068e+03
9.324143577882958198e+03
9.324143577882958198e+03
9.307474040877710650e+03
9.298270621749881684e+03
9.276800883607065771e+03
9.261169898181960889e+03
9.276202243600337169e+03
9.291226372731269294e+03
9.299618663256405853e+03
9.307655491388866722e+03
9.320156078524363693e+03
9.308647720859064066e+03
9.312336878798541875e+03
9.352544071343894757e+03
9.362948771654679149e+03
9.338194944120370565e+03
9.335882561024331153e+03
9.371233208973972069e+03
9.363350398134942225e+03
9.343378732410646990e+03
9.376212999391134872e+03
9.361985528465305833e+03
9.359985870923508628e+03
9.364955017187268822e+03
9.370907227151554252e+03
9.388644584456846133e+03
9.395094127625003239e+03
9.410642589716637303e+03
9.429765767774128108e+03
9.443801561968846727e+03
9.442356826292587357e+03
9.438590450127197983e+03
9.474941778894017261e+03
9.481370190221898156e+03
9.507156964427394996e+03
9.511309615956381094e+03
9.522846269843959817e+03
9.515562471858727804e+03
9.535649135134524840e+03
9.561957350842156302e+03
9.557758892556270439e+03
9.540517521828420286e+03
9.528920040456046991e+03
9.512071773560754082e+03
9.525508189378195311e+03
9.515082435354021072e+03
9.511201321173681208e+03
9.531830069025316334e+03
9.533666538553654391e+03
9.536828396444008831e+03
9.534421825762598019e+03
9.534421825762598019e+03
9.531574812676046349e+03
9.551685195723266588e+03
9.532181420977214657e+03
9.574931243908336910e+03
9.585419479330381364e+03
9.594298785466480695e+03
9.596164092701441405e+03
9.612058759538987943e+03
9.623163330912577294e+03
9.614101199334429111e+03
9.649453015579892963e+03
9.670960966784310585e+03
9.673419904974765814e+03
9.674323163704457329e+03
9.677438645183245171e+03
9.673645877781898889e+03
9.674329001616792084e+03
9.713876544991979245e+03
9.687387806347644073e+03
9.693848687819927363e+03
9.715625350935977622e+03
9.701343597401732040e+03
9.673801917235374276e+03
9.672968918429700352e+03
9.652593808765037465e+03
9.629812998081770274e+03
9.657269866244339937e+03
9.670735932938767291e+03
9.719726812328968663e+03
9.723091025698024168e+03
9.691340480647841105e+03
9.707954260391128628e+03
9.693685228575590372e+03
9.710360506373937824e+03
9.709491700346230573e+03
9.718195940163093837e+03
9.710834411373023613e+03
9.679713701956632576e+03
9.683999591621042782e+03
9.707347890760476730e+03
9.699161242927373678e+03
9.663821040853268642e+03
9.695019870203788741e+03
9.726720736070166822e+03
9.749862248886674934e+03
9.730196511546040711e+03
9.732121825666017685e+03
9.711890673109655836e+03
9.730419678477659545e+03
9.730419678477659545e+03
9.744522686018879540e+03
9.728226778678417759e+03
9.730558469624957070e+03
9.714266104244585222e+03
9.732967767815169282e+03
9.759807775306153417e+03
9.792683293697537010e+03
9.832539944100775756e+03
9.840645402935393577e+03
9.832237828143333900e+03
9.869958543808825198e+03
9.892155586672615755e+03
9.882267381460776960e+03
9.871943877283783877e+03
9.885787800776271979e+03
9.860297492360881733e+03
9.867987990517705839e+03
9.898215500025771689e+03
9.906629198214648568e+03
9.903054937084341873e+03
9.940967102071252157e+03
9.983597578914450423e+03
1.000828041290068359e+04
1.001417775644624089e+04
1.000581964715851609e+04
1.000741311131929433e+04
1.001531223086682803e+04
1.003989310467543510e+04
1.000574510930392171e+04
1.004508840552914444e+04
1.005715272751919838e+04
1.005953260077156119e+04
1.003482721265652617e+04
1.005596501957776309e+04
1.004169627859137108e+04
1.007381096532063566e+04
1.007444161455268477e+04
1.010943781383884379e+04
1.007809438741047416e+04
1.009189560493526733e+04
1.010493548663912043e+04
1.012590656923443021e+04
1.010482986604173311e+04
1.012211612779326424e+04
1.011469902778422875e+04
1.009652969225064408e+04
1.012279633109206588e+04
1.009635978161345156e+04
1.009482623108347798e+04
1.009482623108347798e+04
1.010997732856572475e+04
1.015665545603499413e+04
1.012705511218804531e+04
1.012200354317210258e+04
1.011366822398321528e+04
1.010094510757614080e+04
1.013851384363345642e+04
1.016717772463050642e+04
1.020135506609011099e+04
1.020020771541991053e+04
1.021430778954689231e+04
1.021390144576099192e+04
1.020869709819894342e+04
1.021324199441712881e+04
1.023154066493865503e+04
1.022485330004565003e+04
1.025531066040239057e+04
1.024874585549973381e+04
1.023598701490855638e+04
1.021601749026149810e+04
1.021885028849214359e+04
1.019930904697770893e+04
1.024776371817329346e+04
1.024615323317914954e+04
1.023806719983148105e+04
1.027489383673892735e+04
1.023921521841268077e+04
1.021845840727312498e+04
1.023380946240613412e+04
1.023686222770200948e+04
1.022813378890852255e+04
1.025619128217788420e+04
1.025948874027097008e+04
1.026955710078698394e+04
1.026790344566225940e+04
1.030447869478238499e+04
1.028779450411767357e+04
1.029120563197162119e+04
1.032734149868133682e+04
1.034498864096098441e+04
1.035949318278877399e+04
1.037011556044270583e+04
1.038424376343110634e+04
1.040032367385048747e+04
1.037033192657252039e+04
1.036737694050201753e+04
1.039520096161956280e+04
1.039789597542135016e+04
1.042593654143962704e+04
1.042593654143962704e+04
1.043863359932198546e+04
1.044555318463535878e+04
1.043831128722200265e+04
1.044752319701628221e+04
1.043154804493081065e+04
1.044994200227425790e+04
1.048567250396025520e+04
1.048970526076186434e+04
1.046582121284600362e+04
1.047835822053482661e+04
1.046883947856634222e+04
1.048481033467813177e+04
1.046930808871737463e+04
1.044179931748543822e+04
1.045758686652512370e+04
1.046067591868337331e+04
1.047650381113651201e+04
1.047084509200055982e+04
1.047110249814592862e+04
1.047388633785460115e+04
1.049693480412019926e+04
1.053899925743453787e+04
1.052079602307511959e+04
1.052762701499545619e+04
1.052585012297272806e+04
1.055171897432638434e+04
1.054600529372431993e+04
1.054532993623604489e+04
1.059439861743617439e+04
1.061931810037851756e+04
1.060412698699039902e+04
1.060713053203955860e+04
1.064356509362864199e+04
1.064222689998734131e+04
1.063438536272654528e+04
1.066009151757466680e+04
1.066566630608209744e+04
1.062086577256556302e+04
1.061355722260189759e+04
1.061147309921657143e+04
1.057361544508727457e+04
1.059038944870891100e+04
1.055695030261318061e+04
1.054659161695676266e+04
1.054850134038548458e+04
1.055258918261408871e+04
1.056126394794278895e+04
1.058397384675979993e+04
1.058250672842054701e+04
1.058250672842054701e+04
1.055473442686118869e+04
1.055642453887598640e+04
1.058325994623460974e+04
1.058468462724161509e+04
1.059140152458462762e+04
1.059633261666883118e+04
1.060755237432891045e+04
1.062795083741244707e+04
1.066908955902105663e+04
1.069448077846107299e+04
1.071385584601609662e+04
1.071332504199125833e+04
1.072636155284532833e+04
1.071613134751744656e+04
1.071429632345524442e+04
1.072470147660888506e+04
1.074867662448627925e+04
1.073596885098455277e+04
1.076494883561886127e+04
1.075378106729014871e+04
1.074570149313584079e+04
1.076142906726188266e+04
1.076717803364420615e+04
1.073100867055587514e+04
1.071500539907972234e+04
1.069297681941195333e+04
1.068849544320556561e+04
1.068065937476669569e+04
1.071984666936385838e+04
1.069833480234912167e+04
1.070925236842741469e+04
1.068325251046193807e+04
1.067292235510876526e+04
1.070382683204063687e+04
1.074791557617091712e+04
1.077155777352621772e+04
1.080351520506980160e+04
1.083077916371174979e+04
1.086806803737939845e+04
1.089234956692500054e+04
1.086669937857720470e+04
1.084918307537341752e+04
1.088335411224113159e+04
1.091133476740982042e+04
1.090713617797079314e+04
1.091032954909779983e+04
1.093440794348600866e+04
1.093435855919017013e+04
1.095011365219044455e+04
1.095011365219044455e+04
1.092730264687528688e+04
1.091977754150134751e+04
1.093398089178485498e+04
1.091310455533809545e+04
1.091342283104142371e+04
1.090505454724003357e+04
1.091876934993621944e+04
1.093389126491974639e+04
1.093058929006488324e+04
1.094009478056332773e+04
1.094184328689471477e+04
1.092523332166570435e+04
1.093071276447442142e+04
1.094805784665656392e+04
1.095343802876322115e+04
1.096799939089090913e+04
1.095193141311771615e+04
1.097791079719071786e+04
1.099585235639313032e+04
1.104070714073850468e+04
1.105485084167077912e+04
1.104046380637998664e+04
1.102096479503538467e+04
1.101198928800947760e+04
1.100368658218189375e+04
1.100024866635725630e+04
1.103921053699228469e+04
1.102926904548214225e+04
1.105817918639224263e+04
1.106255842954310356e+04
1.101969441943081074e+04
1.102556672089414315e+04
1.102317237319338165e+04
1.101030994657679366e+04
1.100249892857841041e+04
1.105836126425018847e+04
1.105888653892168077e+04
1.103288718295758008e+04
1.104404660156281170e+04
1.102975021193021712e+04
1.103656438431761489e+04
1.107744470949398055e+04
1.106351839653619027e+04
1.107702983236935142e+04
1.109325166473328682e+04
1.110108221558587502e+04
1.113604216647831890e+04
1.115527264049445876e+04
1.115304414963259478e+04
1.115304414963259478e+04
1.117233799649063440e+04
1.114897797332416667e+04
1.115337770284836370e+04
1.114529821613651075e+04
1.114408877835234307e+04
1.113671784444142031e+04
1.116037860890532284e+04
1.118406643708651973e+04
1.119331645911577471e+04
1.121955041408850411e+04
1.120381452859968886e+04
1.124541529737044038e+04
1.126076363869391935e+04
1.128654453413558986e+04
1.127405579752765152e+04
1.128543778743111761e+04
1.126342123842601904e+04
1.126332096756334977e+04
1.127593388900266109e+04
1.126517747184598920e+04
1.126000275856606640e+04
1.123886104525068367e+04
1.128216596520268467e+04
1.129212232316513109e+04
1.129870635739009413e+04
1.126918445553308993e+04
1.128151440035468841e+04
1.128206116060206114e+04
1.128740966396343720e+04
1.131528506404144173e+04
1.132397891447069378e+04
1.129649019832276281e+04
1.128802232905435812e+04
1.128969576503497774e+04
1.127088456263130684e+04
1.131661214804148403e+04
1.136200070808752389e+04
1.136718848802357024e+04
1.137772762738257734e+04
1.138759350793421072e+04
1.137169411001778099e+04
1.140138964708823005e+04
1.141617431976840817e+04
1.142392792418851968e+04
1.144236140914749376e+04
1.145189217028078929e+04
1.144907467451861885e+04
1.144050757589894420e+04
1.145742474975869845e+04
1.145742474975869845e+04
1.143319218629795068e+04
1.140344882453474929e+04
1.141379497216681921e+04
1.142656445498923313e+04
1.143057220547044926e+04
1.145961825439561471e+04
1.144494994055527241e+04
1.148249864702641753e+04
1.146234200172216333e+04
1.148880400139296034e+04
1.149946809501399366e+04
1.151215757153602317e+04
1.150377795733450330e+04
1.149432121957947129e+04
1.150786830829263999e+04
1.152881282292275682e+04
1.151961040131136178e+04
1.154409818504799114e+04
1.159005371726951125e+04
1.158758762710931114e+04
1.162686358222122726e+04
1.165524068353605617e+04
1.164698670574100106e+04
1.165651498778519635e+04
1.162045317805678678e+04
1.163918020118619825e+04
1.164078816085917242e+04
1.166635251525137937e+04
1.163347589195826367e+04
1.164873202509136536e+04
1.165018429352680323e+04
1.169788087599340724e+04
1.167808130024661114e+04
1.169212885642988294e+04
1.171532044116430916e+04
1.170408432764801364e+04
1.169137559746498664e+04
1.168727681413442588e+04
1.170624293252067946e+04
1.169242056849667279e+04
1.166875026177303880e+04
1.167116762679150270e+04
1.166912367784011622e+04
1.170430320877131453e+04
1.172460993068101379e+04
1.173019646034039579e+04
1.171394895443371024e+04
1.172913809186884646e+04
1.176902971904534024e+04
1.176902971904534024e+04
1.175076182377069563e+04
1.173829681689251811e+04
1.174945957478409764e+04
1.177099389340317794e+04
1.179914550509017135e+04
1.180161913633417862e+04
1.182492992745108131e+04
1.184807214584467329e+04
1.183793904734000353e+04
1.185681745453076837e+04
1.190034572789477716e+04
1.194055664056730711e+04
1.194969570703982572e+04
1.193787545331293222e+04
1.195401663737588206e+04
1.197190413346251989e+04
1.195128651784575777e+04
1.190823981409669614e+04
1.193278187480556153e+04
1.193639677005044905e+04
1.191984099069494368e+04
1.193040987240432878e+04
1.195233773052009747e+04
1.194002019093226409e+04
1.192503381579359848e+04
1.190830801683062236e+04
1.186713240090096588e+04
1.188314515066903914e+04
1.187463749918481517e+04
1.189350153555032375e+04
1.192134147964902695e+04
1.190256212839258478e+04
1.189627067401406930e+04
1.186662157373635091e+04
1.183808322780431263e+04
1.188751089824632982e+04
1.194378115034083748e+04
1.197267615860431215e+04
1.193993562583595849e+04
1.192910991931036915e+04
1.191500989984623811e+04
1.194985705261915064e+04
1.190734166281021498e+04
1.196163467233654592e+04
1.197934330682268046e+04
1.201487510768507855e+04
1.206054408498045996e+04
1.204965510769455068e+04
1.202624569569278901e+04
1.202624569569278901e+04
1.204072325912560518e+04
1.200250163823724870e+04
1.200323655070340828e+04
1.202576974602504561e+04
1.207336837848999312e+04
1.212498534372832910e+04
1.208540777241142132e+04
1.208035154565423181e+04
1.208363361547782370e+04
1.206876242131658910e+04
1.202412642406131272e+04
1.199290223190859615e+04
1.199561116826638136e+04
1.200682395596384777e+04
1.202992688548733167e+04
1.202509591345512126e+04
1.202871425724370783e+04
1.204690675346817261e+04
1.204964818475825268e+04
1.208069716157185212e+04
1.210023781489607973e+04
1.205974429206438253e+04
1.206711622318161790e+04
1.207314540255444081e+04
1.207509391276490896e+04
1.204244843469607986e+04
1.204461767234115359e+04
1.204206269312322547e+04
1.203566055336632235e+04
1.206651969142852613e+04
1.208030810662454678e+04
1.204003374158947008e+04
1.202385749674039107e+04
1.205353267281110129e+04
1.204432056397468659e+04
1.204765855286996339e+04
1.207976392624803702e+04
1.206562638456413333e+04
1.202551212652070899e+04
1.205125514353506151e+04
1.205622767671244765e+04
1.205867873165850324e+04
1.207508519321586209e+04
1.207599735268265431e+04
1.211949955147474793e+04
1.213062061547983103e+04
1.215073883723379913e+04
1.218012699708946820e+04
1.220044358646270121e+04
1.220044358646270121e+04
1.222193348720204631e+04
1.221989782617172023e+04
1.223957837795148771e+04
1.225573534761960764e+04
1.224525752963099512e+04
1.225520678045015484e+04
1.228360970833706233e+04
1.230386211101701520e+04
1.235464769788275589e+04
1.237494324368336129e+04
1.239382345722924947e+04
1.240612267298703046e+04
1.242520594346205871e+04
1.238706627160024436e+04
1.237580800261639888e+04
1.235124054512980547e+04
1.235803193884449865e+04
1.235436439952190813e+04
1.231833766926170938e+04
1.231477211033207641e+04
1.232531507615979535e+04
1.233504816005218890e+04
1.229474578370659583e+04
1.230103165261767026e+04
1.234580663758441005e+04
1.235470020952839877e+04
1.235640933165699971e+04
1.236400170234739744e+04
1.236909704885018982e+04
1.234693788795466025e+04
1.234651760536954498e+04
1.237546463415503422e+04
1.237789090543492784e+04
1.239146259923143225e+04
1.240500037943815732e+04
1.239179515971530600e+04
1.238526235153252856e+04
1.234301924640953985e+04
1.234724993064154296e+04
1.235385307282243048e+04
1.235103705843736316e+04
1.235913470794675959e+04
1.240645777655810343e+04
1.241480896068895890e+04
1.239732592948396814e+04
1.240605648693894182e+04
1.240734292447808548e+04
1.242293116886037205e+04
1.239022363481530374e+04
1.239022363481530374e+04
1.242597087660629404e+04
1.243758953259719965e+04
1.243921823281681282e+04
1.246679787191948708e+04
1.250853561331761375e+04
1.255846995469122157e+04
1.257473695992543253e+04
1.259756438935794358e+04
1.257288876877257644e+04
1.259283958494637409e+04
1.258177609234996089e+04
1.258924963252202178e+04
1.260104968673354961e+04
1.258514059122782419e+04
1.260481594539468460e+04
1.257170806796698707e+04
1.255580321718591040e+04
1.258129401419499845e+04
1.259148660965740055e+04
1.257659204792307173e+04
1.257225791694201871e+04
1.259306163328535877e+04
1.265190596201049448e+04
1.264831461050843791e+04
1.266342615402983756e+04
1.269702416684076343e+04
1.274392448830891408e+04
1.273975529759443998e+04
1.277045300625148593e+04
1.276607861849310211e+04
1.276782382080351817e+04
1.281259705294775267e+04
1.278360424410842825e+04
1.277769622604528013e+04
1.277960559142851525e+04
1.282739891960926434e+04
1.280137716221086339e+04
1.276762138616228003e+04
1.274210497531088004e+04
1.275964270119041794e+04
1.271362830745396423e+04
1.273570582060166998e+04
1.272714187725679949e+04
1.275238100218985346e+04
1.273620043372914733e+04
1.272626324253272833e+04
1.269232848050741632e+04
1.272192627228436504e+04
1.271969932897352555e+04
1.271969932897352555e+04
1.274713483445388374e+04
1.272644329582033970e+04
1.275183766336514600e+04
1.281338773916580976e+04
1.282254806179638581e+04
1.284381568543388494e+04
1.281557859545668907e+04
1.284704918286261818e+04
1.284047601647389092e+04
1.284258643661719725e+04
1.283069504783246339e+04
1.285375287936140558e+04
1.280827848045674000e+04
1.287005573581552380e+04
1.289755817504384868e+04
1.288286365808312985e+04
1.288334575004291401e+04
1.285205526228748749e+04
1.286397972582802868e+04
1.288237892210592327e+04
1.290028424067313972e+04
1.292876227846672919e+04
1.292194684428453365e+04
1.296615891807218031e+04
1.297708388933782044e+04
1.296248480060205839e+04
1.295791656854261964e+04
1.298677992821424050e+04
1.299644406147521295e+04
1.302587684658400394e+04
1.304943413904209956e+04
1.309575473846173190e+04
1.310065913117887067e+04
1.306799736459978703e+04
1.308581920047670792e+04
1.305801750725403326e+04
1.307493657596992125e+04
1.306187765578756807e+04
1.307230536174014196e+04
1.309562402541661140e+04
1.307829684464742422e+04
1.309278539415686646e+04
1.312442537874195659e+04
1.312124951874450562e+04
1.308108242645339487e+04
1.307258899712873426e+04
1.306430492406786652e+04
1.305626306154086706e+04
1.307266767060193160e+04
1.307266767060193160e+04
1.305920971942461620e+04
1.305863601841753007e+04
1.304378894933932679e+04
1.306191088459680395e+04
1.308090265433263085e+04
1.311356309798601797e+04
1.308933756576500855e+04
1.312635092727196934e+04
1.312002090640984534e+04
1.309757917877029104e+04
1.310890609787809262e+04
1.316185926400764583e+04
1.314436029468246306e+04
1.316171754194025743e+04
1.319732804305431273e+04
1.318915740873917639e+04
1.316537793578075798e+04
1.312824873104879043e+04
1.311902239648344948e+04
1.315832686073135665e+04
1.318246096218414641e+04
1.316441872985327245e+04
1.312362036276399158e+04
1.312224255293058923e+04
1.309084590353584827e+04
1.307498948765662317e+04
1.310334795365424907e+04
1.309424695738368791e+04
1.305488284901906809e+04
1.308829401499311825e+04
1.309476200113599589e+04
1.306793718222183816e+04
1.310381257063762860e+04
1.313818140880887222e+04
1.313846114186914019e+04
1.312753445157279930e+04
1.320527335854914782e+04
1.320377299089755434e+04
1.317402185839851700e+04
1.316753721554785807e+04
1.317287374059667673e+04
1.317962884647291321e+04
1.319056405604076463e+04
1.320792236056214279e+04
1.320499690569642553e+04
1.326315880405367352e+04
1.325851503932184823e+04
1.327181097154556119e+04
1.332428266812093170e+04
1.332428266812093170e+04
1.332142401085567326e+04
1.328407752283531590e+04
1.325973992465824813e+04
1.329578661993968126e+04
1.332025915395278571e+04
1.329747022429673416e+04
1.331162373385010869e+04
1.329432181387383025e+04
1.326259234267925603e+04
1.327308271634561970e+04
1.324031810735134786e+04
1.324957921562686170e+04
1.329327993644417620e+04
1.330331456167959004e+04
1.331528377209163409e+04
1.335635709349942044e+04
1.335217772764424080e+04
1.336405922222697882e+04
1.334531240691089806e+04
1.336086745649791010e+04
1.337349527046773801e+04
1.342625186488607869e+04
1.335773055029875104e+04
1.340565681867999956e+04
1.338553034768533144e+04
1.337284744724127813e+04
1.340944185978346286e+04
1.335263539934404798e+04
1.338958878230155096e+04
1.335666790406872497e+04
1.334122432321873566e+04
1.334001142830453682e+04
1.331174253567300366e+04
1.332263897656512017e+04
1.332672016112634265e+04
1.330148983568312360e+04
1.335147946459464220e+04
1.338903705109536168e+04
1.341439979286479502e+04
1.342058039324466336e+04
1.343651612724556799e+04
1.336742711716421945e+04
1.338105449160898388e+04
1.339240692744540684e+04
1.339199728967892588e+04
1.342206823254381379e+04
1.343687954486079798e+04
1.345798023150202789e+04
1.344476698989274519e+04
1.344476698989274519e+04
1.344984203684277236e+04
1.345077085485341922e+04
1.341817417523578661e+04
1.344828874135808655e+04
1.344502039084261560e+04
1.344876578284538300e+04
1.347105552682639791e+04
1.346085406282161421e+04
1.347180050902685616e+04
1.345213482027787541e+04
1.345628038052601005e+04
1.345014457349113400e+04
1.345829036943695792e+04
1.346778500539488778e+04
1.348899379941825100e+04
1.354171927730778589e+04
1.353707219431084377e+04
1.349238131220874675e+04
1.350586777834066015e+04
1.352185790542691393e+04
1.356929248262656984e+04
1.357198351257626564e+04
1.358276908021343661e+04
1.359673748454997258e+04
1.362126752431243585e+04
1.358657980668104392e+04
1.357203618896749322e+04
1.356291230682617424e+04
1.355263568312925054e+04
1.355283456859458965e+04
1.360402912024798752e+04
1.363630037041602191e+04
1.361499117121737072e+04
1.361758020504850356e+04
1.362921263302467560e+04
1.366463291740120439e+04
1.367514216036721700e+04
1.365473102353856484e+04
1.366152757970800485e+04
1.368533135808591214e+04
1.367182658229883600e+04
1.367033272489860065e+04
1.370169249165309884e+04
1.372978061765018720e+04
1.371120843020515713e+04
1.372953059937194848e+04
1.370441338323176205e+04
1.376568984306541097e+04
1.379308574132282411e+04
1.379308574132282411e+04
1.385777977961891156e+04
1.383008751693599152e+04
1.385127663530010432e+04
1.383619440482717255e+04
1.384397982425510236e+04
1.385709335843448389e+04
1.384167112397870551e+04
1.382272643148669158e+04
1.387366429261901976e+04
1.388372558858316006e+04
1.390937805444104561e+04
1.393647242997062312e+04
1.387680610898129817e+04
1.388310941091439963e+04
1.389744960205987445e+04
1.391518212572150878e+04
1.393874702943918055e+04
1.393566272583861428e+04
1.394084668277049241e+04
1.394161810352023167e+04
1.394705838547716849e+04
1.394782311135356576e+04
1.397777777430459173e+04
1.395780864410836330e+04
1.397506445187865211e+04
1.403731919958851540e+04
1.405604428344699045e+04
1.404974127161617071e+04
1.404606701897556377e+04
1.404986086826623250e+04
1.404509357635939887e+04
1.401344284861525375e+04
1.402727511854227305e+04
1.403421216505633492e+04
1.404870292292047634e+04
1.407846072828661818e+04
1.406196082659417698e+04
1.408736840597406444e+04
1.403476706865834603e+04
1.402254990657023336e+04
1.406195182895002472e+04
1.403885217744945294e+04
1.403203472374185367e+04
1.404560236819031525e+04
1.403719753267517081e+04
1.401247527396277474e+04
1.397237738130660910e+04
1.397452664130778794e+04
1.397499711714889963e+04
1.397499711714889963e+04
1.391020609713677186e+04
1.394992997740551618e+04
1.395503669066532530e+04
1.396714476316626315e+04
1.399111183600424738e+04
1.399817970701406011e+04
1.398906594134666739e+04
1.397222769775061897e+04
1.392692283846161990e+04
1.393671105001260548e+04
1.388793199476456539e+04
1.388688616375580204e+04
1.388134591515407919e+04
1.391620253432928621e+04
1.391906256694933472e+04
1.393521522039649608e+04
1.395726109311722757e+04
1.396385499826995328e+04
1.397094352247816460e+04
1.396976474397735547e+04
1.395535270609374857e+04
1.396725200258552468e+04
1.397830968346175541e+04
1.398728900180522942e+04
1.400301137821167140e+04
1.401982575545048348e+04
1.405984823749687530e+04
1.405353447687739572e+04
1.401342843368419926e+04
1.399760680227920966e+04
1.404735176586967646e+04
1.404623736422897491e+04
1.405740925673666970e+04
1.406494664724540417e+04
1.409072714423897014e+04
1.408403811365500405e+04
1.409015104101618090e+04
1.406970680431282926e+04
1.407514631057797124e+04
1.411780819368700941e+04
1.412246616942573382e+04
1.414774071668771467e+04
1.411907664233764262e+04
1.415252785714620222e+04
1.413871426060900922e+04
1.413039179601613068e+04
1.417136284741592863e+04
1.418315048351010955e+04
1.418932145920674884e+04
1.418932145920674884e+04
1.415262373518113418e+04
1.415249301011039461e+04
1.413871531246199811e+04
1.414234593164143189e+04
1.420737382863023595e+04
1.425714885649234566e+04
1.423476029909857971e+04
1.420897410376070547e+04
1.428202229633715069e+04
1.430498108907411006e+04
1.429088640569121344e+04
1.432686321385739393e+04
1.428587753298828102e+04
1.426794566144347300e+04
1.425123746664671125e+04
1.423465511861747109e+04
1.423431413365772278e+04
1.426413204427619348e+04
1.432119861841283819e+04
1.434784743621966845e+04
1.433865238985443648e+04
1.436889666180371933e+04
1.432667252033891236e+04
1.433126103059162779e+04
1.434986750021786065e+04
1.436853275362645400e+04
1.434055098313761118e+04
1.438896513521011912e+04
1.439202805710817302e+04
1.441407195562515881e+04
1.446552651068917112e+04
1.448985835961560770e+04
1.449770568216347056e+04
1.446529212969354376e+04
1.444677158583268283e+04
1.439895373844812821e+04
1.444435682179988726e+04
1.445025759562874919e+04
1.440289414402768489e+04
1.439491876293299174e+04
1.439001291961795505e+04
1.436374514630906015e+04
1.432930281053303042e+04
1.434272685069311956e+04
1.433455258742515252e+04
1.442089165785718069e+04
1.440338328687540161e+04
1.444412002827383549e+04
1.443760477135574183e+04
1.443760477135574183e+04
1.441287938995236254e+04
1.445392103556672373e+04
1.447937426562027576e+04
1.447665548647023206e+04
1.450116500437005561e+04
1.456671089088658300e+04
1.457067300296347639e+04
1.454386643776834171e+04
1.453178482491256545e+04
1.455261749753383810e+04
1.450880049991620763e+04
1.450636154412338874e+04
1.444339525482815407e+04
1.442291682496024077e+04
1.442681512993940487e+04
1.447320229535150247e+04
1.448845138445214070e+04
1.452234037832262948e+04
1.457282168019992059e+04
1.456752769669532427e+04
1.452283856866899441e+04
1.451394907566316760e+04
1.453170919877163760e+04
1.456151183992828737e+04
1.455686024281903883e+04
1.455694065378714549e+04
1.456638240990217491e+04
1.460153157761135844e+04
1.460680887945702489e+04
1.456675565702537460e+04
1.455290570842401030e+04
1.461110553457010428e+04
1.462837020599844618e+04
1.465189750664962412e+04
1.466826433372337669e+04
1.467763963062368020e+04
1.474999990378149414e+04
1.471943005787288348e+04
1.471489929373918130e+04
1.471973897177583785e+04
1.476138415794880893e+04
1.472658350305165914e+04
1.470558091123131089e+04
1.474379361489801522e+04
1.476730031332080216e+04
1.475205402031191261e+04
1.478147962383161575e+04
1.475378904311053884e+04
1.478436026324425256e+04
1.478436026324425256e+04
1.478702244231835357e+04
1.480155961520122219e+04
1.480262952266895081e+04
1.478854250200229944e+04
1.480385506086409077e+04
1.485414823174780031e+04
1.488469073104368545e+04
1.486088997071032099e+04
1.481577983432042492e+04
1.485708498256520033e+04
1.479334312885646796e+04
1.474313069389934753e+04
1.478840898298164939e+04
1.478502788467390383e+04
1.481694311757289870e+04
1.477621318940659694e+04
1.476899065744133441e+04
1.477749194423302288e+04
1.480917472970410199e+04
1.483112556481263528e+04
1.478117504320158878e+04
1.474784351141825755e+04
1.469982771660246181e+04
1.469318041259790152e+04
1.471921620856699701e+04
1.466494900905702889e+04
1.465909275127985711e+04
1.467854404937399704e+04
1.470426749785846187e+04
1.473632571993518832e+04
1.473026206184127477e+04
1.478133628844276973e+04
1.479221958270105097e+04
1.480680134802164321e+04
1.485007123062977917e+04
1.487963383158837132e+04
1.485334898549790341e+04
1.480983667633254117e+04
1.480447822549079683e+04
1.484858522799613456e+04
1.486655394000769229e+04
1.485049844029397173e+04
1.479442961342665694e+04
1.475505574410713962e+04
1.473874351292562824e+04
1.474367087159403309e+04
1.478882779541137825e+04
1.475867353441613159e+04
1.479587452703968665e+04
1.479587452703968665e+04
1.478417276363541714e+04
1.483192911162336895e+04
1.486194532880716361e+04
1.490668183794835386e+04
1.495557172974536661e+04
1.496511485859844288e+04
1.495766994638976939e+04
1.493805702809117611e+04
1.497875391954932456e+04
1.499515200674495645e+04
1.499185047968114668e+04
1.494514345242314084e+04
1.493732892017932681e+04
1.493437211577785638e+04
1.495208149363140365e+04
1.492364495630216697e+04
1.492429921200527133e+04
1.495017638507521042e+04
1.501160550643570423e+04
1.506670069037604299e+04
1.505807207354089041e+04
1.505922568917658464e+04
1.504820631717282959e+04
1.502017410357976405e+04
1.504564942022949435e+04
1.501024670435755615e+04
1.502596945537519787e+04
1.501608047307555535e+04
1.501280688544795157e+04
1.498601242597907003e+04
1.500906210957430812e+04
1.503180180323169043e+04
1.508431158911113198e+04
1.506023827100304698e+04
1.507891180827043718e+04
1.506829453564825053e+04
1.505806498283973269e+04
1.512332634976992449e+04
1.513262210230748860e+04
1.513966671599671463e+04
1.512570492152095721e+04
1.518736172323663777e+04
1.518143620278979870e+04
1.513559291590457178e+04
1.516233971840945742e+04
1.516182155115399109e+04
1.517675188991415416e+04
1.517713521827070690e+04
1.512210764229514461e+04
1.512210764229514461e+04
1.516897393726357586e+04
1.518912197709589600e+04
1.514429515978090967e+04
1.518128608759676354e+04
1.521182938743080013e+04
1.519248520774699136e+04
1.523105390282715598e+04
1.522107658915261891e+04
1.516308806250452108e+04
1.516376046945577218e+04
1.517803162983591028e+04
1.522708478278205439e+04
1.525028012730252703e+04
1.526339469446095427e+04
1.529717017716537157e+04
1.525720674869735740e+04
1.523617237259316425e+04
1.520805031550989406e+04
1.527357555135034090e+04
1.530034755907063845e+04
1.533626866901889480e+04
1.531267160812336988e+04
1.525955852344332015e+04
1.524665153151506456e+04
1.527939301579846324e+04
1.525480971846642569e+04
1.526148682517585621e+04
1.524980487364519649e+04
1.522609584183619336e+04
1.526146677672500482e+04
1.521616492861228107e+04
1.517010270707463496e+04
1.518773053361600614e+04
1.518346100462500908e+04
1.514580092861497906e+04
1.516182627229126410e+04
1.522270059538270471e+04
1.524297841016405800e+04
1.526024700798010053e+04
1.526881978729989532e+04
1.527136342543047613e+04
1.528169065423100437e+04
1.527569176785396667e+04
1.533296392438534895e+04
1.534427921670710202e+04
1.533398142414920949e+04
1.535516815936826788e+04
1.537026832829745945e+04
1.537362768712651996e+04
1.537362768712651996e+04
1.536576314641200770e+04
1.535030048726706809e+04
1.534591173745549895e+04
1.529607953737199023e+04
1.527635920678946786e+04
1.526946048567808430e+04
1.532436396727190549e+04
1.532881469893843132e+04
1.534085107488966241e+04
1.534091733582556299e+04
1.534375983400442601e+04
1.534199404642363515e+04
1.537692850397651637e+04
1.540916305092616312e+04
1.540973775498726900e+04
1.541313176812228630e+04
1.539039652934377045e+04
1.535051323032102846e+04
1.538528902210325941e+04
1.542451558910859785e+04
1.547036090825209430e+04
1.551001049742135183e+04
1.547121045796680119e+04
1.543492445165521167e+04
1.541421391130390111e+04
1.541603288188554507e+04
1.540199136100850228e+04
1.544857876173686782e+04
1.546398213021520496e+04
1.547265631121296246e+04
1.548887895469533214e+04
1.546621980492601688e+04
1.543848340500282575e+04
1.543110091121059850e+04
1.543412373396834664e+04
1.546517467105156902e+04
1.548717403968942381e+04
1.547025708656522875e+04
1.547086246697247770e+04
1.550256687174242870e+04
1.548942350591327704e+04
1.553121065380216533e+04
1.555841134167278506e+04
1.553493541096302215e+04
1.550965062838817357e+04
1.549346320126255159e+04
1.556346017696087620e+04
1.554331783662725138e+04
1.560151398777560826e+04
1.560151398777560826e+04
1.562520466084153850e+04
1.563831294322084614e+04
1.559343032725974263e+04
1.554522940797423871e+04
1.560492459015121131e+04
1.559718409485875964e+04
1.561052601657462037e+04
1.556330553365125343e+04
1.559697720973868127e+04
1.559416215534438743e+04
1.564612350451126804e+04
1.571933524305403444e+04
1.577829746463399169e+04
1.579881122877339294e+04
1.583252873980253935e+04
1.581296686766485618e+04
1.585778851121242042e+04
1.579189408143391847e+04
1.580685362439393975e+04
1.582330084602093302e+04
1.586243300964998343e+04
1.586953373496510176e+04
1.586095806590581560e+04
1.585200298019948968e+04
1.582680632815994795e+04
1.587565952231345000e+04
1.590437011412402171e+04
1.586337927370741454e+04
1.581956035845351835e+04
1.585831922959719304e+04
1.589390806926015830e+04
1.589945587223990697e+04
1.593136536351034920e+04
1.597275437375046931e+04
1.599614855025284487e+04
1.601367108788512087e+04
1.596669783867211663e+04
1.593025000632956835e+04
1.593061519739659161e+04
1.590337168917226518e+04
1.588176899861143465e+04
1.590564094158147964e+04
1.589337850942695877e+04
1.584168212960739038e+04
1.578902262291279840e+04
1.575893889719673643e+04
1.577632533780942867e+04
1.580623355981835812e+04
1.580350715013561603e+04
1.580350715013561603e+04
1.582470097083954170e+04
1.580764256354059034e+04
1.578644946747015638e+04
1.576524574207663136e+04
1.583545925213624469e+04
1.590844283676238956e+04
1.589640481029212970e+04
1.589740484206699875e+04
1.584800476366848852e+04
1.586778439580867052e+04
1.582864550763396255e+04
1.585664339626820401e+04
1.585898642526834556e+04
1.588699904462231643e+04
1.586208379510063060e+04
1.589032791874586837e+04
1.593525966525437798e+04
1.589216346719870853e+04
1.587735751138408705e+04
1.591058126191971860e+04
1.594492390041902217e+04
1.592805989213880275e+04
1.589716587283057925e+04
1.585509006237559333e+04
1.593665239145972737e+04
1.594561124766736975e+04
1.595883086220507539e+04
1.591682342174142104e+04
1.586253124838557051e+04
1.588570234589013307e+04
1.596419850674530790e+04
1.597904173954079852e+04
1.597537475952008936e+04
1.604095571150028809e+04
1.603867817558854222e+04
1.605254428484660457e+04
1.608727812049145723e+04
1.611871295785907387e+04
1.610652689311335234e+04
1.610694912164325615e+04
1.612782839021377549e+04
1.609871072791556799e+04
1.612091013577843114e+04
1.611272366111857809e+04
1.612216538732909612e+04
1.613017020495530232e+04
1.611534501195004486e+04
1.616586050010425788e+04
1.617117571192859941e+04
1.617117571192859941e+04
1.613744112934886289e+04
1.612576473906691172e+04
1.608661334857016482e+04
1.601897018783171552e+04
1.606719790667501547e+04
1.606596004667011221e+04
1.608964516587841172e+04
1.613969644550841440e+04
1.616542074100892933e+04
1.615742750016065293e+04
1.621545414886594335e+04
1.621132135296846718e+04
1.620327899596702810e+04
1.617610140911757844e+04
1.614660340322123739e+04
1.619470972479484954e+04
1.620399690592973457e+04
1.617668781784242492e+04
1.612123984026207108e+04
1.606932685022225633e+04
1.608192584970954340e+04
1.602571474370619399e+04
1.601890698685608368e+04
1.605074683554353214e+04
1.605531031280366005e+04
1.608018604014111952e+04
1.607491303691054964e+04
1.608906523484289028e+04
1.614357286199765258e+04
1.618431855528964115e+04
1.620810685226538044e+04
1.619451227745848882e+04
1.614649692948103620e+04
1.617186143557094510e+04
1.620835198939998190e+04
1.621849552736647820e+04
1.628480036381773971e+04
1.632972535208126465e+04
1.631677091909734918e+04
1.635681924001494735e+04
1.638900146943515574e+04
1.636477135231278044e+04
1.640158871811040444e+04
1.642717625264868911e+04
1.639960008862913674e+04
1.647491193230835052e+04
1.646756757023223690e+04
1.647603528393248780e+04
1.641933047554118457e+04
1.641933047554118457e+04
1.637743439854601093e+04
1.640246685901800447e+04
1.640103345195329530e+04
1.637345213428480929e+04
1.642289672596451783e+04
1.641487817330447069e+04
1.638365190825313402e+04
1.638001326484269521e+04
1.635356878300852804e+04
1.631853078837435896e+04
1.633013079779465443e+04
1.633136641026993675e+04
1.628227896954465177e+04
1.631583024095122164e+04
1.628755842229185873e+04
1.631943005488403833e+04
1.635271335178796289e+04
1.637957460250823351e+04
1.635677098550067603e+04
1.636174914922197422e+04
1.636223847309168741e+04
1.637383844801443411e+04
1.643202948582453610e+04
1.645303924814596030e+04
1.647662530592255644e+04
1.644249481779895359e+04
1.641253764500628313e+04
1.646845641501799400e+04
1.649119902083015040e+04
1.650637428981475387e+04
1.647121225361080724e+04
1.640968495099728534e+04
1.646346605899274437e+04
1.651838246534109567e+04
1.651064298238735137e+04
1.645706558678404690e+04
1.646934702337792987e+04
1.646593484710643679e+04
1.650582413889319287e+04
1.647454856749304236e+04
1.649632076697604862e+04
1.653736980145544294e+04
1.650509327786412177e+04
1.654847780323915140e+04
1.652496104686704348e+04
1.651969902246910351e+04
1.650115402679243198e+04
1.649765615427974990e+04
1.651272077689826983e+04
1.651272077689826983e+04
1.649230328407072375e+04
1.647550331575446398e+04
1.650407339428555497e+04
1.651982988727529664e+04
1.647354786690419860e+04
1.642497725203213849e+04
1.639694955283359741e+04
1.640417680280461718e+04
1.634908732301818782e+04
1.639610324988418870e+04
1.642007605214945943e+04
1.648381206441487302e+04
1.644941152014734689e+04
1.649121720808812825e+04
1.652517470696081728e+04
1.656479165618760817e+04
1.654592645519754660e+04
1.654522879680773622e+04
1.661823120214730807e+04
1.666189107197505291e+04
1.670589031221404366e+04
1.671755975004517313e+04
1.675252236359919698e+04
1.682976019829160941e+04
1.678625375870244898e+04
1.683982594836418866e+04
1.686499550076318337e+04
1.688953984069231592e+04
1.685601525615275023e+04
1.690206658103077643e+04
1.691936688135822624e+04
1.693028762781279147e+04
1.691569557353204436e+04
1.689675812287118242e+04
1.686132479142522061e+04
1.688445080261002295e+04
1.692875199113893905e+04
1.690877169958755258e+04
1.688546156073539169e+04
1.688255397931984044e+04
1.684728080346202842e+04
1.682817202455782171e+04
1.683434891125810827e+04
1.680212387033938649e+04
1.677728869260229112e+04
1.677657166029162909e+04
1.679249655534017074e+04
1.686523316362050900e+04
1.687597572917036814e+04
1.687597572917036814e+04
1.684643085806665476e+04
1.680552067754686504e+04
1.683658196293381116e+04
1.681651574128243738e+04
1.684014628818024357e+04
1.681544337825473849e+04
1.681071973246046036e+04
1.680758856653913244e+04
1.678273406367618736e+04
1.680488965781720617e+04
1.683279250670205874e+04
1.684514428177194713e+04
1.681689890939270117e+04
1.678043508019431465e+04
1.685070819185905202e+04
1.684666686709468195e+04
1.684844241204447826e+04
1.687797381560178110e+04
1.688095849483484199e+04
1.685987471876607015e+04
1.687422914853511975e+04
1.687593005768366857e+04
1.692022906195042015e+04
1.693282028166378586e+04
1.700992470419796155e+04
1.707470383265757846e+04
1.709725632064317324e+04
1.712269195876095546e+04
1.710782472034978127e+04
1.716165746826996838e+04
1.718290640194297521e+04
1.716414717316272436e+04
1.722989425485705578e+04
1.722748336374126666e+04
1.721980380142093054e+04
1.719465144552939819e+04
1.717589036259097338e+04
1.713085535562920995e+04
1.718608171208477870e+04
1.717189136616785981e+04
1.719730578911828343e+04
1.723460820466344376e+04
1.721254396989653105e+04
1.720598806196318765e+04
1.716741937947268525e+04
1.722470262759513571e+04
1.724076968422718346e+04
1.726735531477669065e+04
1.722029936327742689e+04
1.722029936327742689e+04
1.728568597570572456e+04
1.728557654232112691e+04
1.729812425030056329e+04
1.732871612745550374e+04
1.732296409505958945e+04
1.733789300682432076e+04
1.730594590907620295e+04
1.732097971002353370e+04
1.733255228363033530e+04
1.732467089044824388e+04
1.735196313550116975e+04
1.739497830677422826e+04
1.733147675776361575e+04
1.731863874777382807e+04
1.730646429179761981e+04
1.727584857128295698e+04
1.728859805177630187e+04
1.727224975691845611e+04
1.729964254016521591e+04
1.728433921289911086e+04
1.729033658164795634e+04
1.725424240110805113e+04
1.721703555182052878e+04
1.715774206064915779e+04
1.723998228271494008e+04
1.722142527076050828e+04
1.718537416608801141e+04
1.718052056115220330e+04
1.716752852226198229e+04
1.712056730655613501e+04
1.709514295986607613e+04
1.714650658671121710e+04
1.713687777741988248e+04
1.710954639857657457e+04
1.708622974033427454e+04
1.705618776319640165e+04
1.709883395152023513e+04
1.712972187176016814e+04
1.711307919172338370e+04
1.715266393438915838e+04
1.718278421639248700e+04
1.721273241507622515e+04
1.722063165863211179e+04
1.719781273364610752e+04
1.721863637692348857e+04
1.716642800204676314e+04
1.709828971951099084e+04
1.704022386210746845e+04
1.705563072675502553e+04
1.705563072675502553e+04
1.698122063343577247e+04
1.698932910860918128e+04
1.696820733787903373e+04
1.703729372770173723e+04
1.700824751160007145e+04
1.699636638071388734e+04
1.702008510414697957e+04
1.701644734764894019e+04
1.702333803838919630e+04
1.701621360246426775e+04
1.702202600354257447e+04
1.704553034108001521e+04
1.701492845720564947e+04
1.704155733109421635e+04
1.708164345592130485e+04
1.708871159048271875e+04
1.708599136900994199e+04
1.704562445841965018e+04
1.701586078504220859e+04
1.700676783653078746e+04
1.697981248328751462e+04
1.700003738122542927e+04
1.701838967048773338e+04
1.705167392468702383e+04
