-2.926349613792229320e+03
-2.926349613792229320e+03
-2.926349613792229320e+03
-2.926349613792229320e+03
-2.926349613792229320e+03
-3.082845201396319226e+03
-3.082845201396319226e+03
-3.082845201396319226e+03
-3.082845201396319226e+03
-3.082845201396319226e+03
-3.082845201396319226e+03
-3.082845201396319226e+03
-3.082845201396319226e+03
-3.082845201396319226e+03
-3.083239054975021645e+03
-3.083239054975021645e+03
-3.083239054975021645e+03
-3.083239054975021645e+03
-3.083239054975021645e+03
-3.021510474411158157e+03
-3.021510474411158157e+03
-3.021510474411158157e+03
-3.021510474411158157e+03
-3.021510474411158157e+03
-3.021510474411158157e+03
-3.021510474411158157e+03
-3.021510474411158157e+03
-3.021510474411158157e+03
-3.021510474411158157e+03
-2.994199165033799545e+03
-2.994199165033799545e+03
-2.994199165033799545e+03
-2.994199165033799545e+03
-2.994199165033799545e+03
-2.943457731787892044e+03
-2.943457731787892044e+03
-2.943457731787892044e+03
-2.943457731787892044e+03
-2.943457731787892044e+03
-2.943457731787892044e+03
-2.943457731787892044e+03
-2.943457731787892044e+03
-2.943457731787892044e+03
-2.943457731787892044e+03
-2.957584510683020198e+03
-2.957584510683020198e+03
-2.957584510683020198e+03
-2.957584510683020198e+03
-2.957584510683020198e+03
-2.957584510683020198e+03
-2.944145453462918795e+03
-2.944145453462918795e+03
-2.944145453462918795e+03
-2.944145453462918795e+03
-2.944145453462918795e+03
-2.944145453462918795e+03
-2.944145453462918795e+03
-2.944145453462918795e+03
-2.944145453462918795e+03
-2.931885304334066859e+03
-2.931885304334066859e+03
-2.931885304334066859e+03
-2.931885304334066859e+03
-2.931885304334066859e+03
-2.931885304334066859e+03
-2.947340871142931974e+03
-2.947340871142931974e+03
-2.947340871142931974e+03
-2.947340871142931974e+03
-2.947340871142931974e+03
-2.947340871142931974e+03
-2.947340871142931974e+03
-2.947340871142931974e+03
-2.947340871142931974e+03
-2.889370317400896056e+03
-2.889370317400896056e+03
-2.889370317400896056e+03
-2.889370317400896056e+03
-2.889370317400896056e+03
-2.889370317400896056e+03
-2.909949744933070633e+03
-2.909949744933070633e+03
-2.909949744933070633e+03
-2.909949744933070633e+03
-2.909949744933070633e+03
-2.909949744933070633e+03
-2.909949744933070633e+03
-2.909949744933070633e+03
-2.909949744933070633e+03
-2.931314542212478955e+03
-2.931314542212478955e+03
-2.931314542212478955e+03
-2.931314542212478955e+03
-2.931314542212478955e+03
-2.931314542212478955e+03
-3.001930068325617867e+03
-3.001930068325617867e+03
-3.001930068325617867e+03
-3.001930068325617867e+03
-3.001930068325617867e+03
-3.001930068325617867e+03
-3.001930068325617867e+03
-3.001930068325617867e+03
-3.001930068325617867e+03
-3.031258587901771079e+03
-3.031258587901771079e+03
-3.031258587901771079e+03
-3.031258587901771079e+03
-3.031258587901771079e+03
-3.031258587901771079e+03
-3.076827808639731302e+03
-3.076827808639731302e+03
-3.076827808639731302e+03
-3.076827808639731302e+03
-3.076827808639731302e+03
-3.076827808639731302e+03
-3.076827808639731302e+03
-3.076827808639731302e+03
-3.076827808639731302e+03
-3.130496785235649440e+03
-3.130496785235649440e+03
-3.130496785235649440e+03
-3.130496785235649440e+03
-3.130496785235649440e+03
-3.130496785235649440e+03
-3.090387353604317468e+03
-3.090387353604317468e+03
-3.090387353604317468e+03
-3.090387353604317468e+03
-3.090387353604317468e+03
-3.090387353604317468e+03
-3.090387353604317468e+03
-3.090387353604317468e+03
-3.090387353604317468e+03
-3.094943571063500713e+03
-3.094943571063500713e+03
-3.094943571063500713e+03
-3.094943571063500713e+03
-3.094943571063500713e+03
-3.094943571063500713e+03
-3.094943571063500713e+03
-3.094943571063500713e+03
-3.094943571063500713e+03
-3.094943571063500713e+03
-3.094943571063500713e+03
-3.094943571063500713e+03
-3.094943571063500713e+03
-3.094943571063500713e+03
-3.094943571063500713e+03
-3.106175374910019855e+03
-3.106175374910019855e+03
-3.106175374910019855e+03
-3.106175374910019855e+03
-3.106175374910019855e+03
-3.106175374910019855e+03
-3.122213926719115079e+03
-3.122213926719115079e+03
-3.122213926719115079e+03
-3.122213926719115079e+03
-3.122213926719115079e+03
-3.122213926719115079e+03
-3.122213926719115079e+03
-3.122213926719115079e+03
-3.122213926719115079e+03
-3.101028120667680469e+03
-3.101028120667680469e+03
-3.101028120667680469e+03
-3.101028120667680469e+03
-3.101028120667680469e+03
-3.088569171457229913e+03
-3.088569171457229913e+03
-3.088569171457229913e+03
-3.088569171457229913e+03
-3.088569171457229913e+03
-3.088569171457229913e+03
-3.088569171457229913e+03
-3.088569171457229913e+03
-3.088569171457229913e+03
-3.088569171457229913e+03
-3.089691502399550700e+03
-3.089691502399550700e+03
-3.089691502399550700e+03
-3.089691502399550700e+03
-3.089691502399550700e+03
-3.032900687595826639e+03
-3.032900687595826639e+03
-3.032900687595826639e+03
-3.032900687595826639e+03
-3.032900687595826639e+03
-3.032900687595826639e+03
-3.032900687595826639e+03
-3.032900687595826639e+03
-3.032900687595826639e+03
-3.032900687595826639e+03
-3.003122677779142123e+03
-3.003122677779142123e+03
-3.003122677779142123e+03
-3.003122677779142123e+03
-3.003122677779142123e+03
-3.004952124055880631e+03
-3.004952124055880631e+03
-3.004952124055880631e+03
-3.004952124055880631e+03
-3.004952124055880631e+03
-3.004952124055880631e+03
-3.004952124055880631e+03
-3.004952124055880631e+03
-3.004952124055880631e+03
-3.004952124055880631e+03
-2.974198727927579057e+03
-2.974198727927579057e+03
-2.974198727927579057e+03
-2.974198727927579057e+03
-2.974198727927579057e+03
-2.969703135674232271e+03
-2.969703135674232271e+03
-2.969703135674232271e+03
-2.969703135674232271e+03
-2.969703135674232271e+03
-2.969703135674232271e+03
-2.969703135674232271e+03
-2.969703135674232271e+03
-2.969703135674232271e+03
-2.969703135674232271e+03
-3.058906136661721575e+03
-3.058906136661721575e+03
-3.058906136661721575e+03
-3.058906136661721575e+03
-3.058906136661721575e+03
-3.003252733505055403e+03
-3.003252733505055403e+03
-3.003252733505055403e+03
-3.003252733505055403e+03
-3.003252733505055403e+03
-3.003252733505055403e+03
-3.003252733505055403e+03
-3.003252733505055403e+03
-3.003252733505055403e+03
-3.003252733505055403e+03
-2.982812846972540228e+03
-2.982812846972540228e+03
-2.982812846972540228e+03
-2.982812846972540228e+03
-2.982812846972540228e+03
-2.982736240703623480e+03
-2.982736240703623480e+03
-2.982736240703623480e+03
-2.982736240703623480e+03
-2.982736240703623480e+03
-2.982736240703623480e+03
-2.982736240703623480e+03
-2.982736240703623480e+03
-2.982736240703623480e+03
-2.982736240703623480e+03
-3.027753646988639503e+03
-3.027753646988639503e+03
-3.027753646988639503e+03
-3.027753646988639503e+03
-3.027753646988639503e+03
-2.975098615306140346e+03
-2.975098615306140346e+03
-2.975098615306140346e+03
-2.975098615306140346e+03
-2.975098615306140346e+03
-2.975098615306140346e+03
-2.975098615306140346e+03
-2.975098615306140346e+03
-2.975098615306140346e+03
-2.975098615306140346e+03
-2.944632270734785834e+03
-2.944632270734785834e+03
-2.944632270734785834e+03
-2.944632270734785834e+03
-2.944632270734785834e+03
-2.962063218005164799e+03
-2.962063218005164799e+03
-2.962063218005164799e+03
-2.962063218005164799e+03
-2.962063218005164799e+03
-2.962063218005164799e+03
-2.962063218005164799e+03
-2.962063218005164799e+03
-2.962063218005164799e+03
-2.962063218005164799e+03
-2.917866932333848581e+03
-2.917866932333848581e+03
-2.917866932333848581e+03
-2.917866932333848581e+03
-2.917866932333848581e+03
-2.917866932333848581e+03
-2.917866932333848581e+03
-2.917866932333848581e+03
-2.917866932333848581e+03
-2.917866932333848581e+03
-2.917866932333848581e+03
-2.917866932333848581e+03
-2.917866932333848581e+03
-2.917866932333848581e+03
-2.917866932333848581e+03
-2.925378843710669571e+03
-2.925378843710669571e+03
-2.925378843710669571e+03
-2.925378843710669571e+03
-2.925378843710669571e+03
-2.982197029527941595e+03
-2.982197029527941595e+03
-2.982197029527941595e+03
-2.982197029527941595e+03
-2.982197029527941595e+03
-2.982197029527941595e+03
-2.982197029527941595e+03
-2.982197029527941595e+03
-2.982197029527941595e+03
-2.982197029527941595e+03
-2.980827282389269385e+03
-2.980827282389269385e+03
-2.980827282389269385e+03
-2.980827282389269385e+03
-2.980827282389269385e+03
-3.021460503025594335e+03
-3.021460503025594335e+03
-3.021460503025594335e+03
-3.021460503025594335e+03
-3.021460503025594335e+03
-3.021460503025594335e+03
-3.021460503025594335e+03
-3.021460503025594335e+03
-3.021460503025594335e+03
-3.021460503025594335e+03
-3.034889486494644188e+03
-3.034889486494644188e+03
-3.034889486494644188e+03
-3.034889486494644188e+03
-3.034889486494644188e+03
-2.931628001035994203e+03
-2.931628001035994203e+03
-2.931628001035994203e+03
-2.931628001035994203e+03
-2.931628001035994203e+03
-2.931628001035994203e+03
-2.931628001035994203e+03
-2.931628001035994203e+03
-2.931628001035994203e+03
-2.931628001035994203e+03
-2.911096598063239981e+03
-2.911096598063239981e+03
-2.911096598063239981e+03
-2.911096598063239981e+03
-2.911096598063239981e+03
-2.923128037501163362e+03
-2.923128037501163362e+03
-2.923128037501163362e+03
-2.923128037501163362e+03
-2.923128037501163362e+03
-2.923128037501163362e+03
-2.923128037501163362e+03
-2.923128037501163362e+03
-2.923128037501163362e+03
-2.923128037501163362e+03
-2.950131444933727835e+03
-2.950131444933727835e+03
-2.950131444933727835e+03
-2.950131444933727835e+03
-2.950131444933727835e+03
-2.896845418835315286e+03
-2.896845418835315286e+03
-2.896845418835315286e+03
-2.896845418835315286e+03
-2.896845418835315286e+03
-2.896845418835315286e+03
-2.896845418835315286e+03
-2.896845418835315286e+03
-2.896845418835315286e+03
-2.896845418835315286e+03
-2.866487315557028523e+03
-2.866487315557028523e+03
-2.866487315557028523e+03
-2.866487315557028523e+03
-2.866487315557028523e+03
-2.873974768240921549e+03
-2.873974768240921549e+03
-2.873974768240921549e+03
-2.873974768240921549e+03
-2.873974768240921549e+03
-2.873974768240921549e+03
-2.873974768240921549e+03
-2.873974768240921549e+03
-2.873974768240921549e+03
-2.873974768240921549e+03
-2.888363939629149172e+03
-2.888363939629149172e+03
-2.888363939629149172e+03
-2.888363939629149172e+03
-2.888363939629149172e+03
-2.850076510807598879e+03
-2.850076510807598879e+03
-2.850076510807598879e+03
-2.850076510807598879e+03
-2.850076510807598879e+03
-2.850076510807598879e+03
-2.850076510807598879e+03
-2.850076510807598879e+03
-2.850076510807598879e+03
-2.850076510807598879e+03
-2.880640154106396039e+03
-2.880640154106396039e+03
-2.880640154106396039e+03
-2.880640154106396039e+03
-2.880640154106396039e+03
-2.819046471822197418e+03
-2.819046471822197418e+03
-2.819046471822197418e+03
-2.819046471822197418e+03
-2.819046471822197418e+03
-2.819046471822197418e+03
-2.819046471822197418e+03
-2.819046471822197418e+03
-2.819046471822197418e+03
-2.819046471822197418e+03
-2.835964146704347968e+03
-2.835964146704347968e+03
-2.835964146704347968e+03
-2.835964146704347968e+03
-2.835964146704347968e+03
-2.987206589138428626e+03
-2.987206589138428626e+03
-2.987206589138428626e+03
-2.987206589138428626e+03
-2.987206589138428626e+03
-2.987206589138428626e+03
-2.987206589138428626e+03
-2.987206589138428626e+03
-2.987206589138428626e+03
-2.987206589138428626e+03
-2.998004691847765571e+03
-2.998004691847765571e+03
-2.998004691847765571e+03
-2.998004691847765571e+03
-2.998004691847765571e+03
-2.998004691847765571e+03
-2.998004691847765571e+03
-2.998004691847765571e+03
-2.998004691847765571e+03
-2.998004691847765571e+03
-2.998004691847765571e+03
-2.998004691847765571e+03
-2.998004691847765571e+03
-2.998004691847765571e+03
-2.998004691847765571e+03
-3.027490125582424753e+03
-3.027490125582424753e+03
-3.027490125582424753e+03
-3.027490125582424753e+03
-3.027490125582424753e+03
-2.943163404172051742e+03
-2.943163404172051742e+03
-2.943163404172051742e+03
-2.943163404172051742e+03
-2.943163404172051742e+03
-2.943163404172051742e+03
-2.943163404172051742e+03
-2.943163404172051742e+03
-2.943163404172051742e+03
-2.943163404172051742e+03
-2.911333530496320236e+03
-2.911333530496320236e+03
-2.911333530496320236e+03
-2.911333530496320236e+03
-2.911333530496320236e+03
-2.876511715832349637e+03
-2.876511715832349637e+03
-2.876511715832349637e+03
-2.876511715832349637e+03
-2.876511715832349637e+03
-2.876511715832349637e+03
-2.876511715832349637e+03
-2.876511715832349637e+03
-2.876511715832349637e+03
-2.876511715832349637e+03
-2.876846366826126541e+03
-2.876846366826126541e+03
-2.876846366826126541e+03
-2.876846366826126541e+03
-2.876846366826126541e+03
-2.854098787129250468e+03
-2.854098787129250468e+03
-2.854098787129250468e+03
-2.854098787129250468e+03
-2.854098787129250468e+03
-2.854098787129250468e+03
-2.854098787129250468e+03
-2.854098787129250468e+03
-2.854098787129250468e+03
-2.854098787129250468e+03
-2.781189429465625835e+03
-2.781189429465625835e+03
-2.781189429465625835e+03
-2.781189429465625835e+03
-2.781189429465625835e+03
-2.780873878676632557e+03
-2.780873878676632557e+03
-2.780873878676632557e+03
-2.780873878676632557e+03
-2.780873878676632557e+03
-2.780873878676632557e+03
-2.780873878676632557e+03
-2.780873878676632557e+03
-2.780873878676632557e+03
-2.780873878676632557e+03
-2.760568416561434333e+03
-2.760568416561434333e+03
-2.760568416561434333e+03
-2.760568416561434333e+03
-2.760568416561434333e+03
-2.756974818504075301e+03
-2.756974818504075301e+03
-2.756974818504075301e+03
-2.756974818504075301e+03
-2.756974818504075301e+03
-2.756974818504075301e+03
-2.756974818504075301e+03
-2.756974818504075301e+03
-2.756974818504075301e+03
-2.756974818504075301e+03
-2.763173576610404780e+03
-2.763173576610404780e+03
-2.763173576610404780e+03
-2.763173576610404780e+03
-2.763173576610404780e+03
-2.763617212744086828e+03
-2.763617212744086828e+03
-2.763617212744086828e+03
-2.763617212744086828e+03
-2.763617212744086828e+03
-2.763617212744086828e+03
-2.763617212744086828e+03
-2.763617212744086828e+03
-2.763617212744086828e+03
-2.763617212744086828e+03
-2.771791522159529450e+03
-2.771791522159529450e+03
-2.771791522159529450e+03
-2.771791522159529450e+03
-2.771791522159529450e+03
-2.927374882246390371e+03
-2.927374882246390371e+03
-2.927374882246390371e+03
-2.927374882246390371e+03
-2.927374882246390371e+03
-2.927374882246390371e+03
-2.927374882246390371e+03
-2.927374882246390371e+03
-2.927374882246390371e+03
-2.927374882246390371e+03
-2.946016926278448409e+03
-2.946016926278448409e+03
-2.946016926278448409e+03
-2.946016926278448409e+03
-2.946016926278448409e+03
-2.976141187962168260e+03
-2.976141187962168260e+03
-2.976141187962168260e+03
-2.976141187962168260e+03
-2.976141187962168260e+03
-2.976141187962168260e+03
-2.976141187962168260e+03
-2.976141187962168260e+03
-2.976141187962168260e+03
-2.976141187962168260e+03
-2.993690429583047717e+03
-2.993690429583047717e+03
-2.993690429583047717e+03
-2.993690429583047717e+03
-2.993690429583047717e+03
-2.804986389966500155e+03
-2.804986389966500155e+03
-2.804986389966500155e+03
-2.804986389966500155e+03
-2.804986389966500155e+03
-2.804986389966500155e+03
-2.804986389966500155e+03
-2.804986389966500155e+03
-2.804986389966500155e+03
-2.804986389966500155e+03
-2.736277075817858531e+03
-2.736277075817858531e+03
-2.736277075817858531e+03
-2.736277075817858531e+03
-2.736277075817858531e+03
-2.736277075817858531e+03
-2.736277075817858531e+03
-2.736277075817858531e+03
-2.736277075817858531e+03
-2.736277075817858531e+03
-2.736277075817858531e+03
-2.736277075817858531e+03
-2.736277075817858531e+03
-2.736277075817858531e+03
-2.736277075817858531e+03
-2.744438778698838178e+03
-2.744438778698838178e+03
-2.744438778698838178e+03
-2.744438778698838178e+03
-2.744438778698838178e+03
-2.701331268652000290e+03
-2.701331268652000290e+03
-2.701331268652000290e+03
-2.701331268652000290e+03
-2.701331268652000290e+03
-2.701331268652000290e+03
-2.701331268652000290e+03
-2.701331268652000290e+03
-2.701331268652000290e+03
-2.701331268652000290e+03
-2.704280679773885822e+03
-2.704280679773885822e+03
-2.704280679773885822e+03
-2.704280679773885822e+03
-2.704280679773885822e+03
-2.645839346391580420e+03
-2.645839346391580420e+03
-2.645839346391580420e+03
-2.645839346391580420e+03
-2.645839346391580420e+03
-2.645839346391580420e+03
-2.645839346391580420e+03
-2.645839346391580420e+03
-2.645839346391580420e+03
-2.645839346391580420e+03
-2.668160735229325837e+03
-2.668160735229325837e+03
-2.668160735229325837e+03
-2.668160735229325837e+03
-2.668160735229325837e+03
-2.533744473736956024e+03
-2.533744473736956024e+03
-2.533744473736956024e+03
-2.533744473736956024e+03
-2.533744473736956024e+03
-2.533744473736956024e+03
-2.533744473736956024e+03
-2.533744473736956024e+03
-2.533744473736956024e+03
-2.533744473736956024e+03
-2.487236050532912486e+03
-2.487236050532912486e+03
-2.487236050532912486e+03
-2.487236050532912486e+03
-2.487236050532912486e+03
-2.487236050532912486e+03
-2.491348459644572358e+03
-2.491348459644572358e+03
-2.491348459644572358e+03
-2.491348459644572358e+03
-2.491348459644572358e+03
-2.491348459644572358e+03
-2.491348459644572358e+03
-2.491348459644572358e+03
-2.491348459644572358e+03
-2.526194148978506746e+03
-2.526194148978506746e+03
-2.526194148978506746e+03
-2.526194148978506746e+03
-2.526194148978506746e+03
-2.526194148978506746e+03
-2.375513361835492105e+03
-2.375513361835492105e+03
-2.375513361835492105e+03
-2.375513361835492105e+03
-2.375513361835492105e+03
-2.375513361835492105e+03
-2.375513361835492105e+03
-2.375513361835492105e+03
-2.375513361835492105e+03
-2.321554286108000269e+03
-2.321554286108000269e+03
-2.321554286108000269e+03
-2.321554286108000269e+03
-2.321554286108000269e+03
-2.321554286108000269e+03
-2.288267003919863328e+03
-2.288267003919863328e+03
-2.288267003919863328e+03
-2.288267003919863328e+03
-2.288267003919863328e+03
-2.288267003919863328e+03
-2.288267003919863328e+03
-2.288267003919863328e+03
-2.288267003919863328e+03
-2.324138568524635048e+03
-2.324138568524635048e+03
-2.324138568524635048e+03
-2.324138568524635048e+03
-2.324138568524635048e+03
-2.324138568524635048e+03
-2.298062203079589381e+03
-2.298062203079589381e+03
-2.298062203079589381e+03
-2.298062203079589381e+03
-2.298062203079589381e+03
-2.298062203079589381e+03
-2.298062203079589381e+03
-2.298062203079589381e+03
-2.298062203079589381e+03
-2.262923273509050432e+03
-2.262923273509050432e+03
-2.262923273509050432e+03
-2.262923273509050432e+03
-2.262923273509050432e+03
-2.262923273509050432e+03
-2.237783270038685714e+03
-2.237783270038685714e+03
-2.237783270038685714e+03
-2.237783270038685714e+03
-2.237783270038685714e+03
-2.237783270038685714e+03
-2.237783270038685714e+03
-2.237783270038685714e+03
-2.237783270038685714e+03
-2.244890761225195092e+03
-2.244890761225195092e+03
-2.244890761225195092e+03
-2.244890761225195092e+03
-2.244890761225195092e+03
-2.244890761225195092e+03
-2.245745858610615869e+03
-2.245745858610615869e+03
-2.245745858610615869e+03
-2.245745858610615869e+03
-2.245745858610615869e+03
-2.245745858610615869e+03
-2.245745858610615869e+03
-2.245745858610615869e+03
-2.245745858610615869e+03
-2.243354998181088376e+03
-2.243354998181088376e+03
-2.243354998181088376e+03
-2.243354998181088376e+03
-2.243354998181088376e+03
-2.243354998181088376e+03
-2.243354998181088376e+03
-2.243354998181088376e+03
-2.243354998181088376e+03
-2.243354998181088376e+03
-2.243354998181088376e+03
-2.243354998181088376e+03
-2.243354998181088376e+03
-2.243354998181088376e+03
-2.243354998181088376e+03
-2.257714391426303791e+03
-2.257714391426303791e+03
-2.257714391426303791e+03
-2.257714391426303791e+03
-2.257714391426303791e+03
-2.257714391426303791e+03
-2.130009167861978312e+03
-2.130009167861978312e+03
-2.130009167861978312e+03
-2.130009167861978312e+03
-2.130009167861978312e+03
-2.130009167861978312e+03
-2.130009167861978312e+03
-2.130009167861978312e+03
-2.130009167861978312e+03
-2.068066137121015345e+03
-2.068066137121015345e+03
-2.068066137121015345e+03
-2.068066137121015345e+03
-2.068066137121015345e+03
-2.068066137121015345e+03
-1.986776908502088645e+03
-1.986776908502088645e+03
-1.986776908502088645e+03
-1.986776908502088645e+03
-1.986776908502088645e+03
-1.986776908502088645e+03
-1.986776908502088645e+03
-1.986776908502088645e+03
-1.986776908502088645e+03
-1.997635242327444530e+03
-1.997635242327444530e+03
-1.997635242327444530e+03
-1.997635242327444530e+03
-1.997635242327444530e+03
-1.997635242327444530e+03
-1.934668638239571237e+03
-1.934668638239571237e+03
-1.934668638239571237e+03
-1.934668638239571237e+03
-1.934668638239571237e+03
-1.934668638239571237e+03
-1.934668638239571237e+03
-1.934668638239571237e+03
-1.934668638239571237e+03
-1.897594315508278214e+03
-1.897594315508278214e+03
-1.897594315508278214e+03
-1.897594315508278214e+03
-1.897594315508278214e+03
-1.897594315508278214e+03
-1.895287842200579007e+03
-1.895287842200579007e+03
-1.895287842200579007e+03
-1.895287842200579007e+03
-1.895287842200579007e+03
-1.895287842200579007e+03
-1.895287842200579007e+03
-1.895287842200579007e+03
-1.895287842200579007e+03
-1.906335529464883621e+03
-1.906335529464883621e+03
-1.906335529464883621e+03
-1.906335529464883621e+03
-1.906335529464883621e+03
-1.906335529464883621e+03
-1.786096803904028548e+03
-1.786096803904028548e+03
-1.786096803904028548e+03
-1.786096803904028548e+03
-1.786096803904028548e+03
-1.786096803904028548e+03
-1.786096803904028548e+03
-1.786096803904028548e+03
-1.786096803904028548e+03
-1.728108874485272736e+03
-1.728108874485272736e+03
-1.728108874485272736e+03
-1.728108874485272736e+03
-1.728108874485272736e+03
-1.728108874485272736e+03
-1.659327365111655126e+03
-1.659327365111655126e+03
-1.659327365111655126e+03
-1.659327365111655126e+03
-1.659327365111655126e+03
-1.659327365111655126e+03
-1.659327365111655126e+03
-1.659327365111655126e+03
-1.659327365111655126e+03
-1.678052035050849554e+03
-1.678052035050849554e+03
-1.678052035050849554e+03
-1.678052035050849554e+03
-1.678052035050849554e+03
-1.678052035050849554e+03
-1.562456948381850907e+03
-1.562456948381850907e+03
-1.562456948381850907e+03
-1.562456948381850907e+03
-1.562456948381850907e+03
-1.562456948381850907e+03
-1.562456948381850907e+03
-1.562456948381850907e+03
-1.562456948381850907e+03
-1.511968243368567300e+03
-1.511968243368567300e+03
-1.511968243368567300e+03
-1.511968243368567300e+03
-1.511968243368567300e+03
-1.511968243368567300e+03
-1.425567450474968609e+03
-1.425567450474968609e+03
-1.425567450474968609e+03
-1.425567450474968609e+03
-1.425567450474968609e+03
-1.425567450474968609e+03
-1.425567450474968609e+03
-1.425567450474968609e+03
-1.425567450474968609e+03
-1.468820751694450792e+03
-1.468820751694450792e+03
-1.468820751694450792e+03
-1.468820751694450792e+03
-1.468820751694450792e+03
-1.468820751694450792e+03
-1.338475723691239182e+03
-1.338475723691239182e+03
-1.338475723691239182e+03
-1.338475723691239182e+03
-1.338475723691239182e+03
-1.338475723691239182e+03
-1.338475723691239182e+03
-1.338475723691239182e+03
-1.338475723691239182e+03
-1.307165971336979283e+03
-1.307165971336979283e+03
-1.307165971336979283e+03
-1.307165971336979283e+03
-1.307165971336979283e+03
-1.307165971336979283e+03
-1.307165971336979283e+03
-1.307165971336979283e+03
-1.307165971336979283e+03
-1.307165971336979283e+03
-1.307165971336979283e+03
-1.307165971336979283e+03
-1.307165971336979283e+03
-1.307165971336979283e+03
-1.307165971336979283e+03
-1.312987336591308576e+03
-1.312987336591308576e+03
-1.312987336591308576e+03
-1.312987336591308576e+03
-1.312987336591308576e+03
-1.312987336591308576e+03
-1.207126200481491651e+03
-1.207126200481491651e+03
-1.207126200481491651e+03
-1.207126200481491651e+03
-1.207126200481491651e+03
-1.207126200481491651e+03
-1.207126200481491651e+03
-1.207126200481491651e+03
-1.207126200481491651e+03
-1.176985500241794398e+03
-1.176985500241794398e+03
-1.176985500241794398e+03
-1.176985500241794398e+03
-1.176985500241794398e+03
-1.176985500241794398e+03
-1.115754569434063114e+03
-1.115754569434063114e+03
-1.115754569434063114e+03
-1.115754569434063114e+03
-1.115754569434063114e+03
-1.115754569434063114e+03
-1.115754569434063114e+03
-1.115754569434063114e+03
-1.115754569434063114e+03
-1.128032810304370742e+03
-1.128032810304370742e+03
-1.128032810304370742e+03
-1.128032810304370742e+03
-1.128032810304370742e+03
-1.128032810304370742e+03
-1.008781096923554060e+03
-1.008781096923554060e+03
-1.008781096923554060e+03
-1.008781096923554060e+03
-1.008781096923554060e+03
-1.008781096923554060e+03
-1.008781096923554060e+03
-1.008781096923554060e+03
-1.008781096923554060e+03
-9.465599296566998646e+02
-9.465599296566998646e+02
-9.465599296566998646e+02
-9.465599296566998646e+02
-9.465599296566998646e+02
-9.465599296566998646e+02
-9.453195652824556419e+02
-9.453195652824556419e+02
-9.453195652824556419e+02
-9.453195652824556419e+02
-9.453195652824556419e+02
-9.453195652824556419e+02
-9.453195652824556419e+02
-9.453195652824556419e+02
-9.453195652824556419e+02
-9.486356715262303396e+02
-9.486356715262303396e+02
-9.486356715262303396e+02
-9.486356715262303396e+02
-9.486356715262303396e+02
-9.486356715262303396e+02
-8.526870466476707406e+02
-8.526870466476707406e+02
-8.526870466476707406e+02
-8.526870466476707406e+02
-8.526870466476707406e+02
-8.526870466476707406e+02
-8.526870466476707406e+02
-8.526870466476707406e+02
-8.526870466476707406e+02
-8.305579292966373259e+02
-8.305579292966373259e+02
-8.305579292966373259e+02
-8.305579292966373259e+02
-8.305579292966373259e+02
-8.305579292966373259e+02
-7.720172407383614654e+02
-7.720172407383614654e+02
-7.720172407383614654e+02
-7.720172407383614654e+02
-7.720172407383614654e+02
-7.720172407383614654e+02
-7.720172407383614654e+02
-7.720172407383614654e+02
-7.720172407383614654e+02
-7.787831112885048697e+02
-7.787831112885048697e+02
-7.787831112885048697e+02
-7.787831112885048697e+02
-7.787831112885048697e+02
-7.787831112885048697e+02
-7.162110353489099452e+02
-7.162110353489099452e+02
-7.162110353489099452e+02
-7.162110353489099452e+02
-7.162110353489099452e+02
-7.162110353489099452e+02
-7.162110353489099452e+02
-7.162110353489099452e+02
-7.162110353489099452e+02
-6.605269788989268136e+02
-6.605269788989268136e+02
-6.605269788989268136e+02
-6.605269788989268136e+02
-6.605269788989268136e+02
-6.605269788989268136e+02
-6.206313022656934208e+02
-6.206313022656934208e+02
-6.206313022656934208e+02
-6.206313022656934208e+02
-6.206313022656934208e+02
-6.206313022656934208e+02
-6.206313022656934208e+02
-6.206313022656934208e+02
-6.206313022656934208e+02
-6.240591628654648275e+02
-6.240591628654648275e+02
-6.240591628654648275e+02
-6.240591628654648275e+02
-6.240591628654648275e+02
-6.240591628654648275e+02
-5.681233647900623964e+02
-5.681233647900623964e+02
-5.681233647900623964e+02
-5.681233647900623964e+02
-5.681233647900623964e+02
-5.681233647900623964e+02
-5.681233647900623964e+02
-5.681233647900623964e+02
-5.681233647900623964e+02
-5.300925702125221051e+02
-5.300925702125221051e+02
-5.300925702125221051e+02
-5.300925702125221051e+02
-5.300925702125221051e+02
-5.300925702125221051e+02
-5.300925702125221051e+02
-5.300925702125221051e+02
-5.300925702125221051e+02
-5.300925702125221051e+02
-5.300925702125221051e+02
-5.300925702125221051e+02
-5.300925702125221051e+02
-5.300925702125221051e+02
-5.300925702125221051e+02
-5.313366116079879475e+02
-5.313366116079879475e+02
-5.313366116079879475e+02
-5.313366116079879475e+02
-5.313366116079879475e+02
-5.313366116079879475e+02
-4.455879072726262962e+02
-4.455879072726262962e+02
-4.455879072726262962e+02
-4.455879072726262962e+02
-4.455879072726262962e+02
-4.455879072726262962e+02
-4.455879072726262962e+02
-4.455879072726262962e+02
-4.455879072726262962e+02
-4.212833666183561263e+02
-4.212833666183561263e+02
-4.212833666183561263e+02
-4.212833666183561263e+02
-4.212833666183561263e+02
-4.212833666183561263e+02
-3.590105348731537447e+02
-3.590105348731537447e+02
-3.590105348731537447e+02
-3.590105348731537447e+02
-3.590105348731537447e+02
-3.590105348731537447e+02
-3.590105348731537447e+02
-3.590105348731537447e+02
-3.590105348731537447e+02
-3.621910692541155186e+02
-3.621910692541155186e+02
-3.621910692541155186e+02
-3.621910692541155186e+02
-3.621910692541155186e+02
-3.621910692541155186e+02
-1.834615238006532252e+02
-1.834615238006532252e+02
-1.834615238006532252e+02
-1.834615238006532252e+02
-1.834615238006532252e+02
-1.834615238006532252e+02
-1.834615238006532252e+02
-1.834615238006532252e+02
-1.834615238006532252e+02
-1.182983136153759318e+02
-1.182983136153759318e+02
-1.182983136153759318e+02
-1.182983136153759318e+02
-1.182983136153759318e+02
-1.182983136153759318e+02
-1.140339484856037302e+02
-1.140339484856037302e+02
-1.140339484856037302e+02
-1.140339484856037302e+02
-1.140339484856037302e+02
-1.140339484856037302e+02
-1.140339484856037302e+02
-1.140339484856037302e+02
-1.140339484856037302e+02
-1.190551580995170724e+02
-1.190551580995170724e+02
-1.190551580995170724e+02
-1.190551580995170724e+02
-1.190551580995170724e+02
-1.190551580995170724e+02
-3.718202169780055044e+01
-3.718202169780055044e+01
-3.718202169780055044e+01
-3.718202169780055044e+01
-3.718202169780055044e+01
-3.718202169780055044e+01
-3.718202169780055044e+01
-3.718202169780055044e+01
-3.718202169780055044e+01
-1.949092846300810322e+01
-1.949092846300810322e+01
-1.949092846300810322e+01
-1.949092846300810322e+01
-1.949092846300810322e+01
-1.949092846300810322e+01
4.755963917534686658e+01
4.755963917534686658e+01
4.755963917534686658e+01
4.755963917534686658e+01
4.755963917534686658e+01
4.755963917534686658e+01
4.755963917534686658e+01
4.755963917534686658e+01
4.755963917534686658e+01
5.166036760090801749e+01
5.166036760090801749e+01
5.166036760090801749e+01
5.166036760090801749e+01
5.166036760090801749e+01
5.166036760090801749e+01
1.299460027881768838e+02
1.299460027881768838e+02
1.299460027881768838e+02
1.299460027881768838e+02
1.299460027881768838e+02
1.299460027881768838e+02
1.299460027881768838e+02
1.299460027881768838e+02
1.299460027881768838e+02
1.709560368562617327e+02
1.709560368562617327e+02
1.709560368562617327e+02
1.709560368562617327e+02
1.709560368562617327e+02
1.709560368562617327e+02
2.159213931352248039e+02
2.159213931352248039e+02
2.159213931352248039e+02
2.159213931352248039e+02
2.159213931352248039e+02
2.159213931352248039e+02
2.159213931352248039e+02
2.159213931352248039e+02
2.159213931352248039e+02
2.135793106531849617e+02
2.135793106531849617e+02
2.135793106531849617e+02
2.135793106531849617e+02
2.135793106531849617e+02
2.135793106531849617e+02
2.846312537434660612e+02
2.846312537434660612e+02
2.846312537434660612e+02
2.846312537434660612e+02
2.846312537434660612e+02
2.846312537434660612e+02
2.846312537434660612e+02
2.846312537434660612e+02
2.846312537434660612e+02
3.160793271731597542e+02
3.160793271731597542e+02
3.160793271731597542e+02
3.160793271731597542e+02
3.160793271731597542e+02
3.160793271731597542e+02
3.160793271731597542e+02
3.160793271731597542e+02
3.160793271731597542e+02
3.160793271731597542e+02
3.160793271731597542e+02
3.160793271731597542e+02
3.160793271731597542e+02
3.160793271731597542e+02
3.160793271731597542e+02
3.248772347656210400e+02
3.248772347656210400e+02
3.248772347656210400e+02
3.248772347656210400e+02
3.248772347656210400e+02
3.248772347656210400e+02
4.368562496651541665e+02
4.368562496651541665e+02
4.368562496651541665e+02
4.368562496651541665e+02
4.368562496651541665e+02
4.368562496651541665e+02
4.368562496651541665e+02
4.368562496651541665e+02
4.368562496651541665e+02
4.812926233028697425e+02
4.812926233028697425e+02
4.812926233028697425e+02
4.812926233028697425e+02
4.812926233028697425e+02
4.812926233028697425e+02
5.404865115333129779e+02
5.404865115333129779e+02
5.404865115333129779e+02
5.404865115333129779e+02
5.404865115333129779e+02
5.404865115333129779e+02
5.404865115333129779e+02
5.404865115333129779e+02
5.404865115333129779e+02
5.532564112197344457e+02
5.532564112197344457e+02
5.532564112197344457e+02
5.532564112197344457e+02
5.532564112197344457e+02
5.532564112197344457e+02
6.132141842924269213e+02
6.132141842924269213e+02
6.132141842924269213e+02
6.132141842924269213e+02
6.132141842924269213e+02
6.132141842924269213e+02
6.132141842924269213e+02
6.132141842924269213e+02
6.132141842924269213e+02
6.454555917676951822e+02
6.454555917676951822e+02
6.454555917676951822e+02
6.454555917676951822e+02
6.454555917676951822e+02
6.454555917676951822e+02
6.647447507162622742e+02
6.647447507162622742e+02
6.647447507162622742e+02
6.647447507162622742e+02
6.647447507162622742e+02
6.647447507162622742e+02
6.647447507162622742e+02
6.647447507162622742e+02
6.647447507162622742e+02
6.703946943713651763e+02
6.703946943713651763e+02
6.703946943713651763e+02
6.703946943713651763e+02
6.703946943713651763e+02
6.703946943713651763e+02
7.715730873623277830e+02
7.715730873623277830e+02
7.715730873623277830e+02
7.715730873623277830e+02
7.715730873623277830e+02
7.715730873623277830e+02
7.715730873623277830e+02
7.715730873623277830e+02
7.715730873623277830e+02
8.087997901266567169e+02
8.087997901266567169e+02
8.087997901266567169e+02
8.087997901266567169e+02
8.087997901266567169e+02
8.087997901266567169e+02
8.684295021102112742e+02
8.684295021102112742e+02
8.684295021102112742e+02
8.684295021102112742e+02
8.684295021102112742e+02
8.684295021102112742e+02
8.684295021102112742e+02
8.684295021102112742e+02
8.684295021102112742e+02
8.897706683639471521e+02
8.897706683639471521e+02
8.897706683639471521e+02
8.897706683639471521e+02
8.897706683639471521e+02
8.897706683639471521e+02
9.734303048863059757e+02
9.734303048863059757e+02
9.734303048863059757e+02
9.734303048863059757e+02
9.734303048863059757e+02
9.734303048863059757e+02
9.734303048863059757e+02
9.734303048863059757e+02
9.734303048863059757e+02
1.002772889320541253e+03
1.002772889320541253e+03
1.002772889320541253e+03
1.002772889320541253e+03
1.002772889320541253e+03
1.002772889320541253e+03
1.052304326231964296e+03
1.052304326231964296e+03
1.052304326231964296e+03
1.052304326231964296e+03
1.052304326231964296e+03
1.052304326231964296e+03
1.052304326231964296e+03
1.052304326231964296e+03
1.052304326231964296e+03
1.065569708696792304e+03
1.065569708696792304e+03
1.065569708696792304e+03
1.065569708696792304e+03
1.065569708696792304e+03
1.065569708696792304e+03
1.172603027618082706e+03
1.172603027618082706e+03
1.172603027618082706e+03
1.172603027618082706e+03
1.172603027618082706e+03
1.172603027618082706e+03
1.172603027618082706e+03
1.172603027618082706e+03
1.172603027618082706e+03
1.214488047875349139e+03
1.214488047875349139e+03
1.214488047875349139e+03
1.214488047875349139e+03
1.214488047875349139e+03
1.214488047875349139e+03
1.214488047875349139e+03
1.214488047875349139e+03
1.214488047875349139e+03
1.214488047875349139e+03
1.214488047875349139e+03
1.214488047875349139e+03
1.214488047875349139e+03
1.214488047875349139e+03
1.214488047875349139e+03
1.237315326776132679e+03
1.237315326776132679e+03
1.237315326776132679e+03
1.237315326776132679e+03
1.237315326776132679e+03
1.237315326776132679e+03
1.317979336884004624e+03
1.317979336884004624e+03
1.317979336884004624e+03
1.317979336884004624e+03
1.317979336884004624e+03
1.317979336884004624e+03
1.317979336884004624e+03
1.317979336884004624e+03
1.317979336884004624e+03
1.338347294618086835e+03
1.338347294618086835e+03
1.338347294618086835e+03
1.338347294618086835e+03
1.338347294618086835e+03
1.338347294618086835e+03
1.364212540152529300e+03
1.364212540152529300e+03
1.364212540152529300e+03
1.364212540152529300e+03
1.364212540152529300e+03
1.364212540152529300e+03
1.364212540152529300e+03
1.364212540152529300e+03
1.364212540152529300e+03
1.387503821441582204e+03
1.387503821441582204e+03
1.387503821441582204e+03
1.387503821441582204e+03
1.387503821441582204e+03
1.387503821441582204e+03
1.471885766865316100e+03
1.471885766865316100e+03
1.471885766865316100e+03
1.471885766865316100e+03
1.471885766865316100e+03
1.471885766865316100e+03
1.471885766865316100e+03
1.471885766865316100e+03
1.471885766865316100e+03
1.509344707868843216e+03
1.509344707868843216e+03
1.509344707868843216e+03
1.509344707868843216e+03
1.509344707868843216e+03
1.509344707868843216e+03
1.529269096007688404e+03
1.529269096007688404e+03
1.529269096007688404e+03
1.529269096007688404e+03
1.529269096007688404e+03
1.529269096007688404e+03
1.529269096007688404e+03
1.529269096007688404e+03
1.529269096007688404e+03
1.564391869481945378e+03
1.564391869481945378e+03
1.564391869481945378e+03
1.564391869481945378e+03
1.564391869481945378e+03
1.564391869481945378e+03
1.623944349955991129e+03
1.623944349955991129e+03
1.623944349955991129e+03
1.623944349955991129e+03
1.623944349955991129e+03
1.623944349955991129e+03
1.623944349955991129e+03
1.623944349955991129e+03
1.623944349955991129e+03
1.649999237979688587e+03
1.649999237979688587e+03
1.649999237979688587e+03
1.649999237979688587e+03
1.649999237979688587e+03
1.649999237979688587e+03
1.683084084359307553e+03
1.683084084359307553e+03
1.683084084359307553e+03
1.683084084359307553e+03
1.683084084359307553e+03
1.683084084359307553e+03
1.683084084359307553e+03
1.683084084359307553e+03
1.683084084359307553e+03
1.718629124789059915e+03
1.718629124789059915e+03
1.718629124789059915e+03
1.718629124789059915e+03
1.718629124789059915e+03
1.718629124789059915e+03
1.796428844366764679e+03
1.796428844366764679e+03
1.796428844366764679e+03
1.796428844366764679e+03
1.796428844366764679e+03
1.796428844366764679e+03
1.796428844366764679e+03
1.796428844366764679e+03
1.796428844366764679e+03
1.838441721673274060e+03
1.838441721673274060e+03
1.838441721673274060e+03
1.838441721673274060e+03
1.838441721673274060e+03
1.838441721673274060e+03
1.868484653783351177e+03
1.868484653783351177e+03
1.868484653783351177e+03
1.868484653783351177e+03
1.868484653783351177e+03
1.868484653783351177e+03
1.868484653783351177e+03
1.868484653783351177e+03
1.868484653783351177e+03
1.894392458451067341e+03
1.894392458451067341e+03
1.894392458451067341e+03
1.894392458451067341e+03
1.894392458451067341e+03
1.894392458451067341e+03
1.970560296107019667e+03
1.970560296107019667e+03
1.970560296107019667e+03
1.970560296107019667e+03
1.970560296107019667e+03
1.970560296107019667e+03
1.970560296107019667e+03
1.970560296107019667e+03
1.970560296107019667e+03
2.003812831431320774e+03
2.003812831431320774e+03
2.003812831431320774e+03
2.003812831431320774e+03
2.003812831431320774e+03
2.003812831431320774e+03
2.003812831431320774e+03
2.003812831431320774e+03
2.003812831431320774e+03
2.003812831431320774e+03
2.003812831431320774e+03
2.003812831431320774e+03
2.003812831431320774e+03
2.003812831431320774e+03
2.003812831431320774e+03
2.056071600485863200e+03
2.056071600485863200e+03
2.056071600485863200e+03
2.056071600485863200e+03
2.056071600485863200e+03
2.056071600485863200e+03
2.133986602001055871e+03
2.133986602001055871e+03
2.133986602001055871e+03
2.133986602001055871e+03
2.133986602001055871e+03
2.133986602001055871e+03
2.133986602001055871e+03
2.133986602001055871e+03
2.133986602001055871e+03
2.178395991789549953e+03
2.178395991789549953e+03
2.178395991789549953e+03
2.178395991789549953e+03
2.178395991789549953e+03
2.178395991789549953e+03
2.198916250561201196e+03
2.198916250561201196e+03
2.198916250561201196e+03
2.198916250561201196e+03
2.198916250561201196e+03
2.198916250561201196e+03
2.198916250561201196e+03
2.198916250561201196e+03
2.198916250561201196e+03
2.247873215209768659e+03
2.247873215209768659e+03
2.247873215209768659e+03
2.247873215209768659e+03
2.247873215209768659e+03
2.247873215209768659e+03
2.309944720812080959e+03
2.309944720812080959e+03
2.309944720812080959e+03
2.309944720812080959e+03
2.309944720812080959e+03
2.309944720812080959e+03
2.309944720812080959e+03
2.309944720812080959e+03
2.309944720812080959e+03
2.350700953232368192e+03
2.350700953232368192e+03
2.350700953232368192e+03
2.350700953232368192e+03
2.350700953232368192e+03
2.350700953232368192e+03
2.400532449828648168e+03
2.400532449828648168e+03
2.400532449828648168e+03
2.400532449828648168e+03
2.400532449828648168e+03
2.400532449828648168e+03
2.400532449828648168e+03
2.400532449828648168e+03
2.400532449828648168e+03
2.440609090513248248e+03
2.440609090513248248e+03
2.440609090513248248e+03
2.440609090513248248e+03
2.440609090513248248e+03
2.440609090513248248e+03
2.490535592618082774e+03
2.490535592618082774e+03
2.490535592618082774e+03
2.490535592618082774e+03
2.490535592618082774e+03
2.490535592618082774e+03
2.490535592618082774e+03
2.490535592618082774e+03
2.490535592618082774e+03
2.507248552080614900e+03
2.507248552080614900e+03
2.507248552080614900e+03
2.507248552080614900e+03
2.507248552080614900e+03
2.507248552080614900e+03
2.530478956610740170e+03
2.530478956610740170e+03
2.530478956610740170e+03
2.530478956610740170e+03
2.530478956610740170e+03
2.530478956610740170e+03
2.530478956610740170e+03
2.530478956610740170e+03
2.530478956610740170e+03
2.589144507000421982e+03
2.589144507000421982e+03
2.589144507000421982e+03
2.589144507000421982e+03
2.589144507000421982e+03
2.589144507000421982e+03
2.660604163715310278e+03
2.660604163715310278e+03
2.660604163715310278e+03
2.660604163715310278e+03
2.660604163715310278e+03
2.660604163715310278e+03
2.660604163715310278e+03
2.660604163715310278e+03
2.660604163715310278e+03
2.682939289317203475e+03
2.682939289317203475e+03
2.682939289317203475e+03
2.682939289317203475e+03
2.682939289317203475e+03
2.682939289317203475e+03
2.702139943991566724e+03
2.702139943991566724e+03
2.702139943991566724e+03
2.702139943991566724e+03
2.702139943991566724e+03
2.702139943991566724e+03
2.702139943991566724e+03
2.702139943991566724e+03
2.702139943991566724e+03
2.781150669294365798e+03
2.781150669294365798e+03
2.781150669294365798e+03
2.781150669294365798e+03
2.781150669294365798e+03
2.781150669294365798e+03
2.800920631189384949e+03
2.800920631189384949e+03
2.800920631189384949e+03
2.800920631189384949e+03
2.800920631189384949e+03
2.800920631189384949e+03
2.800920631189384949e+03
2.800920631189384949e+03
2.800920631189384949e+03
2.846230536276145358e+03
2.846230536276145358e+03
2.846230536276145358e+03
2.846230536276145358e+03
2.846230536276145358e+03
2.846230536276145358e+03
2.846230536276145358e+03
2.846230536276145358e+03
2.846230536276145358e+03
2.846230536276145358e+03
2.846230536276145358e+03
2.846230536276145358e+03
2.846230536276145358e+03
2.846230536276145358e+03
2.846230536276145358e+03
2.932192589843511541e+03
2.932192589843511541e+03
2.932192589843511541e+03
2.932192589843511541e+03
2.932192589843511541e+03
2.932192589843511541e+03
3.015663984444711787e+03
3.015663984444711787e+03
3.015663984444711787e+03
3.015663984444711787e+03
3.015663984444711787e+03
3.015663984444711787e+03
3.015663984444711787e+03
3.015663984444711787e+03
3.015663984444711787e+03
3.039421184322674890e+03
3.039421184322674890e+03
3.039421184322674890e+03
3.039421184322674890e+03
3.039421184322674890e+03
3.039421184322674890e+03
3.048544721346082952e+03
3.048544721346082952e+03
3.048544721346082952e+03
3.048544721346082952e+03
3.048544721346082952e+03
3.048544721346082952e+03
3.048544721346082952e+03
3.048544721346082952e+03
3.048544721346082952e+03
3.136585786886003916e+03
3.136585786886003916e+03
3.136585786886003916e+03
3.136585786886003916e+03
3.136585786886003916e+03
3.136585786886003916e+03
3.123832738613002675e+03
3.123832738613002675e+03
3.123832738613002675e+03
3.123832738613002675e+03
3.123832738613002675e+03
3.123832738613002675e+03
3.123832738613002675e+03
3.123832738613002675e+03
3.123832738613002675e+03
3.151844835839685402e+03
3.151844835839685402e+03
3.151844835839685402e+03
3.151844835839685402e+03
3.151844835839685402e+03
3.151844835839685402e+03
3.213035273857149150e+03
3.213035273857149150e+03
3.213035273857149150e+03
3.213035273857149150e+03
3.213035273857149150e+03
3.213035273857149150e+03
3.213035273857149150e+03
3.213035273857149150e+03
3.213035273857149150e+03
3.288727989465412065e+03
3.288727989465412065e+03
3.288727989465412065e+03
3.288727989465412065e+03
3.288727989465412065e+03
3.288727989465412065e+03
3.309581042600820183e+03
3.309581042600820183e+03
3.309581042600820183e+03
3.309581042600820183e+03
3.309581042600820183e+03
3.309581042600820183e+03
3.309581042600820183e+03
3.309581042600820183e+03
3.309581042600820183e+03
3.346450064333686896e+03
3.346450064333686896e+03
3.346450064333686896e+03
3.346450064333686896e+03
3.346450064333686896e+03
3.346450064333686896e+03
3.352873165150566365e+03
3.352873165150566365e+03
3.352873165150566365e+03
3.352873165150566365e+03
3.352873165150566365e+03
3.352873165150566365e+03
3.352873165150566365e+03
3.352873165150566365e+03
3.352873165150566365e+03
3.431673990544917615e+03
3.431673990544917615e+03
3.431673990544917615e+03
3.431673990544917615e+03
3.431673990544917615e+03
3.431673990544917615e+03
3.538582441068379921e+03
3.538582441068379921e+03
3.538582441068379921e+03
3.538582441068379921e+03
3.538582441068379921e+03
3.538582441068379921e+03
3.538582441068379921e+03
3.538582441068379921e+03
3.538582441068379921e+03
3.565200309601218578e+03
3.565200309601218578e+03
3.565200309601218578e+03
3.565200309601218578e+03
3.565200309601218578e+03
3.565200309601218578e+03
3.550203192794239385e+03
3.550203192794239385e+03
3.550203192794239385e+03
3.550203192794239385e+03
3.550203192794239385e+03
3.550203192794239385e+03
3.550203192794239385e+03
3.550203192794239385e+03
3.550203192794239385e+03
3.674002132149693352e+03
3.674002132149693352e+03
3.674002132149693352e+03
3.674002132149693352e+03
3.674002132149693352e+03
3.674002132149693352e+03
3.662308092694544030e+03
3.662308092694544030e+03
3.662308092694544030e+03
3.662308092694544030e+03
3.662308092694544030e+03
3.662308092694544030e+03
3.662308092694544030e+03
3.662308092694544030e+03
3.662308092694544030e+03
3.684049119523575882e+03
3.684049119523575882e+03
3.684049119523575882e+03
3.684049119523575882e+03
3.684049119523575882e+03
3.684049119523575882e+03
3.684049119523575882e+03
3.684049119523575882e+03
3.684049119523575882e+03
3.684049119523575882e+03
3.684049119523575882e+03
3.684049119523575882e+03
3.684049119523575882e+03
3.684049119523575882e+03
3.684049119523575882e+03
3.777510633111092829e+03
3.777510633111092829e+03
3.777510633111092829e+03
3.777510633111092829e+03
3.777510633111092829e+03
3.777510633111092829e+03
3.888465171280180130e+03
3.888465171280180130e+03
3.888465171280180130e+03
3.888465171280180130e+03
3.888465171280180130e+03
3.888465171280180130e+03
3.888465171280180130e+03
3.888465171280180130e+03
3.888465171280180130e+03
3.910782698582790999e+03
3.910782698582790999e+03
3.910782698582790999e+03
3.910782698582790999e+03
3.910782698582790999e+03
3.910782698582790999e+03
3.899318238927176935e+03
3.899318238927176935e+03
3.899318238927176935e+03
3.899318238927176935e+03
3.899318238927176935e+03
3.899318238927176935e+03
3.899318238927176935e+03
3.899318238927176935e+03
3.899318238927176935e+03
3.997918081361903660e+03
3.997918081361903660e+03
3.997918081361903660e+03
3.997918081361903660e+03
3.997918081361903660e+03
3.997918081361903660e+03
3.988247630798052796e+03
3.988247630798052796e+03
3.988247630798052796e+03
3.988247630798052796e+03
3.988247630798052796e+03
3.988247630798052796e+03
3.988247630798052796e+03
3.988247630798052796e+03
3.988247630798052796e+03
4.006916660857739316e+03
4.006916660857739316e+03
4.006916660857739316e+03
4.006916660857739316e+03
4.006916660857739316e+03
4.006916660857739316e+03
4.057150178291031807e+03
4.057150178291031807e+03
4.057150178291031807e+03
4.057150178291031807e+03
4.057150178291031807e+03
4.057150178291031807e+03
4.057150178291031807e+03
4.057150178291031807e+03
4.057150178291031807e+03
4.213139318764994641e+03
4.213139318764994641e+03
4.213139318764994641e+03
4.213139318764994641e+03
4.213139318764994641e+03
4.213139318764994641e+03
4.196696439913077484e+03
4.196696439913077484e+03
4.196696439913077484e+03
4.196696439913077484e+03
4.196696439913077484e+03
4.196696439913077484e+03
4.196696439913077484e+03
4.196696439913077484e+03
4.196696439913077484e+03
4.246107821515050091e+03
4.246107821515050091e+03
4.246107821515050091e+03
4.246107821515050091e+03
4.246107821515050091e+03
4.246107821515050091e+03
4.208755233005951595e+03
4.208755233005951595e+03
4.208755233005951595e+03
4.208755233005951595e+03
4.208755233005951595e+03
4.208755233005951595e+03
4.208755233005951595e+03
4.208755233005951595e+03
4.208755233005951595e+03
4.327361374652122322e+03
4.327361374652122322e+03
4.327361374652122322e+03
4.327361374652122322e+03
4.327361374652122322e+03
4.327361374652122322e+03
4.404570271440984470e+03
4.404570271440984470e+03
4.404570271440984470e+03
4.404570271440984470e+03
4.404570271440984470e+03
4.404570271440984470e+03
4.404570271440984470e+03
4.404570271440984470e+03
4.404570271440984470e+03
4.453375446115285740e+03
4.453375446115285740e+03
4.453375446115285740e+03
4.453375446115285740e+03
4.453375446115285740e+03
4.453375446115285740e+03
4.419677962237612519e+03
4.419677962237612519e+03
4.419677962237612519e+03
4.419677962237612519e+03
4.419677962237612519e+03
4.419677962237612519e+03
4.419677962237612519e+03
4.419677962237612519e+03
4.419677962237612519e+03
4.552160680381325619e+03
4.552160680381325619e+03
4.552160680381325619e+03
4.552160680381325619e+03
4.552160680381325619e+03
4.552160680381325619e+03
4.512684162632389416e+03
4.512684162632389416e+03
4.512684162632389416e+03
4.512684162632389416e+03
4.512684162632389416e+03
4.512684162632389416e+03
4.512684162632389416e+03
4.512684162632389416e+03
4.512684162632389416e+03
4.526246727829347037e+03
4.526246727829347037e+03
4.526246727829347037e+03
4.526246727829347037e+03
4.526246727829347037e+03
4.526246727829347037e+03
4.526246727829347037e+03
4.526246727829347037e+03
4.526246727829347037e+03
4.526246727829347037e+03
4.526246727829347037e+03
4.526246727829347037e+03
4.526246727829347037e+03
4.526246727829347037e+03
4.526246727829347037e+03
4.661346104766365897e+03
4.661346104766365897e+03
4.661346104766365897e+03
4.661346104766365897e+03
4.661346104766365897e+03
4.661346104766365897e+03
4.692412374403773356e+03
4.692412374403773356e+03
4.692412374403773356e+03
4.692412374403773356e+03
4.692412374403773356e+03
4.692412374403773356e+03
4.692412374403773356e+03
4.692412374403773356e+03
4.692412374403773356e+03
4.727459841761729876e+03
4.727459841761729876e+03
4.727459841761729876e+03
4.727459841761729876e+03
4.727459841761729876e+03
4.727459841761729876e+03
4.670894349267444341e+03
4.670894349267444341e+03
4.670894349267444341e+03
4.670894349267444341e+03
4.670894349267444341e+03
4.670894349267444341e+03
4.670894349267444341e+03
4.670894349267444341e+03
4.670894349267444341e+03
4.809342575678321737e+03
4.809342575678321737e+03
4.809342575678321737e+03
4.809342575678321737e+03
4.809342575678321737e+03
4.809342575678321737e+03
4.865318476616655971e+03
4.865318476616655971e+03
4.865318476616655971e+03
4.865318476616655971e+03
4.865318476616655971e+03
4.865318476616655971e+03
4.865318476616655971e+03
4.865318476616655971e+03
4.865318476616655971e+03
4.865344674142658732e+03
4.865344674142658732e+03
4.865344674142658732e+03
4.865344674142658732e+03
4.865344674142658732e+03
4.865344674142658732e+03
4.909132370607598205e+03
4.909132370607598205e+03
4.909132370607598205e+03
4.909132370607598205e+03
4.909132370607598205e+03
4.909132370607598205e+03
4.909132370607598205e+03
4.909132370607598205e+03
4.909132370607598205e+03
5.110175421457203811e+03
5.110175421457203811e+03
5.110175421457203811e+03
5.110175421457203811e+03
5.110175421457203811e+03
5.110175421457203811e+03
4.983122999018587507e+03
4.983122999018587507e+03
4.983122999018587507e+03
4.983122999018587507e+03
4.983122999018587507e+03
4.983122999018587507e+03
4.983122999018587507e+03
4.983122999018587507e+03
4.983122999018587507e+03
5.010886714521881004e+03
5.010886714521881004e+03
5.010886714521881004e+03
5.010886714521881004e+03
5.010886714521881004e+03
5.010886714521881004e+03
4.931508615952837317e+03
4.931508615952837317e+03
4.931508615952837317e+03
4.931508615952837317e+03
4.931508615952837317e+03
4.931508615952837317e+03
4.931508615952837317e+03
4.931508615952837317e+03
4.931508615952837317e+03
5.087656130842915445e+03
5.087656130842915445e+03
5.087656130842915445e+03
5.087656130842915445e+03
5.087656130842915445e+03
5.087656130842915445e+03
5.272095087968767984e+03
5.272095087968767984e+03
5.272095087968767984e+03
5.272095087968767984e+03
5.272095087968767984e+03
5.272095087968767984e+03
5.272095087968767984e+03
5.272095087968767984e+03
5.272095087968767984e+03
5.295203524794149416e+03
5.295203524794149416e+03
5.295203524794149416e+03
5.295203524794149416e+03
5.295203524794149416e+03
5.295203524794149416e+03
5.230540290992531482e+03
5.230540290992531482e+03
5.230540290992531482e+03
5.230540290992531482e+03
5.230540290992531482e+03
5.230540290992531482e+03
5.230540290992531482e+03
5.230540290992531482e+03
5.230540290992531482e+03
5.430339657860256921e+03
5.430339657860256921e+03
5.430339657860256921e+03
5.430339657860256921e+03
5.430339657860256921e+03
5.430339657860256921e+03
5.245171737683739593e+03
5.245171737683739593e+03
5.245171737683739593e+03
5.245171737683739593e+03
5.245171737683739593e+03
5.245171737683739593e+03
5.245171737683739593e+03
5.245171737683739593e+03
5.245171737683739593e+03
5.279318819948841337e+03
5.279318819948841337e+03
5.279318819948841337e+03
5.279318819948841337e+03
5.279318819948841337e+03
5.279318819948841337e+03
5.279318819948841337e+03
5.279318819948841337e+03
5.279318819948841337e+03
5.279318819948841337e+03
5.279318819948841337e+03
5.279318819948841337e+03
5.279318819948841337e+03
5.279318819948841337e+03
5.279318819948841337e+03
5.440681059932616336e+03
5.440681059932616336e+03
5.440681059932616336e+03
5.440681059932616336e+03
5.440681059932616336e+03
5.440681059932616336e+03
5.554276331551944168e+03
5.554276331551944168e+03
5.554276331551944168e+03
5.554276331551944168e+03
5.554276331551944168e+03
5.554276331551944168e+03
5.554276331551944168e+03
5.554276331551944168e+03
5.554276331551944168e+03
5.607560645205450783e+03
5.607560645205450783e+03
5.607560645205450783e+03
5.607560645205450783e+03
5.607560645205450783e+03
5.607560645205450783e+03
5.487699338483722386e+03
5.487699338483722386e+03
5.487699338483722386e+03
5.487699338483722386e+03
5.487699338483722386e+03
5.487699338483722386e+03
5.487699338483722386e+03
5.487699338483722386e+03
5.487699338483722386e+03
5.633665372914903855e+03
5.633665372914903855e+03
5.633665372914903855e+03
5.633665372914903855e+03
5.633665372914903855e+03
5.633665372914903855e+03
5.598469731682103884e+03
5.598469731682103884e+03
5.598469731682103884e+03
5.598469731682103884e+03
5.598469731682103884e+03
5.598469731682103884e+03
5.598469731682103884e+03
5.598469731682103884e+03
5.598469731682103884e+03
5.632775486720481240e+03
5.632775486720481240e+03
5.632775486720481240e+03
5.632775486720481240e+03
5.632775486720481240e+03
5.632775486720481240e+03
5.683170873889664108e+03
5.683170873889664108e+03
5.683170873889664108e+03
5.683170873889664108e+03
5.683170873889664108e+03
5.683170873889664108e+03
5.683170873889664108e+03
5.683170873889664108e+03
5.683170873889664108e+03
5.944699401004135325e+03
5.944699401004135325e+03
5.944699401004135325e+03
5.944699401004135325e+03
5.944699401004135325e+03
5.944699401004135325e+03
5.918089155215038772e+03
5.918089155215038772e+03
5.918089155215038772e+03
5.918089155215038772e+03
5.918089155215038772e+03
5.918089155215038772e+03
5.918089155215038772e+03
5.918089155215038772e+03
5.918089155215038772e+03
5.968350569018932219e+03
5.968350569018932219e+03
5.968350569018932219e+03
5.968350569018932219e+03
5.968350569018932219e+03
5.968350569018932219e+03
5.900660302442736793e+03
5.900660302442736793e+03
5.900660302442736793e+03
5.900660302442736793e+03
5.900660302442736793e+03
5.900660302442736793e+03
5.900660302442736793e+03
5.900660302442736793e+03
5.900660302442736793e+03
6.036185171989292940e+03
6.036185171989292940e+03
6.036185171989292940e+03
6.036185171989292940e+03
6.036185171989292940e+03
6.036185171989292940e+03
6.125506549445843120e+03
6.125506549445843120e+03
6.125506549445843120e+03
6.125506549445843120e+03
6.125506549445843120e+03
6.125506549445843120e+03
6.125506549445843120e+03
6.125506549445843120e+03
6.125506549445843120e+03
6.153922996346301261e+03
6.153922996346301261e+03
6.153922996346301261e+03
6.153922996346301261e+03
6.153922996346301261e+03
6.153922996346301261e+03
6.015742688834163346e+03
6.015742688834163346e+03
6.015742688834163346e+03
6.015742688834163346e+03
6.015742688834163346e+03
6.015742688834163346e+03
6.015742688834163346e+03
6.015742688834163346e+03
6.015742688834163346e+03
6.296580278178267690e+03
6.296580278178267690e+03
6.296580278178267690e+03
6.296580278178267690e+03
6.296580278178267690e+03
6.296580278178267690e+03
6.202246672516425861e+03
6.202246672516425861e+03
6.202246672516425861e+03
6.202246672516425861e+03
6.202246672516425861e+03
6.202246672516425861e+03
6.202246672516425861e+03
6.202246672516425861e+03
6.202246672516425861e+03
6.201343626121502894e+03
6.201343626121502894e+03
6.201343626121502894e+03
6.201343626121502894e+03
6.201343626121502894e+03
6.201343626121502894e+03
6.201343626121502894e+03
6.201343626121502894e+03
6.201343626121502894e+03
6.201343626121502894e+03
6.201343626121502894e+03
6.201343626121502894e+03
6.201343626121502894e+03
6.201343626121502894e+03
6.201343626121502894e+03
6.366729141218438599e+03
6.366729141218438599e+03
6.366729141218438599e+03
6.366729141218438599e+03
6.366729141218438599e+03
6.366729141218438599e+03
6.405694199360899802e+03
6.405694199360899802e+03
6.405694199360899802e+03
6.405694199360899802e+03
6.405694199360899802e+03
6.405694199360899802e+03
6.405694199360899802e+03
6.405694199360899802e+03
6.405694199360899802e+03
6.428073775442951955e+03
6.428073775442951955e+03
6.428073775442951955e+03
6.428073775442951955e+03
6.428073775442951955e+03
6.428073775442951955e+03
6.284253815606027274e+03
6.284253815606027274e+03
6.284253815606027274e+03
6.284253815606027274e+03
6.284253815606027274e+03
6.284253815606027274e+03
6.284253815606027274e+03
6.284253815606027274e+03
6.284253815606027274e+03
6.441343157780353067e+03
6.441343157780353067e+03
6.441343157780353067e+03
6.441343157780353067e+03
6.441343157780353067e+03
6.441343157780353067e+03
6.535557148159431563e+03
6.535557148159431563e+03
6.535557148159431563e+03
6.535557148159431563e+03
6.535557148159431563e+03
6.535557148159431563e+03
6.535557148159431563e+03
6.535557148159431563e+03
6.535557148159431563e+03
6.567993106120711673e+03
6.567993106120711673e+03
6.567993106120711673e+03
6.567993106120711673e+03
6.567993106120711673e+03
6.567993106120711673e+03
6.585353091165722617e+03
6.585353091165722617e+03
6.585353091165722617e+03
6.585353091165722617e+03
6.585353091165722617e+03
6.585353091165722617e+03
6.585353091165722617e+03
6.585353091165722617e+03
6.585353091165722617e+03
6.914824282810171098e+03
6.914824282810171098e+03
6.914824282810171098e+03
6.914824282810171098e+03
6.914824282810171098e+03
6.914824282810171098e+03
6.739455713517512777e+03
6.739455713517512777e+03
6.739455713517512777e+03
6.739455713517512777e+03
6.739455713517512777e+03
6.739455713517512777e+03
6.739455713517512777e+03
6.739455713517512777e+03
6.739455713517512777e+03
6.872837311756964482e+03
6.872837311756964482e+03
6.872837311756964482e+03
6.872837311756964482e+03
6.872837311756964482e+03
6.872837311756964482e+03
6.713823820345786771e+03
6.713823820345786771e+03
6.713823820345786771e+03
6.713823820345786771e+03
6.713823820345786771e+03
6.713823820345786771e+03
6.713823820345786771e+03
6.713823820345786771e+03
6.713823820345786771e+03
6.900784009940423857e+03
6.900784009940423857e+03
6.900784009940423857e+03
6.900784009940423857e+03
6.900784009940423857e+03
6.900784009940423857e+03
7.144934721760655520e+03
7.144934721760655520e+03
7.144934721760655520e+03
7.144934721760655520e+03
7.144934721760655520e+03
7.144934721760655520e+03
7.144934721760655520e+03
7.144934721760655520e+03
7.144934721760655520e+03
7.182388537528547204e+03
7.182388537528547204e+03
7.182388537528547204e+03
7.182388537528547204e+03
7.182388537528547204e+03
7.182388537528547204e+03
7.070302086642487666e+03
7.070302086642487666e+03
7.070302086642487666e+03
7.070302086642487666e+03
7.070302086642487666e+03
7.070302086642487666e+03
7.070302086642487666e+03
7.070302086642487666e+03
7.070302086642487666e+03
7.363838648954360906e+03
7.363838648954360906e+03
7.363838648954360906e+03
7.363838648954360906e+03
7.363838648954360906e+03
7.363838648954360906e+03
7.030407217409355326e+03
7.030407217409355326e+03
7.030407217409355326e+03
7.030407217409355326e+03
7.030407217409355326e+03
7.030407217409355326e+03
7.030407217409355326e+03
7.030407217409355326e+03
7.030407217409355326e+03
6.979008188609757781e+03
6.979008188609757781e+03
6.979008188609757781e+03
6.979008188609757781e+03
6.979008188609757781e+03
6.979008188609757781e+03
6.979008188609757781e+03
6.979008188609757781e+03
6.979008188609757781e+03
6.979008188609757781e+03
6.979008188609757781e+03
6.979008188609757781e+03
6.979008188609757781e+03
6.979008188609757781e+03
6.979008188609757781e+03
7.131357320069266279e+03
7.131357320069266279e+03
7.131357320069266279e+03
7.131357320069266279e+03
7.131357320069266279e+03
7.131357320069266279e+03
7.241213658718130318e+03
7.241213658718130318e+03
7.241213658718130318e+03
7.241213658718130318e+03
7.241213658718130318e+03
7.241213658718130318e+03
7.241213658718130318e+03
7.241213658718130318e+03
7.241213658718130318e+03
7.348850724865957091e+03
7.348850724865957091e+03
7.348850724865957091e+03
7.348850724865957091e+03
7.348850724865957091e+03
7.348850724865957091e+03
7.271543821368163663e+03
7.271543821368163663e+03
7.271543821368163663e+03
7.271543821368163663e+03
7.271543821368163663e+03
7.271543821368163663e+03
7.271543821368163663e+03
7.271543821368163663e+03
7.271543821368163663e+03
7.479271915022819485e+03
7.479271915022819485e+03
7.479271915022819485e+03
7.479271915022819485e+03
7.479271915022819485e+03
7.479271915022819485e+03
7.541443099328447715e+03
7.541443099328447715e+03
7.541443099328447715e+03
7.541443099328447715e+03
7.541443099328447715e+03
7.541443099328447715e+03
7.541443099328447715e+03
7.541443099328447715e+03
7.541443099328447715e+03
7.538442644284787093e+03
7.538442644284787093e+03
7.538442644284787093e+03
7.538442644284787093e+03
7.538442644284787093e+03
7.538442644284787093e+03
7.542146156232202884e+03
7.542146156232202884e+03
7.542146156232202884e+03
7.542146156232202884e+03
7.542146156232202884e+03
7.542146156232202884e+03
7.542146156232202884e+03
7.542146156232202884e+03
7.542146156232202884e+03
7.888253560724045201e+03
7.888253560724045201e+03
7.888253560724045201e+03
7.888253560724045201e+03
7.888253560724045201e+03
7.888253560724045201e+03
7.671711813554153196e+03
7.671711813554153196e+03
7.671711813554153196e+03
7.671711813554153196e+03
7.671711813554153196e+03
7.671711813554153196e+03
7.671711813554153196e+03
7.671711813554153196e+03
7.671711813554153196e+03
7.695128232182479223e+03
7.695128232182479223e+03
7.695128232182479223e+03
7.695128232182479223e+03
7.695128232182479223e+03
7.695128232182479223e+03
7.517227864745364059e+03
7.517227864745364059e+03
7.517227864745364059e+03
7.517227864745364059e+03
7.517227864745364059e+03
7.517227864745364059e+03
7.517227864745364059e+03
7.517227864745364059e+03
7.517227864745364059e+03
7.697630523018180611e+03
7.697630523018180611e+03
7.697630523018180611e+03
7.697630523018180611e+03
7.697630523018180611e+03
7.697630523018180611e+03
7.748380718791288018e+03
7.748380718791288018e+03
7.748380718791288018e+03
7.748380718791288018e+03
7.748380718791288018e+03
7.748380718791288018e+03
7.748380718791288018e+03
7.748380718791288018e+03
7.748380718791288018e+03
7.834251438331560166e+03
7.834251438331560166e+03
7.834251438331560166e+03
7.834251438331560166e+03
7.834251438331560166e+03
7.834251438331560166e+03
7.740068327041209159e+03
7.740068327041209159e+03
7.740068327041209159e+03
7.740068327041209159e+03
7.740068327041209159e+03
7.740068327041209159e+03
7.740068327041209159e+03
7.740068327041209159e+03
7.740068327041209159e+03
8.168075227154364256e+03
8.168075227154364256e+03
8.168075227154364256e+03
8.168075227154364256e+03
8.168075227154364256e+03
8.168075227154364256e+03
7.893963455320120374e+03
7.893963455320120374e+03
7.893963455320120374e+03
7.893963455320120374e+03
7.893963455320120374e+03
7.893963455320120374e+03
7.893963455320120374e+03
7.893963455320120374e+03
7.893963455320120374e+03
7.879723622364859693e+03
7.879723622364859693e+03
7.879723622364859693e+03
7.879723622364859693e+03
7.879723622364859693e+03
7.879723622364859693e+03
7.879723622364859693e+03
7.879723622364859693e+03
7.879723622364859693e+03
7.879723622364859693e+03
7.879723622364859693e+03
7.879723622364859693e+03
7.879723622364859693e+03
7.879723622364859693e+03
7.879723622364859693e+03
8.054094825717520507e+03
8.054094825717520507e+03
8.054094825717520507e+03
8.054094825717520507e+03
8.054094825717520507e+03
8.054094825717520507e+03
8.010787584757537843e+03
8.010787584757537843e+03
8.010787584757537843e+03
8.010787584757537843e+03
8.010787584757537843e+03
8.010787584757537843e+03
8.010787584757537843e+03
8.010787584757537843e+03
8.010787584757537843e+03
8.024123015302931890e+03
8.024123015302931890e+03
8.024123015302931890e+03
8.024123015302931890e+03
8.024123015302931890e+03
7.904389069869833293e+03
7.904389069869833293e+03
7.904389069869833293e+03
7.904389069869833293e+03
7.904389069869833293e+03
7.904389069869833293e+03
7.904389069869833293e+03
7.904389069869833293e+03
7.904389069869833293e+03
7.904389069869833293e+03
8.083178049139943141e+03
8.083178049139943141e+03
8.083178049139943141e+03
8.083178049139943141e+03
8.083178049139943141e+03
8.169293977630893096e+03
8.169293977630893096e+03
8.169293977630893096e+03
8.169293977630893096e+03
8.169293977630893096e+03
8.169293977630893096e+03
8.169293977630893096e+03
8.169293977630893096e+03
8.169293977630893096e+03
8.169293977630893096e+03
8.186152177723520253e+03
8.186152177723520253e+03
8.186152177723520253e+03
8.186152177723520253e+03
8.186152177723520253e+03
8.165270859949160695e+03
8.165270859949160695e+03
8.165270859949160695e+03
8.165270859949160695e+03
8.165270859949160695e+03
8.165270859949160695e+03
8.165270859949160695e+03
8.165270859949160695e+03
8.165270859949160695e+03
8.165270859949160695e+03
8.591992316879273858e+03
8.591992316879273858e+03
8.591992316879273858e+03
8.591992316879273858e+03
8.591992316879273858e+03
8.408103847299169502e+03
8.408103847299169502e+03
8.408103847299169502e+03
8.408103847299169502e+03
8.408103847299169502e+03
8.408103847299169502e+03
8.408103847299169502e+03
8.408103847299169502e+03
8.408103847299169502e+03
8.408103847299169502e+03
8.534181401743748211e+03
8.534181401743748211e+03
8.534181401743748211e+03
8.534181401743748211e+03
8.534181401743748211e+03
8.375410471423818308e+03
8.375410471423818308e+03
8.375410471423818308e+03
8.375410471423818308e+03
8.375410471423818308e+03
8.375410471423818308e+03
8.375410471423818308e+03
8.375410471423818308e+03
8.375410471423818308e+03
8.375410471423818308e+03
8.552381889374139064e+03
8.552381889374139064e+03
8.552381889374139064e+03
8.552381889374139064e+03
8.552381889374139064e+03
8.766516457082529087e+03
8.766516457082529087e+03
8.766516457082529087e+03
8.766516457082529087e+03
8.766516457082529087e+03
8.766516457082529087e+03
8.766516457082529087e+03
8.766516457082529087e+03
8.766516457082529087e+03
8.766516457082529087e+03
8.854266237474836089e+03
8.854266237474836089e+03
8.854266237474836089e+03
8.854266237474836089e+03
8.854266237474836089e+03
8.655308264096796847e+03
8.655308264096796847e+03
8.655308264096796847e+03
8.655308264096796847e+03
8.655308264096796847e+03
8.655308264096796847e+03
8.655308264096796847e+03
8.655308264096796847e+03
8.655308264096796847e+03
8.655308264096796847e+03
8.860474363718029053e+03
8.860474363718029053e+03
8.860474363718029053e+03
8.860474363718029053e+03
8.860474363718029053e+03
8.525753105017827693e+03
8.525753105017827693e+03
8.525753105017827693e+03
8.525753105017827693e+03
8.525753105017827693e+03
8.525753105017827693e+03
8.525753105017827693e+03
8.525753105017827693e+03
8.525753105017827693e+03
8.525753105017827693e+03
8.471463025116107019e+03
8.471463025116107019e+03
8.471463025116107019e+03
8.471463025116107019e+03
8.471463025116107019e+03
8.471463025116107019e+03
8.471463025116107019e+03
8.471463025116107019e+03
8.471463025116107019e+03
8.471463025116107019e+03
8.471463025116107019e+03
8.471463025116107019e+03
8.471463025116107019e+03
8.471463025116107019e+03
8.471463025116107019e+03
8.672290822198559908e+03
8.672290822198559908e+03
8.672290822198559908e+03
8.672290822198559908e+03
8.672290822198559908e+03
8.786699390852627403e+03
8.786699390852627403e+03
8.786699390852627403e+03
8.786699390852627403e+03
8.786699390852627403e+03
8.786699390852627403e+03
8.786699390852627403e+03
8.786699390852627403e+03
8.786699390852627403e+03
8.786699390852627403e+03
8.936916628021344877e+03
8.936916628021344877e+03
8.936916628021344877e+03
8.936916628021344877e+03
8.936916628021344877e+03
8.813065121224775794e+03
8.813065121224775794e+03
8.813065121224775794e+03
8.813065121224775794e+03
8.813065121224775794e+03
8.813065121224775794e+03
8.813065121224775794e+03
8.813065121224775794e+03
8.813065121224775794e+03
8.813065121224775794e+03
9.039355437193680700e+03
9.039355437193680700e+03
9.039355437193680700e+03
9.039355437193680700e+03
9.039355437193680700e+03
9.269707175729819937e+03
9.269707175729819937e+03
9.269707175729819937e+03
9.269707175729819937e+03
9.269707175729819937e+03
9.269707175729819937e+03
9.269707175729819937e+03
9.269707175729819937e+03
9.269707175729819937e+03
9.269707175729819937e+03
9.408692645967690623e+03
9.408692645967690623e+03
9.408692645967690623e+03
9.408692645967690623e+03
9.408692645967690623e+03
9.432081130968137586e+03
9.432081130968137586e+03
9.432081130968137586e+03
9.432081130968137586e+03
9.432081130968137586e+03
9.432081130968137586e+03
9.432081130968137586e+03
9.432081130968137586e+03
9.432081130968137586e+03
9.432081130968137586e+03
9.688111146074048520e+03
9.688111146074048520e+03
9.688111146074048520e+03
9.688111146074048520e+03
9.688111146074048520e+03
9.289205437444823474e+03
9.289205437444823474e+03
9.289205437444823474e+03
9.289205437444823474e+03
9.289205437444823474e+03
9.289205437444823474e+03
9.289205437444823474e+03
9.289205437444823474e+03
9.289205437444823474e+03
9.289205437444823474e+03
9.455588511877149358e+03
9.455588511877149358e+03
9.455588511877149358e+03
9.455588511877149358e+03
9.455588511877149358e+03
9.213025759978536371e+03
9.213025759978536371e+03
9.213025759978536371e+03
9.213025759978536371e+03
9.213025759978536371e+03
9.213025759978536371e+03
9.213025759978536371e+03
9.213025759978536371e+03
9.213025759978536371e+03
9.213025759978536371e+03
9.359846831196837229e+03
9.359846831196837229e+03
9.359846831196837229e+03
9.359846831196837229e+03
9.359846831196837229e+03
9.564277495097132487e+03
9.564277495097132487e+03
9.564277495097132487e+03
9.564277495097132487e+03
9.564277495097132487e+03
9.564277495097132487e+03
9.564277495097132487e+03
9.564277495097132487e+03
9.564277495097132487e+03
9.564277495097132487e+03
9.636815126701807458e+03
9.636815126701807458e+03
9.636815126701807458e+03
9.636815126701807458e+03
9.636815126701807458e+03
9.471441102982314987e+03
9.471441102982314987e+03
9.471441102982314987e+03
9.471441102982314987e+03
9.471441102982314987e+03
9.471441102982314987e+03
9.471441102982314987e+03
9.471441102982314987e+03
9.471441102982314987e+03
9.471441102982314987e+03
9.782567481878333638e+03
9.782567481878333638e+03
9.782567481878333638e+03
9.782567481878333638e+03
9.782567481878333638e+03
9.597453771687280096e+03
9.597453771687280096e+03
9.597453771687280096e+03
9.597453771687280096e+03
9.597453771687280096e+03
9.597453771687280096e+03
9.597453771687280096e+03
9.597453771687280096e+03
9.597453771687280096e+03
9.597453771687280096e+03
9.705314689309248934e+03
9.705314689309248934e+03
9.705314689309248934e+03
9.705314689309248934e+03
9.705314689309248934e+03
9.705314689309248934e+03
9.705314689309248934e+03
9.705314689309248934e+03
9.705314689309248934e+03
9.705314689309248934e+03
9.705314689309248934e+03
9.705314689309248934e+03
9.705314689309248934e+03
9.705314689309248934e+03
9.705314689309248934e+03
9.870184465766305948e+03
9.870184465766305948e+03
9.870184465766305948e+03
9.870184465766305948e+03
9.870184465766305948e+03
9.911146577358469585e+03
9.911146577358469585e+03
9.911146577358469585e+03
9.911146577358469585e+03
9.911146577358469585e+03
9.911146577358469585e+03
9.911146577358469585e+03
9.911146577358469585e+03
9.911146577358469585e+03
9.911146577358469585e+03
1.014427022901706914e+04
1.014427022901706914e+04
1.014427022901706914e+04
1.014427022901706914e+04
1.014427022901706914e+04
9.940030939533577111e+03
9.940030939533577111e+03
9.940030939533577111e+03
9.940030939533577111e+03
9.940030939533577111e+03
9.940030939533577111e+03
9.940030939533577111e+03
9.940030939533577111e+03
9.940030939533577111e+03
9.940030939533577111e+03
1.018318690454984608e+04
1.018318690454984608e+04
1.018318690454984608e+04
1.018318690454984608e+04
1.018318690454984608e+04
1.017857216890208656e+04
1.017857216890208656e+04
1.017857216890208656e+04
1.017857216890208656e+04
1.017857216890208656e+04
1.017857216890208656e+04
1.017857216890208656e+04
1.017857216890208656e+04
1.017857216890208656e+04
1.017857216890208656e+04
1.032688663757804898e+04
1.032688663757804898e+04
1.032688663757804898e+04
1.032688663757804898e+04
1.032688663757804898e+04
1.034724187671440450e+04
1.034724187671440450e+04
1.034724187671440450e+04
1.034724187671440450e+04
1.034724187671440450e+04
1.034724187671440450e+04
1.034724187671440450e+04
1.034724187671440450e+04
1.034724187671440450e+04
1.034724187671440450e+04
1.053137956598441633e+04
1.053137956598441633e+04
1.053137956598441633e+04
1.053137956598441633e+04
1.053137956598441633e+04
1.033498242055971241e+04
1.033498242055971241e+04
1.033498242055971241e+04
1.033498242055971241e+04
1.033498242055971241e+04
1.033498242055971241e+04
1.033498242055971241e+04
1.033498242055971241e+04
1.033498242055971241e+04
1.033498242055971241e+04
1.055106776301683203e+04
1.055106776301683203e+04
1.055106776301683203e+04
1.055106776301683203e+04
1.055106776301683203e+04
1.030512753282902668e+04
1.030512753282902668e+04
1.030512753282902668e+04
1.030512753282902668e+04
1.030512753282902668e+04
1.030512753282902668e+04
1.030512753282902668e+04
1.030512753282902668e+04
1.030512753282902668e+04
1.030512753282902668e+04
1.049848210708143961e+04
1.049848210708143961e+04
1.049848210708143961e+04
1.049848210708143961e+04
1.049848210708143961e+04
1.056474912450472584e+04
1.056474912450472584e+04
1.056474912450472584e+04
1.056474912450472584e+04
1.056474912450472584e+04
1.056474912450472584e+04
1.056474912450472584e+04
1.056474912450472584e+04
1.056474912450472584e+04
1.056474912450472584e+04
1.047669396804429016e+04
1.047669396804429016e+04
1.047669396804429016e+04
1.047669396804429016e+04
1.047669396804429016e+04
1.016987158705363254e+04
1.016987158705363254e+04
1.016987158705363254e+04
1.016987158705363254e+04
1.016987158705363254e+04
1.016987158705363254e+04
1.016987158705363254e+04
1.016987158705363254e+04
1.016987158705363254e+04
1.016987158705363254e+04
1.037242062534515208e+04
1.037242062534515208e+04
1.037242062534515208e+04
1.037242062534515208e+04
1.037242062534515208e+04
1.028406150015334060e+04
1.028406150015334060e+04
1.028406150015334060e+04
1.028406150015334060e+04
1.028406150015334060e+04
1.028406150015334060e+04
1.028406150015334060e+04
1.028406150015334060e+04
1.028406150015334060e+04
1.028406150015334060e+04
1.044832365658604795e+04
1.044832365658604795e+04
1.044832365658604795e+04
1.044832365658604795e+04
1.044832365658604795e+04
1.044832365658604795e+04
1.044832365658604795e+04
1.044832365658604795e+04
1.044832365658604795e+04
1.044832365658604795e+04
1.044832365658604795e+04
1.044832365658604795e+04
1.044832365658604795e+04
1.044832365658604795e+04
1.044832365658604795e+04
1.067359241563677642e+04
1.067359241563677642e+04
1.067359241563677642e+04
1.067359241563677642e+04
1.067359241563677642e+04
1.107004005474143742e+04
1.107004005474143742e+04
1.107004005474143742e+04
1.107004005474143742e+04
1.107004005474143742e+04
1.107004005474143742e+04
1.107004005474143742e+04
1.107004005474143742e+04
1.107004005474143742e+04
1.107004005474143742e+04
1.117754979034821190e+04
1.117754979034821190e+04
1.117754979034821190e+04
1.117754979034821190e+04
1.117754979034821190e+04
1.102154985917979684e+04
1.102154985917979684e+04
1.102154985917979684e+04
1.102154985917979684e+04
1.102154985917979684e+04
1.102154985917979684e+04
1.102154985917979684e+04
1.102154985917979684e+04
1.102154985917979684e+04
1.102154985917979684e+04
1.109359000831213234e+04
1.109359000831213234e+04
1.109359000831213234e+04
1.109359000831213234e+04
1.109359000831213234e+04
1.085335441319065467e+04
1.085335441319065467e+04
1.085335441319065467e+04
1.085335441319065467e+04
1.085335441319065467e+04
1.085335441319065467e+04
1.085335441319065467e+04
1.085335441319065467e+04
1.085335441319065467e+04
1.085335441319065467e+04
1.089594976686766677e+04
1.089594976686766677e+04
1.089594976686766677e+04
1.089594976686766677e+04
1.089594976686766677e+04
1.094864614186089420e+04
1.094864614186089420e+04
1.094864614186089420e+04
1.094864614186089420e+04
1.094864614186089420e+04
1.094864614186089420e+04
1.094864614186089420e+04
1.094864614186089420e+04
1.094864614186089420e+04
1.094864614186089420e+04
1.116219596293210998e+04
1.116219596293210998e+04
1.116219596293210998e+04
1.116219596293210998e+04
1.116219596293210998e+04
1.131274942941880727e+04
1.131274942941880727e+04
1.131274942941880727e+04
1.131274942941880727e+04
1.131274942941880727e+04
1.131274942941880727e+04
1.131274942941880727e+04
1.131274942941880727e+04
1.131274942941880727e+04
1.131274942941880727e+04
1.154231464977806536e+04
1.154231464977806536e+04
1.154231464977806536e+04
1.154231464977806536e+04
1.154231464977806536e+04
1.145890429366635908e+04
1.145890429366635908e+04
1.145890429366635908e+04
1.145890429366635908e+04
1.145890429366635908e+04
1.145890429366635908e+04
1.145890429366635908e+04
1.145890429366635908e+04
1.145890429366635908e+04
1.145890429366635908e+04
1.165498722011452628e+04
1.165498722011452628e+04
1.165498722011452628e+04
1.165498722011452628e+04
1.165498722011452628e+04
1.140853344766684313e+04
1.140853344766684313e+04
1.140853344766684313e+04
1.140853344766684313e+04
1.140853344766684313e+04
1.140853344766684313e+04
1.140853344766684313e+04
1.140853344766684313e+04
1.140853344766684313e+04
1.140853344766684313e+04
1.127654263713543878e+04
1.127654263713543878e+04
1.127654263713543878e+04
1.127654263713543878e+04
1.127654263713543878e+04
1.096642366385862078e+04
1.096642366385862078e+04
1.096642366385862078e+04
1.096642366385862078e+04
1.096642366385862078e+04
1.096642366385862078e+04
1.096642366385862078e+04
1.096642366385862078e+04
1.096642366385862078e+04
1.096642366385862078e+04
1.106001149638411516e+04
1.106001149638411516e+04
1.106001149638411516e+04
1.106001149638411516e+04
1.106001149638411516e+04
1.117194522869077809e+04
1.117194522869077809e+04
1.117194522869077809e+04
1.117194522869077809e+04
1.117194522869077809e+04
1.117194522869077809e+04
1.117194522869077809e+04
1.117194522869077809e+04
1.117194522869077809e+04
1.117194522869077809e+04
1.152259258976221099e+04
1.152259258976221099e+04
1.152259258976221099e+04
1.152259258976221099e+04
1.152259258976221099e+04
1.152259258976221099e+04
1.152259258976221099e+04
1.152259258976221099e+04
1.152259258976221099e+04
1.152259258976221099e+04
1.152259258976221099e+04
1.152259258976221099e+04
1.152259258976221099e+04
1.152259258976221099e+04
1.152259258976221099e+04
1.182365125551657911e+04
1.182365125551657911e+04
1.182365125551657911e+04
1.182365125551657911e+04
1.182365125551657911e+04
1.194019420141938281e+04
1.194019420141938281e+04
1.194019420141938281e+04
1.194019420141938281e+04
1.194019420141938281e+04
1.194019420141938281e+04
1.194019420141938281e+04
1.194019420141938281e+04
1.194019420141938281e+04
1.194019420141938281e+04
1.188246649451776830e+04
1.188246649451776830e+04
1.188246649451776830e+04
1.188246649451776830e+04
1.188246649451776830e+04
1.169269988329973421e+04
1.169269988329973421e+04
1.169269988329973421e+04
1.169269988329973421e+04
1.169269988329973421e+04
1.169269988329973421e+04
1.169269988329973421e+04
1.169269988329973421e+04
1.169269988329973421e+04
1.169269988329973421e+04
1.200320917809829371e+04
1.200320917809829371e+04
1.200320917809829371e+04
1.200320917809829371e+04
1.200320917809829371e+04
1.191270679191403906e+04
1.191270679191403906e+04
1.191270679191403906e+04
1.191270679191403906e+04
1.191270679191403906e+04
1.191270679191403906e+04
1.191270679191403906e+04
1.191270679191403906e+04
1.191270679191403906e+04
1.191270679191403906e+04
1.197950042256728375e+04
1.197950042256728375e+04
1.197950042256728375e+04
1.197950042256728375e+04
1.197950042256728375e+04
1.201339537677691260e+04
1.201339537677691260e+04
1.201339537677691260e+04
1.201339537677691260e+04
1.201339537677691260e+04
1.201339537677691260e+04
1.201339537677691260e+04
1.201339537677691260e+04
1.201339537677691260e+04
1.201339537677691260e+04
1.242278307033705278e+04
1.242278307033705278e+04
1.242278307033705278e+04
1.242278307033705278e+04
1.242278307033705278e+04
1.174874681392732418e+04
1.174874681392732418e+04
1.174874681392732418e+04
1.174874681392732418e+04
1.174874681392732418e+04
1.174874681392732418e+04
1.174874681392732418e+04
1.174874681392732418e+04
1.174874681392732418e+04
1.174874681392732418e+04
1.188907187853861433e+04
1.188907187853861433e+04
1.188907187853861433e+04
1.188907187853861433e+04
1.188907187853861433e+04
1.160145139719194594e+04
1.160145139719194594e+04
1.160145139719194594e+04
1.160145139719194594e+04
1.160145139719194594e+04
1.160145139719194594e+04
1.160145139719194594e+04
1.160145139719194594e+04
1.160145139719194594e+04
1.160145139719194594e+04
1.188609823304765450e+04
1.188609823304765450e+04
1.188609823304765450e+04
1.188609823304765450e+04
1.188609823304765450e+04
1.175676146888170115e+04
1.175676146888170115e+04
1.175676146888170115e+04
1.175676146888170115e+04
1.175676146888170115e+04
1.175676146888170115e+04
1.175676146888170115e+04
1.175676146888170115e+04
1.175676146888170115e+04
1.175676146888170115e+04
1.195661574785567245e+04
1.195661574785567245e+04
1.195661574785567245e+04
1.195661574785567245e+04
1.195661574785567245e+04
1.168624605990894088e+04
1.168624605990894088e+04
1.168624605990894088e+04
1.168624605990894088e+04
1.168624605990894088e+04
1.168624605990894088e+04
1.168624605990894088e+04
1.168624605990894088e+04
1.168624605990894088e+04
1.168624605990894088e+04
1.211233141511904796e+04
1.211233141511904796e+04
1.211233141511904796e+04
1.211233141511904796e+04
1.211233141511904796e+04
1.262525275561344824e+04
1.262525275561344824e+04
1.262525275561344824e+04
1.262525275561344824e+04
1.262525275561344824e+04
1.262525275561344824e+04
1.262525275561344824e+04
1.262525275561344824e+04
1.262525275561344824e+04
1.262525275561344824e+04
1.277543325355749221e+04
1.277543325355749221e+04
1.277543325355749221e+04
1.277543325355749221e+04
1.277543325355749221e+04
1.277543325355749221e+04
1.277543325355749221e+04
1.277543325355749221e+04
1.277543325355749221e+04
1.277543325355749221e+04
1.277543325355749221e+04
1.277543325355749221e+04
1.277543325355749221e+04
1.277543325355749221e+04
1.277543325355749221e+04
1.304330709016304718e+04
1.304330709016304718e+04
1.304330709016304718e+04
1.304330709016304718e+04
1.304330709016304718e+04
1.293846099523116936e+04
1.293846099523116936e+04
1.293846099523116936e+04
1.293846099523116936e+04
1.293846099523116936e+04
1.293846099523116936e+04
1.293846099523116936e+04
1.293846099523116936e+04
1.293846099523116936e+04
1.293846099523116936e+04
1.297717435457745341e+04
1.297717435457745341e+04
1.297717435457745341e+04
1.297717435457745341e+04
1.297717435457745341e+04
1.264801019453993467e+04
1.264801019453993467e+04
1.264801019453993467e+04
1.264801019453993467e+04
1.264801019453993467e+04
1.264801019453993467e+04
1.264801019453993467e+04
1.264801019453993467e+04
1.264801019453993467e+04
1.264801019453993467e+04
1.269712499025378384e+04
1.269712499025378384e+04
1.269712499025378384e+04
1.269712499025378384e+04
1.269712499025378384e+04
1.200478368033683910e+04
1.200478368033683910e+04
1.200478368033683910e+04
1.200478368033683910e+04
1.200478368033683910e+04
1.200478368033683910e+04
1.200478368033683910e+04
1.200478368033683910e+04
1.200478368033683910e+04
1.200478368033683910e+04
1.193206645402532922e+04
1.193206645402532922e+04
1.193206645402532922e+04
1.193206645402532922e+04
1.193206645402532922e+04
1.202416875537511442e+04
1.202416875537511442e+04
1.202416875537511442e+04
1.202416875537511442e+04
1.202416875537511442e+04
1.202416875537511442e+04
1.202416875537511442e+04
1.202416875537511442e+04
1.202416875537511442e+04
1.202416875537511442e+04
1.223678180663440071e+04
1.223678180663440071e+04
1.223678180663440071e+04
1.223678180663440071e+04
1.223678180663440071e+04
1.252717610950710878e+04
1.252717610950710878e+04
1.252717610950710878e+04
1.252717610950710878e+04
1.252717610950710878e+04
1.252717610950710878e+04
1.252717610950710878e+04
1.252717610950710878e+04
1.252717610950710878e+04
1.252717610950710878e+04
1.270616528850833492e+04
1.270616528850833492e+04
1.270616528850833492e+04
1.270616528850833492e+04
1.270616528850833492e+04
1.283335579545026667e+04
1.283335579545026667e+04
1.283335579545026667e+04
1.283335579545026667e+04
1.283335579545026667e+04
1.283335579545026667e+04
1.283335579545026667e+04
1.283335579545026667e+04
1.283335579545026667e+04
1.283335579545026667e+04
1.313452981332754280e+04
1.313452981332754280e+04
1.313452981332754280e+04
1.313452981332754280e+04
1.313452981332754280e+04
1.334199237377033751e+04
1.334199237377033751e+04
1.334199237377033751e+04
1.334199237377033751e+04
1.334199237377033751e+04
1.334199237377033751e+04
1.334199237377033751e+04
1.334199237377033751e+04
1.334199237377033751e+04
1.334199237377033751e+04
1.329240637276295092e+04
1.329240637276295092e+04
1.329240637276295092e+04
1.329240637276295092e+04
1.329240637276295092e+04
1.295768334280535782e+04
1.295768334280535782e+04
1.295768334280535782e+04
1.295768334280535782e+04
1.295768334280535782e+04
1.295768334280535782e+04
1.295768334280535782e+04
1.295768334280535782e+04
1.295768334280535782e+04
1.295768334280535782e+04
1.325545343668420537e+04
1.325545343668420537e+04
1.325545343668420537e+04
1.325545343668420537e+04
1.325545343668420537e+04
1.252548046040333429e+04
1.252548046040333429e+04
1.252548046040333429e+04
1.252548046040333429e+04
1.252548046040333429e+04
1.252548046040333429e+04
1.252548046040333429e+04
1.252548046040333429e+04
1.252548046040333429e+04
1.252548046040333429e+04
1.284960030245561939e+04
1.284960030245561939e+04
1.284960030245561939e+04
1.284960030245561939e+04
1.284960030245561939e+04
1.284960030245561939e+04
1.284960030245561939e+04
1.284960030245561939e+04
1.284960030245561939e+04
1.284960030245561939e+04
1.284960030245561939e+04
1.284960030245561939e+04
1.284960030245561939e+04
1.284960030245561939e+04
1.284960030245561939e+04
1.304937556492903059e+04
1.304937556492903059e+04
1.304937556492903059e+04
1.304937556492903059e+04
1.304937556492903059e+04
1.299366933351508487e+04
1.299366933351508487e+04
1.299366933351508487e+04
1.299366933351508487e+04
1.299366933351508487e+04
1.299366933351508487e+04
1.299366933351508487e+04
1.299366933351508487e+04
1.299366933351508487e+04
1.299366933351508487e+04
1.296856692993784418e+04
1.296856692993784418e+04
1.296856692993784418e+04
1.296856692993784418e+04
1.296856692993784418e+04
1.274415219759105457e+04
1.274415219759105457e+04
1.274415219759105457e+04
1.274415219759105457e+04
1.274415219759105457e+04
1.274415219759105457e+04
1.274415219759105457e+04
1.274415219759105457e+04
1.274415219759105457e+04
1.274415219759105457e+04
1.301072172170210069e+04
1.301072172170210069e+04
1.301072172170210069e+04
1.301072172170210069e+04
1.301072172170210069e+04
1.351776954388940067e+04
1.351776954388940067e+04
1.351776954388940067e+04
1.351776954388940067e+04
1.351776954388940067e+04
1.351776954388940067e+04
1.351776954388940067e+04
1.351776954388940067e+04
1.351776954388940067e+04
1.351776954388940067e+04
1.355284197374794530e+04
1.355284197374794530e+04
1.355284197374794530e+04
1.355284197374794530e+04
1.355284197374794530e+04
