7.988447478790507375e+03
7.904862014944410475e+03
7.816111731530308134e+03
7.746032379671496528e+03
7.674115731935568874e+03
7.637394993820377749e+03
7.599846976551417356e+03
7.553332795822645494e+03
7.519680974070042794e+03
7.529150886899965371e+03
7.561497261378568510e+03
7.528799754597314859e+03
7.537112907477940098e+03
7.509520692347108707e+03
7.537925822269626224e+03
7.587367118111455966e+03
7.631061405159734932e+03
7.650044755562398677e+03
7.645667609180278305e+03
7.629285700872272173e+03
7.693538880579542820e+03
7.728620744252037184e+03
7.705709335919594196e+03
7.691904899052989094e+03
7.736124220586603769e+03
7.790636794922363151e+03
7.793277269073705611e+03
7.835766088124944872e+03
7.869150715683310409e+03
7.882742634123836069e+03
7.918268617135008753e+03
7.956661414208608221e+03
7.969982647066730351e+03
7.993200700217357735e+03
7.977786525479534248e+03
7.976932031570613617e+03
7.996551655099076015e+03
7.981263607797887744e+03
7.994786071497663215e+03
8.004064155708329054e+03
8.008196244786357965e+03
7.988373177738243612e+03
8.030527424537242950e+03
8.030713261378046809e+03
8.003775451148137108e+03
8.003115624229168134e+03
8.029447235289888340e+03
8.039543090172953271e+03
8.009740029144841174e+03
8.009740029144841174e+03
8.046128006373055541e+03
8.006702524434734187e+03
7.989071477369057902e+03
8.030895926838007654e+03
8.052733655798427208e+03
8.057420921972947326e+03
8.086858469009930559e+03
8.059154056284009130e+03
8.041665376480496889e+03
8.038376683751979726e+03
8.049133518015324626e+03
8.041567189995934314e+03
8.043552287483567852e+03
8.070538257999414782e+03
8.075608107166663103e+03
8.077026173873616244e+03
8.096293752844279879e+03
8.119532577118451627e+03
8.139856166461847351e+03
8.131582721899570060e+03
8.101214429218526675e+03
8.090157033910479186e+03
8.082792734248391753e+03
8.047117140126285449e+03
8.038163287241310172e+03
8.047088017355992633e+03
8.070489210501641537e+03
8.108813507267082969e+03
8.095545082589600497e+03
8.099521789349724713e+03
8.072901914805200249e+03
8.063446889699376698e+03
8.067626474670298194e+03
8.039121917246224257e+03
8.013220214801242946e+03
8.022020292090918701e+03
8.048332448549096625e+03
8.048491477308641151e+03
8.070891950086029283e+03
8.060877662128634256e+03
8.098194720543984658e+03
8.078365016461772939e+03
8.037995544291654369e+03
8.078507229203949464e+03
8.063308919159723700e+03
8.056775110684022366e+03
8.060010072207225676e+03
8.072256609157283492e+03
8.066776100776382918e+03
8.066776100776382918e+03
8.074205783318589056e+03
8.067827720946043883e+03
8.084198788748381048e+03
8.100695237307902062e+03
8.092199698106469441e+03
8.069543640430079904e+03
8.044966977444714757e+03
8.062384581689315382e+03
8.077120245806329876e+03
8.076347057017042971e+03
8.113795516988431700e+03
8.095812474935113642e+03
8.119590055493042200e+03
8.141448360254499676e+03
8.133701706464318704e+03
8.173464220998277597e+03
8.120200931057153866e+03
8.120636566049206522e+03
8.092770065088121555e+03
8.088424851634224979e+03
8.106232723685071505e+03
8.054051047079667114e+03
8.060071098666428952e+03
8.082952288562257309e+03
8.049411889469664857e+03
8.029331111526184031e+03
8.031109036969907720e+03
8.034490278671785745e+03
8.036757593511173582e+03
8.006037240183231006e+03
8.057770176052422357e+03
8.055107782632339877e+03
8.077652316351465743e+03
8.050251315100094871e+03
8.059621912042554868e+03
8.109746956164019139e+03
8.143668394507868470e+03
8.166299973134894572e+03
8.169932300255395603e+03
8.160682398543096497e+03
8.154079146551683152e+03
8.183645878948843347e+03
8.173068856901523759e+03
8.202214753772494078e+03
8.206359901949264895e+03
8.224087887719506398e+03
8.238773537361983472e+03
8.197877799527554089e+03
8.197725355357986700e+03
8.197725355357986700e+03
8.172185516010740685e+03
8.184711846753483769e+03
8.164630994905764965e+03
8.154255338136982573e+03
8.148908320517088214e+03
8.114898306304667130e+03
8.140602182121770966e+03
8.134490571947805620e+03
8.160720923284970922e+03
8.173084895654692446e+03
8.175252501828942513e+03
8.189662526409028033e+03
8.213449002735264003e+03
8.199023849082572269e+03
8.214298287664249074e+03
8.158779858277819585e+03
8.107898691220387263e+03
8.098792386203940623e+03
8.078533563024603609e+03
8.050070728602742747e+03
8.038397466082569736e+03
8.044687206357102696e+03
8.034211668138091227e+03
8.052195669409512448e+03
8.031053143613927205e+03
8.028246579506478156e+03
8.007546274503019959e+03
8.001922819357626395e+03
8.015603722685379580e+03
7.986774943479173999e+03
8.001653073674506231e+03
8.040883521372643372e+03
8.048907252658274956e+03
8.064959598324555373e+03
8.068164680505710749e+03
8.069440900274742489e+03
8.046458443676962816e+03
8.064601364226296937e+03
8.108824982012260080e+03
8.096179781789686785e+03
8.098604308546231550e+03
8.111135191901880717e+03
8.092797441118987990e+03
8.078685989947230155e+03
8.079843651041183875e+03
8.075008743818966650e+03
8.087167173848012681e+03
8.081197044843633194e+03
8.096032298657368301e+03
8.096032298657368301e+03
8.093859994550657575e+03
8.081366469171513017e+03
8.085238129214406399e+03
8.059700495420396692e+03
8.043940718830198421e+03
8.085427388711779713e+03
8.114095609379879534e+03
8.117816455778347517e+03
8.076964671400024599e+03
8.066014627908377406e+03
8.037291942168712012e+03
8.042909209446864224e+03
8.050065404086622038e+03
8.038787628176586622e+03
8.048753841790160550e+03
8.058659753519279548e+03
8.090744430976300464e+03
8.066137480744764616e+03
8.043463996169079110e+03
8.022656844332012042e+03
8.016070713937115215e+03
7.998939760503119032e+03
8.022516965994799648e+03
8.014913539134045095e+03
8.005152779216833551e+03
7.969439773445773426e+03
7.980696520387135024e+03
7.976021855488686924e+03
7.967736958376648545e+03
7.961202174012227260e+03
7.994970204638275391e+03
7.958494877517142413e+03
7.988467321980765519e+03
7.978935316527980831e+03
7.982287112515457011e+03
7.995622194738733924e+03
7.990562591881656772e+03
7.991465688181234327e+03
7.970987168852110699e+03
7.977136286477937574e+03
7.957206108693239912e+03
7.950719647879351214e+03
7.980359426788397286e+03
8.006642892844643029e+03
8.019887639192462302e+03
8.040086043265075205e+03
8.065957239880949601e+03
8.049472833197571163e+03
8.046749843859988687e+03
8.046749843859988687e+03
8.031080823782617699e+03
8.059550055259707733e+03
8.063273959493168149e+03
8.037921216161558732e+03
8.021276093220790244e+03
7.976756459989040195e+03
7.959101536590853357e+03
7.992307843194669658e+03
7.999193139683528898e+03
8.008128568733971406e+03
7.996526555319969702e+03
8.003482817140575207e+03
8.021563180903087414e+03
8.017504554343153359e+03
8.002714957552535452e+03
8.018855678700056160e+03
8.026482031767645822e+03
7.980424061164295381e+03
7.964802406929149583e+03
7.975723515431302076e+03
7.990477038007340525e+03
7.981121887662878180e+03
7.957738887537588198e+03
7.957107811857580600e+03
7.929510520723777518e+03
7.904824911974817041e+03
7.907012697584123998e+03
7.903926024863152634e+03
7.870604250361903723e+03
7.864853268586588456e+03
7.869451269704554761e+03
7.895638616211146655e+03
7.910409493924362323e+03
7.918879325157616222e+03
7.955219763114271700e+03
7.934506856235665509e+03
7.942489583272928030e+03
7.932889189988458384e+03
7.941486796454272735e+03
7.964020811729203160e+03
7.934923093660184350e+03
7.936408381880072739e+03
7.962692015868998169e+03
7.983545921270792860e+03
8.003283942377041058e+03
7.972631110172137596e+03
7.944908050374567210e+03
7.921315466081077830e+03
7.953458748037771329e+03
7.953458748037771329e+03
7.947485013592856376e+03
7.951166696968655742e+03
7.920236679750983967e+03
7.921629319433713135e+03
7.941519738444492759e+03
7.937672548015126267e+03
7.939670905158723144e+03
7.935830850755406573e+03
7.919674949292782912e+03
7.921141112685270855e+03
7.897984305018521809e+03
7.903332876312972985e+03
7.913629313896675740e+03
7.942204085935903095e+03
7.943137844092831983e+03
7.968793858543651368e+03
7.992171158604754964e+03
7.987983973222554596e+03
7.989671562842013373e+03
8.003457076812316700e+03
7.983305620452695621e+03
8.035331337300782252e+03
8.052046460581602332e+03
8.055284058018675751e+03
8.056851903859885169e+03
8.037806211308695310e+03
8.058482615053780137e+03
8.066560632862294369e+03
8.036909962556462233e+03
8.006780486404501971e+03
7.993369886950525142e+03
8.028459720079099498e+03
8.060032798781883685e+03
8.011641102788013086e+03
8.024650918702768649e+03
8.022877648224554832e+03
8.047774426650368696e+03
8.041240020456183629e+03
8.061420344561745878e+03
8.038857849966826507e+03
8.014785859428008735e+03
8.040967817748742164e+03
8.040638285103323142e+03
8.034263332198494936e+03
8.061736555625855544e+03
8.078134412403442184e+03
8.058065222384989283e+03
8.030475016278945986e+03
8.034971728921276735e+03
8.034971728921276735e+03
8.032158806994148108e+03
8.020977422749259858e+03
8.039758137049993820e+03
8.038981445290869488e+03
8.044363316177464185e+03
8.036041780336904594e+03
8.001788676666817992e+03
7.987715679101722344e+03
8.036532508659331143e+03
8.015584108461218420e+03
8.030957539658868882e+03
7.999982530091161607e+03
8.011985855216642449e+03
8.020618884344534308e+03
7.999076569609053877e+03
7.982964447282879519e+03
8.013277550201464692e+03
8.037403464956462813e+03
8.007971059333368430e+03
8.014627296397399732e+03
8.020134411538376298e+03
8.013300008037548650e+03
7.990577745988945026e+03
8.023257934959891827e+03
8.003956020398203691e+03
7.989135782077196382e+03
8.011962164973686413e+03
7.965707233780905881e+03
7.940930737074447279e+03
7.931252192625795033e+03
7.974358118452201779e+03
7.968349680949062531e+03
8.009698343827948520e+03
7.989824797060115998e+03
7.994775845304995528e+03
8.019231480021135212e+03
8.033489761291003560e+03
8.024350500229645149e+03
7.991286444539187869e+03
8.002151768265815008e+03
7.985362921295458364e+03
7.998098438499104304e+03
7.993162537717896157e+03
7.962307304678226501e+03
7.962210026083200319e+03
7.973500828589451885e+03
7.970029743453254014e+03
7.953132149367014790e+03
8.000058186659662169e+03
8.000058186659662169e+03
8.026073841850606186e+03
8.023015687212023295e+03
8.016237876893730572e+03
8.028663576437595111e+03
8.007041879949850227e+03
8.005116240040150842e+03
8.013982226165992870e+03
8.008824622797017582e+03
7.996271495651345504e+03
7.974236914804657317e+03
7.993220162894837813e+03
7.980324859539095087e+03
7.970134592148738193e+03
7.991018792053070683e+03
7.990180581285462722e+03
7.994501405671426255e+03
8.042820768417210274e+03
8.022798246192650367e+03
8.002478161598544830e+03
8.002709532098361706e+03
8.007321291421823844e+03
8.026937265070066132e+03
8.038789436690602088e+03
8.049016904068089389e+03
8.048438263156500398e+03
8.050185179394701663e+03
8.071449284957657255e+03
8.061725652009131409e+03
8.061994583747066827e+03
8.077683894980409605e+03
8.107673119810257958e+03
8.115717968028312498e+03
8.121095020585403290e+03
8.102617933029625419e+03
8.079195524762931200e+03
8.050093587150942767e+03
8.079431341678779972e+03
8.072943903023176063e+03
8.054655786659779551e+03
8.068116155014807191e+03
8.057564672812195568e+03
8.063084410745346759e+03
8.060079564104349629e+03
8.032301504715573174e+03
8.000561847346069044e+03
7.978467189023775973e+03
8.003571924103214769e+03
8.002805419202317353e+03
8.005378772101719733e+03
8.005378772101719733e+03
7.977961290205648766e+03
7.988667244347296219e+03
7.976395133194425398e+03
7.973231874917557434e+03
7.975057569755822442e+03
7.983932537269414752e+03
8.012799124441727145e+03
7.997568111493269498e+03
8.037118850298599682e+03
8.053098340486443703e+03
8.042707846765891190e+03
8.066246850794830607e+03
8.072842777595395091e+03
8.050251092862721634e+03
8.047569536643239189e+03
8.088815407424330260e+03
8.064338046376687089e+03
8.078579144950032969e+03
8.111997936003538598e+03
8.086193639910267848e+03
8.058462259246038229e+03
8.081669909243541952e+03
8.053367231460740186e+03
8.090015250668780027e+03
8.090668753383778494e+03
8.108839494225802810e+03
8.133742635287375379e+03
8.143215403104501092e+03
8.160495842231029201e+03
8.135648118704183617e+03
8.133958863318228396e+03
8.133447931264247927e+03
8.125218292445228144e+03
8.101152007213840989e+03
8.094777885226879334e+03
8.078479351487554595e+03
8.096775048105934729e+03
8.074649563424039115e+03
8.085339275157216434e+03
8.068401660533493668e+03
8.058486303864100591e+03
8.034351743666683433e+03
8.038644715689067198e+03
8.059845566940142817e+03
8.059896259018851197e+03
8.073635804240768266e+03
8.044408710768080709e+03
8.015034121775363928e+03
8.023977101797153409e+03
8.023977101797153409e+03
8.022097725313413321e+03
8.040649646466734339e+03
8.060082794360530897e+03
8.043820562825726483e+03
8.064708156158853853e+03
8.065777096562071165e+03
8.068282793017218864e+03
8.080175229540895998e+03
8.078941226523335899e+03
8.069084212547055358e+03
8.057316947843148228e+03
8.049531945487777193e+03
8.060666358482460964e+03
8.053264515756394758e+03
8.056058281969260861e+03
8.042467325410426383e+03
8.064271659227670170e+03
8.048009267935742173e+03
8.029047657833786616e+03
8.028385281096246217e+03
8.026382062057921758e+03
8.051893679584536585e+03
8.038731094094261607e+03
8.056950716105695392e+03
8.053897491954057841e+03
8.028097054006839244e+03
7.998400384353335539e+03
8.007002345891829464e+03
8.056783961866583923e+03
8.050693682812668158e+03
8.085636349095050718e+03
8.066179117967212733e+03
8.054822011791564364e+03
8.065156977929712411e+03
8.084326911023161301e+03
8.074708554906988866e+03
8.039293310976596331e+03
8.050803015114153823e+03
8.048121689763383074e+03
8.042304396669944254e+03
8.071222117394609086e+03
8.092698630543839499e+03
8.065027181195203411e+03
8.103302121223761787e+03
8.099971233179825504e+03
8.086591166830453403e+03
8.049042056602284902e+03
8.007383438814175861e+03
7.982899652535644236e+03
7.982899652535644236e+03
7.973622759356449023e+03
7.958017611936751564e+03
7.924140432786668498e+03
7.947469417637794322e+03
7.929198499611372426e+03
7.943202765387183717e+03
7.959288444877864094e+03
7.936837615847886809e+03
7.942932097034567960e+03
7.926073584298889728e+03
7.954285727536769627e+03
7.950270805499276321e+03
7.970272902252004315e+03
7.985271500800686226e+03
7.964719753791434414e+03
7.974066018770114169e+03
7.979322878677026893e+03
8.021970450105238342e+03
8.053410012809549698e+03
8.052750287233903691e+03
8.025665568062237980e+03
8.018317668926494662e+03
8.022459612529759397e+03
8.024369061986956694e+03
8.014090985417927186e+03
8.031636304183707580e+03
8.027031171734163763e+03
8.010919633489363150e+03
7.987388336816151423e+03
7.980453138738222151e+03
8.011475683719501831e+03
8.050739387406491005e+03
8.053578698737822378e+03
8.047432889667273230e+03
8.043256201419619174e+03
8.069857944355831023e+03
8.079072692786186053e+03
8.071792269227042198e+03
8.079384921056775056e+03
8.084802759837396479e+03
8.116853317649246492e+03
8.139673500938977668e+03
8.123413954718960667e+03
8.153366968757231916e+03
8.170840920641543562e+03
8.152114473948543491e+03
8.194720569955006795e+03
8.170724727472897030e+03
8.189747955325703515e+03
8.189747955325703515e+03
8.209749859690205994e+03
8.196808167775445327e+03
8.212633728910388527e+03
8.220394576932152631e+03
8.202407731941024394e+03
8.152510019964527601e+03
8.115374630621477991e+03
8.111590842305186015e+03
8.143355087400958837e+03
8.147849069405107912e+03
8.143754258404314896e+03
8.085251929139622007e+03
8.070708636029065929e+03
8.046721404497457115e+03
8.039295854883537686e+03
8.065027543287153094e+03
8.040440529129938113e+03
8.064915378019511081e+03
8.099962479317922771e+03
8.096638153897160919e+03
8.092313326687473818e+03
8.088148993368630727e+03
8.065754924496599415e+03
8.081886345660429470e+03
8.051866341860091779e+03
8.069508280007587928e+03
8.085901413700607918e+03
8.088195223476853243e+03
8.052871183908288913e+03
8.014765748194125081e+03
8.005799884034657225e+03
7.983970457904270006e+03
7.988084906837663766e+03
7.966461192935459621e+03
7.984907925341331065e+03
8.030113672416558074e+03
8.062574126423404778e+03
8.079371072068182002e+03
8.065734252711217778e+03
8.068677838754545519e+03
8.064787697570915952e+03
8.043609037739063751e+03
8.022557866216125149e+03
8.039675682516207416e+03
8.024093932970727110e+03
8.045570524762186324e+03
8.071681071210988193e+03
8.097762125534258303e+03
8.085841880367631347e+03
8.085841880367631347e+03
8.085180352698250317e+03
8.066323864428377419e+03
8.070824526503845846e+03
8.036996742557248581e+03
8.058056302268808395e+03
8.059899631173492708e+03
8.051740854185801254e+03
8.034940996348942463e+03
8.035536063828548322e+03
8.044730823316660462e+03
8.071878541912453329e+03
8.032231997175477773e+03
8.051787813394407749e+03
8.050830772518380400e+03
8.056177333195535539e+03
8.069958810881067620e+03
8.044829944705411435e+03
8.051141782388509455e+03
8.038023738503558889e+03
8.017046679141457389e+03
8.021459724160579754e+03
8.051100557086324443e+03
8.037631024979331414e+03
8.078693712899354068e+03
8.061750514382079018e+03
8.025373988127871598e+03
8.036141463682663925e+03
8.072648634768735974e+03
8.074337953562150688e+03
8.076175136286423367e+03
8.058817649233030352e+03
8.041517490865406216e+03
8.046364611641431111e+03
8.017694299980555115e+03
8.016347922114127869e+03
8.046334883401333173e+03
8.051595401501914239e+03
8.047977174535517406e+03
8.084772315223533042e+03
8.108885153926657949e+03
8.136290471330517903e+03
8.135150071249102439e+03
8.118480106267144947e+03
8.139041980335682638e+03
8.142082689792118799e+03
8.168167126356160225e+03
8.122422485382679952e+03
8.100827750747962455e+03
8.086226469798870312e+03
8.086226469798870312e+03
8.106802735011943696e+03
8.124344156249241678e+03
8.100297658265893915e+03
8.064978781940069894e+03
8.046889012201936566e+03
8.047470171196073352e+03
8.046919685791136544e+03
8.014425246759317815e+03
8.012135031941981651e+03
8.030344174233192462e+03
8.067351106560459812e+03
8.071661312408359663e+03
8.075969098393340573e+03
8.041549529247547980e+03
8.064108389763498963e+03
8.029956503981725291e+03
7.993648637482577215e+03
7.947564102768515113e+03
7.909674251840740908e+03
7.902632434022606503e+03
7.920034397884788632e+03
7.922414123690853557e+03
7.938003876000379023e+03
7.906556627449896041e+03
7.902142790739340853e+03
7.868780249621526309e+03
7.905962770079660004e+03
7.906895026276727549e+03
7.913563302502615443e+03
7.887941052991567631e+03
7.897333993416339581e+03
7.921887779564021912e+03
7.964107537784553642e+03
7.984649954905616141e+03
7.971759169628556265e+03
7.961538019738849471e+03
7.969617354761268871e+03
7.968633644211438877e+03
8.011436106343063329e+03
8.034269951063713052e+03
8.027772778589989684e+03
8.017535340689040822e+03
8.027355340429195167e+03
8.018514507013194816e+03
8.010720607058721725e+03
8.034954347450874593e+03
8.026813628255596996e+03
8.056869082789315144e+03
8.069408451987412263e+03
8.069408451987412263e+03
8.032453235004125418e+03
8.050230332544851080e+03
8.035803512072364356e+03
8.014519501060037328e+03
8.031304324952614479e+03
8.052685895964636984e+03
8.089288772360387156e+03
8.106383497790174260e+03
8.130732829759044762e+03
8.146833323153789024e+03
8.109856122233959468e+03
8.130824819021117946e+03
8.097158412588814826e+03
8.081427295295854492e+03
8.054235851400919273e+03
8.067414569188602400e+03
8.087737499370446130e+03
8.056077150338091087e+03
8.080149663706343745e+03
8.084714416229266135e+03
8.064197075646192388e+03
8.037721127297596468e+03
8.007129030469310237e+03
7.994814188826770987e+03
8.004480179581157245e+03
8.002443547717432011e+03
8.011785879381211998e+03
8.001136459140986517e+03
8.014343449024264373e+03
7.997630738381712035e+03
8.027859989859116467e+03
8.035281566180982736e+03
8.071522745289852537e+03
8.075490344625797661e+03
8.087021711863749260e+03
8.098166164644599121e+03
8.070482602166793185e+03
8.049230469742720743e+03
8.023237875142958728e+03
8.011403340196227873e+03
8.006991395243812804e+03
8.000862671499025964e+03
8.024851922338704753e+03
8.032791165721826474e+03
8.043730028800738182e+03
8.061957055986765226e+03
8.040934189248950133e+03
8.040567878944185395e+03
8.059445508724877072e+03
8.059445508724877072e+03
8.041735421344025781e+03
8.027302306363548269e+03
8.053124151345481550e+03
8.022575070835321640e+03
8.006675793757145584e+03
7.984489481663750666e+03
7.999207168860014463e+03
8.013449162174186313e+03
8.024195429154403428e+03
8.030347774285041851e+03
8.027590403291672374e+03
8.015838580624190399e+03
8.020243501209152782e+03
8.047007044582287563e+03
8.034864330025224262e+03
8.050702450976886212e+03
8.040257924292234748e+03
8.022826774514165663e+03
8.021226189449946105e+03
8.035257528558533522e+03
8.038897491234039080e+03
8.025415513766423828e+03
8.017567606758621878e+03
8.012409566597379126e+03
7.986856492375618473e+03
7.977837893669254299e+03
7.991674529014570908e+03
7.972759342002267658e+03
7.963003844216955258e+03
7.943605940470554742e+03
7.955881236062376956e+03
7.977619879175674214e+03
7.982859843896348139e+03
7.978616164804782784e+03
7.984442106010564203e+03
7.995652826033842757e+03
8.022299594944569435e+03
8.037979825652827458e+03
8.084174803048666035e+03
8.062506263364221923e+03
8.048862158107216601e+03
8.054550076713507224e+03
8.059037041326183498e+03
8.039089907862491600e+03
8.019215153691483465e+03
8.009538810048391497e+03
8.009057591658739511e+03
8.014262266048262973e+03
8.034911000884331770e+03
8.034911000884331770e+03
8.046748677929526821e+03
8.066684172012084673e+03
8.104589336998522413e+03
8.102651093965976543e+03
8.082194236717490639e+03
8.118072115461262911e+03
8.096382650467155145e+03
8.092264019304300746e+03
8.075332966141939323e+03
8.085026204483106994e+03
8.065353458707631034e+03
8.071293079750875222e+03
8.052510474385014277e+03
8.082247405930334935e+03
8.068190880674878827e+03
8.038572281360751731e+03
8.008793888934245842e+03
8.010945557727918640e+03
8.022378828874293504e+03
8.018619189214393373e+03
8.021150289554601841e+03
8.016780216425184335e+03
8.013196995491812231e+03
7.974453839658745892e+03
7.978482844849533649e+03
7.972419224583971300e+03
7.999873352661686113e+03
7.969896511060411285e+03
7.996177730267740117e+03
8.014677882904035869e+03
8.012504176298234597e+03
8.030818852851518386e+03
8.002421577891525885e+03
8.020062864461347090e+03
8.013335699843945804e+03
8.008321161492783176e+03
8.001401876596130023e+03
7.951502703272177314e+03
7.932694763000296007e+03
7.961612658637907771e+03
7.983815207400320105e+03
8.011659169028642282e+03
8.018356085910127149e+03
8.067827352016576697e+03
8.035774083595498269e+03
8.053208068313168951e+03
8.029499151497465391e+03
8.020955462222450478e+03
8.056464227712603133e+03
8.056464227712603133e+03
8.072049642293042780e+03
8.081429399650214691e+03
8.104156504510160630e+03
8.128204070132491324e+03
8.110448898141019527e+03
8.085142796833436478e+03
8.069741227341988633e+03
8.037214015084643506e+03
8.043193249530482717e+03
8.044798639330716469e+03
8.001828038396602096e+03
8.016110848908426306e+03
8.043072724366409602e+03
8.036985159330472015e+03
8.024415216273965598e+03
8.030828343893947022e+03
8.024296993710290735e+03
7.996586541708859841e+03
7.989302587116295399e+03
7.976971414969776561e+03
8.013299704480125911e+03
7.990788208045670217e+03
8.015768100845116351e+03
8.027862451062604123e+03
8.018825155438126785e+03
8.046553068005159730e+03
8.010851311420541606e+03
8.014093344034215988e+03
8.028995495155968456e+03
8.019704507209386065e+03
8.015268760365261187e+03
8.052334208536099140e+03
8.043598368284106073e+03
8.037321461250395259e+03
8.038909441695665919e+03
8.061150174811772558e+03
8.077861543370411709e+03
8.051075534432055065e+03
8.070237731219110174e+03
8.062112757861585123e+03
8.039838137745561653e+03
8.046440222334927057e+03
8.075765631385259439e+03
8.065223621668967098e+03
8.074323080644321635e+03
8.073116398645990557e+03
8.050926386258862294e+03
8.045530685320681187e+03
8.021147876359924339e+03
8.021147876359924339e+03
8.022286288707983658e+03
7.979636428129343585e+03
8.014097788811987812e+03
8.034367277381671556e+03
7.997120263422531934e+03
7.976594148123155719e+03
7.939676568435380432e+03
7.952948779245912192e+03
7.948122290066907226e+03
7.944442490898522010e+03
7.938866619650578286e+03
7.943874040886810690e+03
7.975160689797331543e+03
7.956854337981255412e+03
7.924293989718207740e+03
7.899673122316990884e+03
7.924741811745482664e+03
7.915153557737789924e+03
7.870913935304975894e+03
7.877332492378474853e+03
7.886396989576314809e+03
7.911770904020155285e+03
7.881359390178240574e+03
7.857845759781006564e+03
7.866541906975344318e+03
7.855727614772971720e+03
7.857374253198348015e+03
7.880351245596957597e+03
7.873825496860036765e+03
7.843749528348937929e+03
7.826540767876084828e+03
7.828764895891785272e+03
7.823637218125202708e+03
7.840708756286951029e+03
7.839027993840770250e+03
7.869255799543315334e+03
7.892492549028872418e+03
7.926436844020277931e+03
7.940369916522266976e+03
7.956213770925694917e+03
7.954541390909426809e+03
7.961214700719662687e+03
7.964028407370969035e+03
7.936616507278918107e+03
7.947069678535022831e+03
7.963463281406880014e+03
7.993432090726571005e+03
8.005719615278223500e+03
8.008774590149598225e+03
8.008774590149598225e+03
8.017673656549909538e+03
8.010836472601736205e+03
8.000959877243214578e+03
8.000219053292934404e+03
8.036177945076959077e+03
8.067859600502377361e+03
8.102852871576411417e+03
8.108557807945654531e+03
8.087401919126014036e+03
8.062372178180014998e+03
8.074514444982702116e+03
8.065190087346403743e+03
8.064840561890095159e+03
8.039932734464740861e+03
8.035995370086833645e+03
8.031063836326933597e+03
8.024899500932847332e+03
8.022451260234213805e+03
8.064927232658900721e+03
8.059852222374582198e+03
8.059545288749243809e+03
8.030345173282476026e+03
8.014344610864520291e+03
8.009740083585211323e+03
8.009289169998338366e+03
8.014941233914677468e+03
8.010824532671744237e+03
7.988031342205853434e+03
7.961068898272570550e+03
7.946507188070418124e+03
7.948348457383165623e+03
7.925776324412361646e+03
7.916099286824621231e+03
7.940302901571291841e+03
7.945066788038092454e+03
7.947596946178156941e+03
7.929244557790901126e+03
7.940924420132177147e+03
7.950687445950907204e+03
7.950520367191536025e+03
7.972352203767420178e+03
7.964694771479656083e+03
7.974492824136995296e+03
7.963380006694965232e+03
7.946509106205488024e+03
7.922956801760127746e+03
7.948862013349364133e+03
7.941552260448075685e+03
7.922316614391064832e+03
7.922316614391064832e+03
7.931650575975768334e+03
7.905754115970522435e+03
7.935569214895286677e+03
7.945030174947265550e+03
7.967460895805284963e+03
7.975600447677231386e+03
7.962532470101901708e+03
7.974188084637679822e+03
7.968905860192746331e+03
7.971622867777359716e+03
7.945365288236518609e+03
7.923276054126212330e+03
7.926990366008742967e+03
7.912796416749899436e+03
7.936662870903062867e+03
7.949847387390027507e+03
7.953463029919091241e+03
7.914468382268021742e+03
7.902568822489060949e+03
7.902988278221457222e+03
7.873099484641992603e+03
7.911901253820499733e+03
7.919551114795019203e+03
7.887793446361859424e+03
7.862759741806082275e+03
7.874280565764734092e+03
7.865960225408535734e+03
7.863734244784456678e+03
7.869941868760013676e+03
7.872050472953448661e+03
7.850904848896298972e+03
7.840446028449211553e+03
7.870767288463051045e+03
7.887284825737732717e+03
7.893737155150040962e+03
7.879061126145190428e+03
7.844508305606183967e+03
7.867733488582048267e+03
7.834594595382437547e+03
7.842861000327391594e+03
7.828056009897824879e+03
7.832072299079883123e+03
7.819095133893356433e+03
7.835252011168215176e+03
7.832221310150714089e+03
7.853356162493295415e+03
7.874030496743217554e+03
7.898387007671615720e+03
7.896149845553631167e+03
7.896149845553631167e+03
7.872388872772809918e+03
7.833456250545006696e+03
7.848431821269286047e+03
7.893133704241265150e+03
7.891855638828002157e+03
7.924598098121292423e+03
7.930370530202063492e+03
7.939540482409487595e+03
7.932346653501045694e+03
7.930948218043066845e+03
7.946221085056825359e+03
7.915091886309967776e+03
7.902006134124962045e+03
7.913460688882128125e+03
7.894062501179982974e+03
7.917180190720435348e+03
7.918337515373502356e+03
7.919551723364651480e+03
7.928256488240632279e+03
7.952536104972343310e+03
7.952610975114379471e+03
7.951469429796099575e+03
7.925136472548287202e+03
7.940468038918440470e+03
7.913811290831810766e+03
7.933008796605627140e+03
7.923654833283327207e+03
7.915100761620297817e+03
7.952258577952999076e+03
7.950381516884116536e+03
7.934403618617759093e+03
7.932981657143936900e+03
7.954622979979831143e+03
7.947782111736308252e+03
7.941031484330324929e+03
7.925954942393404963e+03
7.950570095440676596e+03
7.905023736598950563e+03
7.913183661628491791e+03
7.933222703704287596e+03
7.916520706358968710e+03
7.921256595427494176e+03
7.913940354201866285e+03
7.871352409640969199e+03
7.846332340831718284e+03
7.840938058874352464e+03
7.847192836275484296e+03
7.825459412281133154e+03
7.812577035697448082e+03
7.812577035697448082e+03
7.822370073870635679e+03
7.852424340131607096e+03
7.858289883708029265e+03
7.883662787260605000e+03
7.904721063798161595e+03
7.914428693549410127e+03
7.942888719127384320e+03
7.962779687629115870e+03
7.950787794181897880e+03
7.938719277110998519e+03
7.947105358203472861e+03
7.909571828156348602e+03
7.895818501736361213e+03
7.870440983239506750e+03
7.853545818685568520e+03
7.822382401140481306e+03
7.852818197789641999e+03
7.851675790429825611e+03
7.858801484097045432e+03
7.848062730103772992e+03
7.823807906021487725e+03
7.812047025310871504e+03
7.842779810322376761e+03
7.819109604950461289e+03
7.851838362626451271e+03
7.835582152476128613e+03
7.869175834897153436e+03
7.870676153851646632e+03
7.865117989661203865e+03
7.846329909887615941e+03
7.877666369723858224e+03
7.897752013909200286e+03
7.910319566271770782e+03
7.932332044596168998e+03
7.939331036246134317e+03
7.918167228031865307e+03
7.889420486392607017e+03
7.890788509319621880e+03
7.864946954466119678e+03
7.880909126965113501e+03
7.882113780639961988e+03
7.889840648586078714e+03
7.886510194382959526e+03
7.884592584047534729e+03
7.870476685727804579e+03
7.849700283909910468e+03
7.854908755443182599e+03
7.853751745074790961e+03
7.858072748877802951e+03
7.858072748877802951e+03
7.864347858356705729e+03
7.853995877520836075e+03
7.896329505292391332e+03
7.902660065626589130e+03
7.901014539145642630e+03
7.940710453331133067e+03
7.939230917913127087e+03
7.912152866735641510e+03
7.919987407790436009e+03
7.931257901182389105e+03
7.930877189253838878e+03
7.957054676822388501e+03
7.951140682661127357e+03
7.942605315956609047e+03
7.946156538186086436e+03
7.942651119396633476e+03
7.972856451601869594e+03
7.960835601306813260e+03
7.936961195062845945e+03
7.939014693681185236e+03
7.933089994059731907e+03
7.943719600699875627e+03
7.983696682150597553e+03
7.983376964261623471e+03
7.959011855915672641e+03
7.946751026628216096e+03
7.964549603988565650e+03
7.965372634863771964e+03
7.976200602810363307e+03
7.960396863836691409e+03
7.937419211673034624e+03
7.959988873819028413e+03
7.982693242691822888e+03
7.940524753842755672e+03
7.923343194642785420e+03
7.920729862567666714e+03
7.912470713687313946e+03
7.892349692650961515e+03
7.857319545625769933e+03
7.836380219426391704e+03
7.864720982078230918e+03
7.886029311760235942e+03
7.860591149784823756e+03
7.860997597814650362e+03
7.849388193582757594e+03
7.847760405976510810e+03
7.836195612100222206e+03
7.825741889678150983e+03
7.819303064876686221e+03
7.819303064876686221e+03
7.825494706477093132e+03
7.834561912159552776e+03
7.841520544964255350e+03
7.862089981732305205e+03
7.845420622482073668e+03
7.850868509811504737e+03
7.812903768317678441e+03
7.830049804972009042e+03
7.787206235541705610e+03
7.773399412846556515e+03
7.787824595763691832e+03
7.780823667522610776e+03
7.828485342693707935e+03
7.802212703949191564e+03
7.834440435670687293e+03
7.808914208382841025e+03
7.792399293315150317e+03
7.815429876548701941e+03
7.820463287664422751e+03
7.814121373135591966e+03
7.817840645833472081e+03
7.806794854387112537e+03
7.775099093995872863e+03
7.776944737369586619e+03
7.784911409018897757e+03
7.799205592124604664e+03
7.786427549049765730e+03
7.801856004484607183e+03
7.794947983218006812e+03
7.804888179566253712e+03
7.804943707990147232e+03
7.818886096117721536e+03
7.874544099876695327e+03
7.842810555807350283e+03
7.874787362781453339e+03
7.872620569862788216e+03
7.857526543496896011e+03
7.845824433954187043e+03
7.830136168604442901e+03
7.824332356321384395e+03
7.822025147408587145e+03
7.819942494955193979e+03
7.825333864394319789e+03
7.831751078310501725e+03
7.836529805396514348e+03
7.868565816714036373e+03
7.871077923835435286e+03
7.860929801592116746e+03
7.853022720159697201e+03
7.853022720159697201e+03
7.840863441489684192e+03
7.804986228621494774e+03
7.817804005548061468e+03
7.833969707348218435e+03
7.841509389487140652e+03
7.844343083335972551e+03
7.848535212288391449e+03
7.856058337255113656e+03
7.874006660631733212e+03
7.854801207968644121e+03
7.839298014730291470e+03
7.832937012895446060e+03
7.851734675629949379e+03
7.867275543075328642e+03
7.866636932202767639e+03
7.828095921662837100e+03
7.818700709762061706e+03
7.807484349184042912e+03
7.842478977148720332e+03
7.823500743112655982e+03
7.845245868407270791e+03
7.838382612917236656e+03
7.849000338596891197e+03
7.884002991907719661e+03
7.861800146625925663e+03
7.864609829396450550e+03
7.870214393800062680e+03
7.845939812625575541e+03
7.860147730076934749e+03
7.857713654641715948e+03
7.841726594484089219e+03
7.835398985475186237e+03
7.817417168146761469e+03
7.837221487533207437e+03
7.842925759270979142e+03
7.799575563774822513e+03
7.808031573731899698e+03
7.836333192537800642e+03
7.843930007628823660e+03
7.840456123016097081e+03
7.841672667503641605e+03
7.871143908962341811e+03
7.909816694510651359e+03
7.894678341963875027e+03
7.888248188371590913e+03
7.901633309584856761e+03
7.885565040791888350e+03
7.852476720478436619e+03
7.846127912905505582e+03
7.846127912905505582e+03
7.876380358498268834e+03
7.861151868815051785e+03
7.872797270759147068e+03
7.891461235633241813e+03
7.895624082549471495e+03
7.896453458367036546e+03
7.909234283556703303e+03
7.893540888199754590e+03
7.886458362217897047e+03
7.847687658675587954e+03
7.817025765928947294e+03
7.833255818532236844e+03
7.842440784160194198e+03
7.852460681521990409e+03
7.854247428206708719e+03
7.882816903130030369e+03
7.871421909727245293e+03
7.834037850660720324e+03
7.831219382407429293e+03
7.829885070896712023e+03
7.807910868289417522e+03
7.821880648547657984e+03
7.845192336093244194e+03
7.831632965391693688e+03
7.812130600867677458e+03
7.797380762229823631e+03
7.811493694564007455e+03
7.809171250899800725e+03
7.795886286698661934e+03
7.791722730896812209e+03
7.801067350534320212e+03
7.821434805488705024e+03
7.797439771440195727e+03
7.793982320933073424e+03
7.794837276707073215e+03
7.769704329332481393e+03
7.761079937379663534e+03
7.759492719859520548e+03
7.764986665295826242e+03
7.762183188400742438e+03
7.789548671674793695e+03
7.771365710664923427e+03
7.743143162051112995e+03
7.752391093082407679e+03
7.757677056681078284e+03
7.775790638954678798e+03
7.774649538417253098e+03
7.779945230410310614e+03
7.738902358375593394e+03
7.738902358375593394e+03
7.712786642717044742e+03
7.730111931267276304e+03
7.728726309346426206e+03
7.739151160281880038e+03
7.715728338836994226e+03
7.703484553781719114e+03
7.689345345406405613e+03
7.713665104157501446e+03
7.715749302697643543e+03
7.711162528841195126e+03
7.721652688290460901e+03
7.717859304644138319e+03
7.744517938399045306e+03
7.756554846913817528e+03
7.761092397190885094e+03
7.779175580906354298e+03
7.787115676847156465e+03
7.816530138856181111e+03
7.852815634482213682e+03
7.859563441741702263e+03
7.888800385041595291e+03
7.888454259258806815e+03
7.872652167844355063e+03
7.850060381253094420e+03
7.841738343815749431e+03
7.852810413445827180e+03
7.881267321776575045e+03
7.882391727773759158e+03
7.843495178936763295e+03
7.860251795099085939e+03
7.861901956075359521e+03
7.835145157314192147e+03
7.823102588010036015e+03
7.837602815119940715e+03
7.817515444331741492e+03
7.826523946682543283e+03
7.849245873801007292e+03
7.868644581229266805e+03
7.879571860416191157e+03
7.861336085791629557e+03
7.868477792435112860e+03
7.847168577203250607e+03
7.854322857514842326e+03
7.880989496274734847e+03
7.858632380306511550e+03
7.824503235819465772e+03
7.813397250400116718e+03
7.825306540093119111e+03
7.833927574086304048e+03
7.833927574086304048e+03
7.806931488428726880e+03
7.790694692408955234e+03
7.767191100685689889e+03
7.760363770747162562e+03
7.739355810728163306e+03
7.732239712855864127e+03
7.720267673205536084e+03
7.708044220180692719e+03
7.725161035607095073e+03
7.713586682818545341e+03
7.693031489341909946e+03
7.706565549571374504e+03
7.696428506403050960e+03
7.686923592353491586e+03
7.698291603199726524e+03
7.699809892428578678e+03
7.722188713563872625e+03
7.730023150719578553e+03
7.721967060761789071e+03
7.735802458339800978e+03
7.753376008811964311e+03
7.769595026634933674e+03
7.789333689759761910e+03
7.791143481334100215e+03
7.790505763406627921e+03
7.830280863467222844e+03
7.853666732426234375e+03
7.847922522723328257e+03
7.841906390601851854e+03
7.832488657600930310e+03
7.829491190343843300e+03
7.811418653602844643e+03
7.819245535285348524e+03
7.802145457552662265e+03
7.789338763641600963e+03
7.751471713145831018e+03
7.766726260110051044e+03
7.756547320326240879e+03
7.754129241902843205e+03
7.766336780947678562e+03
7.795013210226657975e+03
7.777169353964019137e+03
7.767569987510219107e+03
7.766413983874882433e+03
7.799605082740499711e+03
7.765144343723207385e+03
7.742301542840583352e+03
7.774952497263501755e+03
7.762014672902494567e+03
7.762014672902494567e+03
7.791967953650205345e+03
7.753972106376564625e+03
7.796043600396988040e+03
7.791203088306669088e+03
7.794909969288549291e+03
7.785254390341870931e+03
7.779081850609179128e+03
7.787222264408465890e+03
7.735691302557986091e+03
7.722040262261221869e+03
7.719906267731459593e+03
7.716465569909973965e+03
7.740008342219845872e+03
7.755186742162650262e+03
7.750223082469566179e+03
7.742218330242826596e+03
7.706454208069560082e+03
7.723237791128397475e+03
7.744955105535670555e+03
7.737537221163508548e+03
7.742898558016982861e+03
7.729880896520499846e+03
7.731628201764664482e+03
7.737248198475862409e+03
7.714343709328803016e+03
7.709846171686589514e+03
7.711720175690285032e+03
7.706298923179405392e+03
7.714435244793644415e+03
7.744930473962797805e+03
7.755844044675761324e+03
7.745628840991113066e+03
7.729562694111552446e+03
7.713275562578283825e+03
7.719084074725199571e+03
7.711923008501036747e+03
7.712082913306002411e+03
7.717496233572805068e+03
7.703798150512270695e+03
7.676846845172196481e+03
7.681837610515866800e+03
7.708102523820452006e+03
7.668968752143047823e+03
7.665139593514941225e+03
7.676593489442087048e+03
7.665887835500515394e+03
7.695410276613745737e+03
7.676006603699966945e+03
7.664018122007881175e+03
7.664018122007881175e+03
7.627686793101949661e+03
7.635841635991975636e+03
7.646991107246986758e+03
7.645638874782314815e+03
7.663472493558384485e+03
7.653505726305646022e+03
7.637909043286873384e+03
7.651997731840097913e+03
7.652189642798782188e+03
7.626870539536094839e+03
7.635902607795435870e+03
7.681850730576501519e+03
7.672031445719640942e+03
7.685052422852832024e+03
7.666686524442953669e+03
7.668478500755108143e+03
7.658607414545495885e+03
7.687735374920827780e+03
7.709947564001600767e+03
7.717274993727429319e+03
7.715815789813413176e+03
7.745472579183220660e+03
7.749945221072761342e+03
7.761554256736084426e+03
7.769514374130912984e+03
7.791802974896069827e+03
7.777026928913358461e+03
7.782830838334645705e+03
7.753424595681030041e+03
7.732620743689504707e+03
7.715143244098153446e+03
7.733303739958919323e+03
7.734889894775609719e+03
7.731497504882573594e+03
7.717211476062663678e+03
7.714944001060222945e+03
7.720617660786402666e+03
7.697611132008057211e+03
7.678724584800187586e+03
7.678043657341718244e+03
7.668590895954516782e+03
7.675260166129041863e+03
7.688658230807586733e+03
7.697369589735295449e+03
7.691956917841526774e+03
7.703689244718985719e+03
7.686834754058460931e+03
7.694869942136105237e+03
7.699559531927137868e+03
7.699559531927137868e+03
7.688865648444921135e+03
7.711172246357494259e+03
7.687213954241618012e+03
7.695711828725649866e+03
7.695046532650379049e+03
7.704921259868322522e+03
7.695310636546083515e+03
7.710220573283708291e+03
7.698294667129048321e+03
7.689566975151714360e+03
7.695216068035324497e+03
7.675747758490269007e+03
7.640842352936234420e+03
7.616279813180871315e+03
7.634417088332415005e+03
7.669802508243717966e+03
7.693765357273452537e+03
7.687620316568187263e+03
7.681922769613122000e+03
7.681239733844465263e+03
7.668888928594928984e+03
7.649362552581474120e+03
7.634184392493201813e+03
7.600416607428474890e+03
7.623950785411278957e+03
7.587438372631010679e+03
7.596877271703475344e+03
7.586320903619428464e+03
7.609481718813935913e+03
7.618869725035252486e+03
7.636729608640913284e+03
7.666447013430173683e+03
7.690075350193985287e+03
7.700805356985899380e+03
7.688935743085428840e+03
7.705372876940549759e+03
7.679715923139487131e+03
7.655122988983461255e+03
7.652964304112500940e+03
7.650331934713318333e+03
7.641516081794859019e+03
7.629632332852770560e+03
7.624848346147226948e+03
7.618708913699133518e+03
7.643759548683806315e+03
7.675894276333669950e+03
7.700537862511048843e+03
7.686696123355128293e+03
7.655329295857670331e+03
7.655329295857670331e+03
7.661595484033814500e+03
7.653000984818636425e+03
7.645420778763932503e+03
7.647428992105064935e+03
7.625876488959778726e+03
7.627817427690516524e+03
7.630319989667470509e+03
7.616912967654880958e+03
7.624556503840578443e+03
7.608768857280073462e+03
7.618396979465625009e+03
7.618549558806288587e+03
7.587927106040905528e+03
7.555317124904078810e+03
7.564295016711683274e+03
7.579924437818875049e+03
7.575572152237567934e+03
7.585432322973341797e+03
7.565666157692836350e+03
7.582065828554853397e+03
7.586461598169573335e+03
7.568391012430982300e+03
7.577983281408742187e+03
7.582574112004042945e+03
7.589924278693765700e+03
7.593761310032447909e+03
7.616650264194025112e+03
7.606661460703561715e+03
7.637747208120588766e+03
7.645005970068988063e+03
7.649332343877043968e+03
7.681806151122650590e+03
7.674744329563378415e+03
7.657818435186311035e+03
7.641897752122211386e+03
7.635080964987959305e+03
7.651462467099458081e+03
7.672599137976453676e+03
7.658543879253193154e+03
7.655592140661988196e+03
7.670710740170221470e+03
7.678753639587874204e+03
7.674391690078201464e+03
7.691676472642787303e+03
7.673914233403057551e+03
7.654559254274528030e+03
7.641625140690958688e+03
7.641786018737901941e+03
7.676266516529874025e+03
7.676266516529874025e+03
7.658915530309609494e+03
7.621744693551355340e+03
7.626289129066985879e+03
7.644619212996937677e+03
7.655550516031556072e+03
7.618766285549465465e+03
7.616657125270315191e+03
7.610523558284825413e+03
7.582838362347584734e+03
7.606808383718893310e+03
7.620138301088050866e+03
7.593912683400192691e+03
7.603405420605295149e+03
7.590288436582004579e+03
7.574370853563680612e+03
7.590800483572351368e+03
7.576290804269567161e+03
7.538049828403492029e+03
7.525759602064586034e+03
7.540483001788996262e+03
7.540552180913180564e+03
7.567324419945709451e+03
7.574256343051418298e+03
7.572316055571222932e+03
7.585824933631339263e+03
7.575949647777551036e+03
7.571777572460606279e+03
7.572589978637901368e+03
7.597811369807426672e+03
7.611796107998991829e+03
7.609146112502327014e+03
7.612885406652223537e+03
7.618715933093610147e+03
7.591227597283496834e+03
7.577537246964215228e+03
7.548319160984252449e+03
7.551280759066942665e+03
7.536910312951559717e+03
7.540065479219451845e+03
7.536343421826214581e+03
7.568287997260084921e+03
7.541782826655340614e+03
7.540014642408217696e+03
7.530178774192849232e+03
7.521635871444043005e+03
7.527824307473263616e+03
7.525660345311631318e+03
7.501638484076344866e+03
7.535552977298630140e+03
7.535552977298630140e+03
7.562975889157774873e+03
7.546881073380783164e+03
7.535469831238127881e+03
7.528903741557995090e+03
7.530225855169378519e+03
7.537137080417163816e+03
7.538851445196210989e+03
7.539605933787874164e+03
7.534923089431525113e+03
7.549475830302139912e+03
7.549106779949605880e+03
7.556828810358134433e+03
7.532291603547516388e+03
7.540025895888062223e+03
7.522340803730200605e+03
7.514202906524026730e+03
7.537773010995798359e+03
7.545745569747466106e+03
7.578614988060212454e+03
7.568553589239544635e+03
7.552643041125835225e+03
7.546090922623398001e+03
7.508727509076674323e+03
7.513682935332533816e+03
7.526512041544784552e+03
7.530629813152616407e+03
7.542066551846456605e+03
7.538202616882396796e+03
7.542920405535322971e+03
7.543909790023357345e+03
7.502338892161139484e+03
7.510948642740262585e+03
7.509427241713254261e+03
7.496702240302755854e+03
7.490382896603154222e+03
7.478486971411358354e+03
7.452281089281093045e+03
7.447845692898495145e+03
7.450586265462500705e+03
7.464931092624206940e+03
7.468264495473262286e+03
7.471263088520962810e+03
7.454923703490459047e+03
7.464133094283379251e+03
7.481065662813032759e+03
7.454264286666112639e+03
7.466737093397362514e+03
7.467537548439097918e+03
7.449792481513334678e+03
7.449792481513334678e+03
7.444502965844516439e+03
7.421050930620698637e+03
7.396357457693477954e+03
7.411663295668058709e+03
7.401876868328261480e+03
7.401326132318035889e+03
7.442793077103370706e+03
7.436779333759849578e+03
7.450030279565784440e+03
7.446074846597946816e+03
7.469816969525137210e+03
7.475884576052222656e+03
7.484824977113868954e+03
7.500698265204675408e+03
7.498734376547052307e+03
7.476332161886962240e+03
7.491715171460048623e+03
7.469929196158842387e+03
7.465283704027990098e+03
7.455223585430585445e+03
7.436497501178533639e+03
7.458189299716083042e+03
7.497502791895060909e+03
7.523622346365187695e+03
7.531943051171832849e+03
7.541577550089836222e+03
7.538288559399758924e+03
7.525395898141898215e+03
7.544424367460464964e+03
7.549125686182900608e+03
7.538345382596480704e+03
7.530148000069520094e+03
7.546016223531613832e+03
7.520121610024902111e+03
7.524360143343103118e+03
7.518721309236397246e+03
7.512616247227417261e+03
7.502335644606091591e+03
7.489871310742725655e+03
7.501685374251826033e+03
7.497633388620633923e+03
7.474405752308103729e+03
7.485657814128597238e+03
7.461988347190394961e+03
7.467957037930154911e+03
7.476972814826411195e+03
7.479340913455824193e+03
7.471197545860876744e+03
7.440787329003359446e+03
7.440787329003359446e+03
7.457902176717810107e+03
7.477836277647327734e+03
7.474968332963588182e+03
7.471572905920120320e+03
7.469469444812387337e+03
7.485192211656435575e+03
7.468729420181385649e+03
7.473213764711710610e+03
7.462435209404548914e+03
7.464278694457518213e+03
7.483045021768670267e+03
7.475974488580859543e+03
7.488123903841649735e+03
7.498683226119807841e+03
7.490702560557622746e+03
7.472173224466113425e+03
7.489325462781065653e+03
7.457067319194249649e+03
7.440154244878901409e+03
7.457075152061112021e+03
7.437346905669353873e+03
7.425379354607777714e+03
7.429861252998419332e+03
7.423557796181926278e+03
7.402298559538688096e+03
7.408693390706383070e+03
7.423018664100152819e+03
7.419834869956692273e+03
7.394042223323875078e+03
7.390571369140425304e+03
7.369748339364323328e+03
7.369450337773809224e+03
7.371457591457293347e+03
7.389390082351353158e+03
7.391285083347013824e+03
7.400457902588691468e+03
7.406212150422462400e+03
7.404840143281236124e+03
7.395382337624445427e+03
7.391072699665282926e+03
7.375600623144713609e+03
7.363962115560872917e+03
7.391429825980607347e+03
7.392168714365722735e+03
7.412028039147394338e+03
7.393183208650132656e+03
7.364736811947462229e+03
7.354299869523054440e+03
7.383652966688095148e+03
7.383652966688095148e+03
7.361145484430920988e+03
7.382070741325243034e+03
7.400666043694344808e+03
7.407550661217557717e+03
7.398834119331020702e+03
7.375900080593751227e+03
7.385955892974632661e+03
7.390952640249854994e+03
7.367144098046620456e+03
7.379671850318463839e+03
7.423018377162145953e+03
7.423516627400916150e+03
7.439061117031550566e+03
7.454441875209818136e+03
7.454425144927535257e+03
7.439305527098782477e+03
7.425142518064678370e+03
7.403094317439416045e+03
7.383641222125085733e+03
7.372424960545696194e+03
7.370013982129716169e+03
7.406330903576600576e+03
7.403991417804993944e+03
7.417829924044653126e+03
7.419731779871125582e+03
7.426602149373357861e+03
7.429661946968151824e+03
7.425448431178523606e+03
7.433370326041241242e+03
7.428440270577237243e+03
7.428468310308174296e+03
7.415294514803888887e+03
7.399933797382102966e+03
7.401494161768985578e+03
7.377842107295780806e+03
7.349780430210748818e+03
7.329207986966103817e+03
7.308540795022036036e+03
7.289966243252588356e+03
7.325421958974316112e+03
7.332533131426490399e+03
7.329067944719588013e+03
7.328585948315368114e+03
7.315488146833091378e+03
7.325842106866693939e+03
7.315925878584704151e+03
7.312562944175134362e+03
7.287363921209584987e+03
7.300470969397677436e+03
7.300470969397677436e+03
7.315372657199956848e+03
7.301988550531445981e+03
7.311021440267013531e+03
7.330345227629093642e+03
7.335763143457725164e+03
7.348103064196462583e+03
7.332691728165114910e+03
7.335406112162905629e+03
7.355859492710181257e+03
7.342729188023724419e+03
7.351213270257784643e+03
7.347861579128461926e+03
7.349776532493217928e+03
7.375183611030867723e+03
7.396058700915847112e+03
7.402541836564397272e+03
7.422993507352009146e+03
7.441364824149621199e+03
7.425358186589200159e+03
7.407755595897369858e+03
7.393736424086747320e+03
7.384448215569652348e+03
7.364668156563563571e+03
7.381437268110751575e+03
7.403030501725180329e+03
7.388798866733541217e+03
7.371073399471658377e+03
7.378573513654839189e+03
7.371444262052946215e+03
7.363378966385237618e+03
7.351491336657575630e+03
7.386179113441509799e+03
7.384824391508906047e+03
7.380527191461889743e+03
7.360348952642788390e+03
7.356953920365477643e+03
7.347020429401112779e+03
7.347308809079729144e+03
7.368372041443878516e+03
7.373890543340802651e+03
7.343164905557443490e+03
7.356520035434055899e+03
7.354218165603619127e+03
7.354103856312952303e+03
7.374702508103468062e+03
7.365041169236909809e+03
7.363033450093336796e+03
7.364150707799216434e+03
7.336219278140780261e+03
7.336219278140780261e+03
7.293985866130761679e+03
7.281119951387732726e+03
7.281258781445480963e+03
7.280322497456500969e+03
7.256068036162560929e+03
7.235924863826579895e+03
7.229627039625574980e+03
7.246335620108888179e+03
7.260040768884471618e+03
7.260341238349352352e+03
7.257135521304226131e+03
7.274191848234220743e+03
7.275726694245849103e+03
7.289861886604121537e+03
7.288467610124263047e+03
7.288811098183232389e+03
7.295350233266605755e+03
7.305042668986438912e+03
7.283129851301816416e+03
7.267211817243849509e+03
7.262573956273970907e+03
7.259100399199183812e+03
7.222711099564467986e+03
7.206413596394429078e+03
7.230120988932594628e+03
7.235191203728893015e+03
7.236547317865045443e+03
7.225585489491870248e+03
7.249879344734442384e+03
7.241571822970545327e+03
7.243562130354560395e+03
7.238963812901218262e+03
7.222249421118106511e+03
7.213772525009429955e+03
7.245623390602893778e+03
7.256660115539421895e+03
7.256667820048986869e+03
7.249425171647825664e+03
7.245825242304946187e+03
7.260225720879830078e+03
7.254113677840058699e+03
7.254785883814683984e+03
7.265969625033312695e+03
7.241023881407113549e+03
7.246110323965823227e+03
7.220850641965270370e+03
7.234810081730997808e+03
7.215513317109650416e+03
7.201591062576808326e+03
7.201591062576808326e+03
7.190145006898577776e+03
7.199768551418257630e+03
7.196066554051001731e+03
7.190757395521298349e+03
7.182378776708904297e+03
7.183253694004617500e+03
7.180263768295120826e+03
7.187246499777195822e+03
7.205876408786469256e+03
7.226309799443118209e+03
7.242639783576176342e+03
7.257009136996321104e+03
7.262712695081416314e+03
7.233596055200126102e+03
7.230967510907346878e+03
7.235699479204352428e+03
7.231344503679784793e+03
7.231032633377756611e+03
7.233420376438742096e+03
7.240672754566872754e+03
7.234374493351571800e+03
7.214250532673353518e+03
7.213801138330877620e+03
7.230719436218701958e+03
7.201609467355902780e+03
7.193972466553982485e+03
7.182967884479677195e+03
7.163664227109668900e+03
7.173610733023441753e+03
7.160209041673010688e+03
7.147596368039960907e+03
7.124632949395937430e+03
7.130742584983853703e+03
7.133423043122202216e+03
7.135641366932306482e+03
7.180059200322422839e+03
7.175902321462698637e+03
7.174432019813492843e+03
7.185325553831482466e+03
7.198393388360829704e+03
7.220847026666389866e+03
7.225350870733686861e+03
7.251789353244832455e+03
7.231550501673397775e+03
7.241780302967735224e+03
7.240725105186393193e+03
7.227997910646483433e+03
7.237967533843291676e+03
7.231125093260181529e+03
7.231125093260181529e+03
7.242170462841734661e+03
7.231272352080102792e+03
7.220882029202901322e+03
7.215753534026574016e+03
7.214673223852822957e+03
7.212979421059524611e+03
7.189280881497986229e+03
7.170881601353466976e+03
7.163278799046293898e+03
7.156905169963980370e+03
7.146562557783612647e+03
7.141631929111523277e+03
7.150186192699098683e+03
7.135125785142384302e+03
7.133133462176610010e+03
7.138504825699840694e+03
7.118696529403994646e+03
7.096972499158098799e+03
7.111080921872259751e+03
7.087152750687629123e+03
7.094316999190129536e+03
7.092262561030320285e+03
7.099360260881212525e+03
7.115628939989584069e+03
7.125989720098787984e+03
7.115284268936929038e+03
7.122571188864562828e+03
7.116691894881985718e+03
7.104177385289529411e+03
7.111824273639170315e+03
7.118078747333744104e+03
7.092190210991141612e+03
7.078845255774823272e+03
7.077562662332773471e+03
7.081922309915285950e+03
7.088021512902949326e+03
7.103510095828741214e+03
7.095168613800758067e+03
7.104376283654529288e+03
7.092462270656718829e+03
7.095308398613081408e+03
7.114205706274374279e+03
7.138621168223942732e+03
7.130330051527072101e+03
7.117290401060951808e+03
7.091277813873181913e+03
7.097660950696105829e+03
7.117699089767477744e+03
7.096968547705910169e+03
7.096968547705910169e+03
7.104064773350203723e+03
7.082007902879338872e+03
7.065959938910407800e+03
7.078778020301822835e+03
7.062837945342639614e+03
7.091181381496410722e+03
7.105123050228565262e+03
7.096731478187888570e+03
7.077576670474057210e+03
7.089821796140090555e+03
7.092026477802236514e+03
7.090327983636243516e+03
7.116937143282496436e+03
7.115839603037517008e+03
7.122222807040953739e+03
7.116769040481641241e+03
7.116720901892320398e+03
7.112746217229725517e+03
7.088719137129851333e+03
7.102940515882112777e+03
7.082008638790394798e+03
7.084080995372648431e+03
7.061548664390092199e+03
7.080169974099000683e+03
7.071881034956353687e+03
7.063180852434566077e+03
7.057826176432989996e+03
7.039796293117896312e+03
7.052671223167642893e+03
7.040370116145159955e+03
7.060177676369713481e+03
7.062786833120953816e+03
7.038998518168207738e+03
7.031371035020854833e+03
7.055153525813975648e+03
7.079178838914708649e+03
7.090610200042913675e+03
7.078522902542655174e+03
7.091475436424659165e+03
7.092327391276980961e+03
7.095611736622077842e+03
7.084693122221933663e+03
7.102807916884596125e+03
7.116247264961044493e+03
7.092831997680218592e+03
7.078856267023518740e+03
7.085162408617418805e+03
7.072508677726539645e+03
7.104470224514226175e+03
7.104470224514226175e+03
7.098321898109249560e+03
7.103425105801304198e+03
7.097819788937137673e+03
7.070302780955247727e+03
7.079607924820763401e+03
7.075633222297535212e+03
7.071750611871370893e+03
7.053610024761866953e+03
7.034605569149876828e+03
7.041689671523085053e+03
7.015032048088756710e+03
6.986435355588130733e+03
6.975599786882860826e+03
6.987198870505200830e+03
6.962638368765785344e+03
6.967475749959593486e+03
6.951612681431994133e+03
6.985837547541648746e+03
6.999767077832018003e+03
7.007405406322855015e+03
7.011364189313269890e+03
7.031714008800648116e+03
7.029688482537049822e+03
7.011098019061819286e+03
6.992703215721331617e+03
6.970684057784706056e+03
6.980511851291416860e+03
6.976374019551598394e+03
6.969096092314127418e+03
6.951422146936576610e+03
6.958957360279063323e+03
6.952164703634855869e+03
6.927370887705515997e+03
6.924176069409519187e+03
6.911267690705695713e+03
6.912322903697275251e+03
6.922826950206130277e+03
6.925775670344190075e+03
6.922954520015465278e+03
6.937534784147753271e+03
6.953523225143963828e+03
6.977094646456113878e+03
6.979294280761784648e+03
6.977893749322137410e+03
6.978575448675544067e+03
6.941944141070724072e+03
6.963857109650604798e+03
6.971434517625557419e+03
6.968107045337637828e+03
6.968107045337637828e+03
6.988588912158970743e+03
6.981273020015489237e+03
6.994299308151570585e+03
7.010724883857308669e+03
7.010316307063808381e+03
7.014179300066348333e+03
6.999940961274020083e+03
6.971042927565471473e+03
6.948365649068940002e+03
6.962568436139429650e+03
6.983987774249274480e+03
6.984842587256051047e+03
6.990149998347734254e+03
6.985392699406193969e+03
6.991716690175519034e+03
6.980392892433683301e+03
6.997025789169142627e+03
6.983238830038560991e+03
6.983090559796268280e+03
6.972402349618637345e+03
6.966269193400672521e+03
6.970778480196136115e+03
6.992209379741269004e+03
6.985343129335260528e+03
6.987010711131172684e+03
6.976649398580094385e+03
6.992855446726868649e+03
6.982646605914927932e+03
6.970257386323629362e+03
6.974762075965581062e+03
6.947948243091078439e+03
6.945247488329035150e+03
6.958797259151787330e+03
6.960548209979150670e+03
6.937806278357438714e+03
6.939053473567034416e+03
6.931603309454641931e+03
6.928034935534704346e+03
6.953622610350914329e+03
6.943237125353195552e+03
6.930806398298963359e+03
6.935760301027476999e+03
6.923844598565287015e+03
6.943463915330731652e+03
6.941418399803508692e+03
6.921626713588410894e+03
6.886506164737679683e+03
6.882094124795547941e+03
6.849509126345034019e+03
6.849509126345034019e+03
6.831754524972789113e+03
6.842819355058006295e+03
6.850561908824228340e+03
6.868517496827415016e+03
6.842209054815616582e+03
6.863630395499031692e+03
6.851309154053842576e+03
6.849008167569838406e+03
6.867639344666513352e+03
6.880543406245554252e+03
6.869376636984103243e+03
6.875270409887979440e+03
6.876961841957948309e+03
6.876089836211541297e+03
6.883807806224040178e+03
6.862751974332990358e+03
6.859279580323600385e+03
6.860734450373746768e+03
6.874473853244152451e+03
6.865792780268040588e+03
6.875210421267734091e+03
6.880263220536707195e+03
6.849442080814091241e+03
6.845885714995896706e+03
6.848327754088682013e+03
6.860888444585305479e+03
6.866207198803024767e+03
6.880136014717540093e+03
6.861371172163759184e+03
6.875556845313151825e+03
6.844120817187465946e+03
6.852872294921930916e+03
6.844189456090408385e+03
6.851234464869316071e+03
6.838447918242539345e+03
6.828646553494801083e+03
6.805359721507002178e+03
6.815702635035522690e+03
6.804617771177131544e+03
6.807067831774089427e+03
6.810631895017465467e+03
6.805274457128406539e+03
6.793197491151688155e+03
6.789253217526145818e+03
6.789517920472993865e+03
6.776608787499098071e+03
6.759012370065212053e+03
6.781760174166653997e+03
6.773445981635599310e+03
6.773445981635599310e+03
6.770834325633354638e+03
6.742408619348361754e+03
6.741681904878357273e+03
6.714704781283995544e+03
6.716963074326575224e+03
6.743575112662490938e+03
6.762460621030402763e+03
6.738446024609808774e+03
6.732473623228836914e+03
6.709167674361363424e+03
6.701377283339531459e+03
6.698744141640099770e+03
6.706186069958335793e+03
6.722981277426022643e+03
6.731771687271135306e+03
6.739302522058038448e+03
6.731611746734170993e+03
6.737423537699637563e+03
6.739274331105633792e+03
6.742391816410910906e+03
6.729859386186070878e+03
6.729398076604775270e+03
6.750694939449374033e+03
6.765639328054428006e+03
6.773652433992632723e+03
6.787154513962598685e+03
6.774585315075732979e+03
6.759590059340753214e+03
6.754772288649636721e+03
6.742636485984298815e+03
6.750210059496695976e+03
6.772430685284298306e+03
6.762669628565535277e+03
6.738594942835791699e+03
6.730602348544211964e+03
6.736593832372633187e+03
6.714200477496358872e+03
6.708623608889347452e+03
6.696265116598279747e+03
6.685920052094450512e+03
6.706167698659024609e+03
6.709409647945029974e+03
6.701848133016163956e+03
6.695940936061975663e+03
6.680824336776858217e+03
6.678073583583733125e+03
6.673017398860152753e+03
6.674086366043909038e+03
6.697265723738188171e+03
6.697265723738188171e+03
6.686472169317436055e+03
6.694436321200254497e+03
6.713508202407987483e+03
6.714240258292763428e+03
6.703238283734019205e+03
6.691417111713484701e+03
6.689415078926455863e+03
6.715701538195323337e+03
6.729727956650661326e+03
6.733662892264833317e+03
6.758528417944546163e+03
6.741603180456801056e+03
6.736967796879307571e+03
6.720745548998692357e+03
6.708893707934517806e+03
6.702182905681699594e+03
6.709340575875155082e+03
6.684434545551259362e+03
6.683939007977726760e+03
6.699635735558551460e+03
6.685993919290709528e+03
6.690791954575982345e+03
6.711413879174278918e+03
6.728221418508445822e+03
6.712938529562077747e+03
6.715989362728416381e+03
6.693264325118047054e+03
6.718768467810333277e+03
6.712972892222403061e+03
6.720133663392547533e+03
6.701807981464284239e+03
6.709477793738166838e+03
6.696680131413670097e+03
6.702838328761314187e+03
6.691431111494694051e+03
6.707857992569413909e+03
6.720895712456468573e+03
6.709470120458466226e+03
6.728689330087128837e+03
6.748255495366490322e+03
6.717782579382362201e+03
6.706504569221162456e+03
6.718037417131516122e+03
6.718990851419598584e+03
6.712740151981794043e+03
6.736901349494715760e+03
6.732443984026715043e+03
6.735656971540682207e+03
6.708130498042361069e+03
6.708130498042361069e+03
6.694422846483540525e+03
6.693695208366220868e+03
6.676893628029962201e+03
6.667026757109963000e+03
6.675091563205943203e+03
6.637256352495033752e+03
6.654710263669362575e+03
6.659916716697719494e+03
6.649347202186143477e+03
6.649595569508201152e+03
6.678128595441155994e+03
6.647373711179650854e+03
6.661121096054473128e+03
6.652881213828552973e+03
6.653038283274118839e+03
6.629911266550278015e+03
6.636972651274003510e+03
6.624196162947497214e+03
6.613690327207431437e+03
6.620859116552862361e+03
6.621882228352801576e+03
6.625513689777864784e+03
6.623523039895730108e+03
6.594566135768045569e+03
6.603331542561007154e+03
6.621846092481536289e+03
6.610287224115402751e+03
6.581566852593718068e+03
6.586416697053003190e+03
6.607026559897436528e+03
6.596856008668353752e+03
6.583392100290950111e+03
6.580298895021665885e+03
6.600750907763028408e+03
6.584574422734603104e+03
6.583075858584655180e+03
6.571956721453085265e+03
6.575687905815620979e+03
6.595247927799649005e+03
6.585384340437427454e+03
6.593332255874936891e+03
6.582177627715383096e+03
6.582709691209386619e+03
6.588241533083116337e+03
6.575385999066306795e+03
6.579061774254312695e+03
6.582466164916504567e+03
6.599796032808191740e+03
6.619004045420947477e+03
6.619004045420947477e+03
6.615035241695475634e+03
6.609383837543067784e+03
6.621581171525594073e+03
6.620066592465013855e+03
6.614011921619919121e+03
6.625083912479069113e+03
6.619384153809714007e+03
6.604281220615959683e+03
6.606915933245634733e+03
6.610932083474393949e+03
6.599124517956266573e+03
6.592142478153912634e+03
6.578949548508699991e+03
6.569360359000726930e+03
6.576316232833350114e+03
6.556271763404818557e+03
6.566050328960397565e+03
6.559652379004978684e+03
6.563579341177636707e+03
6.530879866293964369e+03
6.493007321918616981e+03
6.488883681840845384e+03
6.492849967545547770e+03
6.493965138615965770e+03
6.470516266314842142e+03
6.474274919732166381e+03
6.486745078515761634e+03
6.482031594208439856e+03
6.480313111118682173e+03
6.466932604804659604e+03
6.481415502734564143e+03
6.505371230526146974e+03
6.489601562138249392e+03
6.493935773095307013e+03
6.481219832560472241e+03
6.469611819781434860e+03
6.487197378929229671e+03
6.501623266264388803e+03
6.492557496963951053e+03
6.501243899647196486e+03
6.491553938506286613e+03
6.502064170029938396e+03
6.499341354553332167e+03
6.495679077776268969e+03
6.490968916195441125e+03
6.472151944662415190e+03
6.491769657286925394e+03
6.508505970818461719e+03
6.500843400391875548e+03
6.500843400391875548e+03
6.493838903002270854e+03
6.482625243756009695e+03
6.481485681307115556e+03
6.508562308259241036e+03
6.497720152820912517e+03
6.482962151353072841e+03
6.487292286482583222e+03
6.455776855011915359e+03
6.461771549425009653e+03
6.445890413661811181e+03
6.437451058418397224e+03
6.453580286568053452e+03
6.479996369249556665e+03
6.477245532904024003e+03
6.480222792205859150e+03
6.491914547364041027e+03
6.475177938276826353e+03
6.440702817016493100e+03
6.465863466552858881e+03
6.474372377355377466e+03
6.452369931860916950e+03
6.435555852072096059e+03
6.446194316054002229e+03
6.436521817740495862e+03
6.416065739356448830e+03
6.408868862043652371e+03
6.420575934985110507e+03
6.423262725666872029e+03
6.407791643726247457e+03
6.406635112563297298e+03
6.423914735714351082e+03
6.411631523881846078e+03
6.411404097161106620e+03
6.427620026239245817e+03
6.427890245284127559e+03
6.420755052173867625e+03
6.424869910769840317e+03
6.441516295918712785e+03
6.432547282396964874e+03
6.430100510231393855e+03
6.421750930243796574e+03
6.401930397974021616e+03
6.390556526647033024e+03
6.390656614421395716e+03
6.388663236137190324e+03
6.389152353618045709e+03
6.386012300302533731e+03
6.373910764495036346e+03
6.390489147418322318e+03
6.390489147418322318e+03
6.392711368757401942e+03
6.391003076622132539e+03
6.400122923245778111e+03
6.409675864615412138e+03
6.401780409781032176e+03
6.379498049489058758e+03
6.377217430787088233e+03
6.381334052944578616e+03
6.397815097749267807e+03
6.387647040587350602e+03
6.402750658195724100e+03
6.388963151751223450e+03
6.401453988985933393e+03
6.388404538855827013e+03
6.393951305016555125e+03
6.408038161039055012e+03
6.434045604235642713e+03
6.436155794100620369e+03
6.438058958082988283e+03
6.424376484794164753e+03
6.417036381387400979e+03
6.394954993633366939e+03
6.393304779547246653e+03
6.395027911460362702e+03
6.386476384880802470e+03
6.363522209857144844e+03
6.374056058859220684e+03
6.348042469796008845e+03
6.350333838798572287e+03
6.360298011626127845e+03
6.349902350791254321e+03
6.351089094267770633e+03
6.319485121638136661e+03
6.315454129510536404e+03
6.311769908522778678e+03
6.300501293706403885e+03
6.293059353216290219e+03
6.287415053871233795e+03
6.283383077809640781e+03
6.276979678607637652e+03
6.260879572505076794e+03
6.272125491554425025e+03
6.245082019162650795e+03
6.245962631460099146e+03
6.258033615236602600e+03
6.261436168462298156e+03
6.261267520504063214e+03
6.268510400746782580e+03
6.263598690590876686e+03
6.263598690590876686e+03
6.256427707857416863e+03
6.273876135638393862e+03
6.267727500337292440e+03
6.259809339521844777e+03
6.273388908848859501e+03
6.278353881518091839e+03
6.273411012710280374e+03
6.282504224725610584e+03
6.270787419138076075e+03
6.274551675591855201e+03
6.286661034583651599e+03
6.286082558182441971e+03
6.310904313081226064e+03
6.321648554117416097e+03
6.317172147146633506e+03
6.320696465511427050e+03
6.304816069859542040e+03
6.301109681614430883e+03
6.276724414462894856e+03
6.288720296903939925e+03
6.284154703683012485e+03
6.292973864610002238e+03
6.285397350920054123e+03
6.271748669806771431e+03
6.263128212911488845e+03
6.235698290022634865e+03
6.236620521620667205e+03
6.242525305445317827e+03
6.234960321931650469e+03
6.215521892493777159e+03
6.210040526420990318e+03
6.193371490327830543e+03
6.170067701012744692e+03
6.196485697922411418e+03
6.183773769459234245e+03
6.172044751529087989e+03
6.182303909010542156e+03
6.194432062795240199e+03
6.195983426611588584e+03
6.201745160189823764e+03
6.197181429332217704e+03
6.201548735107317043e+03
6.195596467945081713e+03
6.203887040919571518e+03
6.218335921898978995e+03
6.219304727346629988e+03
6.198124819651501639e+03
6.208325526364565121e+03
6.212849346231796517e+03
6.212849346231796517e+03
6.204815465523258354e+03
6.186960866043231363e+03
6.192373496913800409e+03
6.201756796919983572e+03
6.211999708657898736e+03
6.207230033599233138e+03
6.233902226563776821e+03
6.239552809761567005e+03
6.257466023952449177e+03
6.228130522095671950e+03
6.220869409600694780e+03
6.224703614063102577e+03
6.240053528474531049e+03
6.225501941125914527e+03
6.224585810701962146e+03
6.214226631833928877e+03
6.210189610983614330e+03
6.199116478459488462e+03
6.200836254738614116e+03
6.191942324516765439e+03
6.183709780318273260e+03
6.205765380049922896e+03
6.175103550969908611e+03
6.173352151122519899e+03
6.185488763601559185e+03
6.192922006751048684e+03
6.188718730026406774e+03
6.193345514275704772e+03
6.181879871589341747e+03
6.192556488550454560e+03
6.186198544215790207e+03
6.185349774092112966e+03
6.183121895789257906e+03
6.189077283204800551e+03
6.189541640465972705e+03
6.193231889131433491e+03
6.217092513745999895e+03
6.226409573072401145e+03
6.200931583348550703e+03
6.195972155474649298e+03
6.203630025269319049e+03
6.194239094105620097e+03
6.206714038814160631e+03
6.212981506310590703e+03
6.197882104085315405e+03
6.164406002337410428e+03
6.171215524974181790e+03
6.163531011288660920e+03
6.171599193579679195e+03
6.171599193579679195e+03
6.163501319536757364e+03
6.158739989771251203e+03
6.159558785948319382e+03
6.142879655083598664e+03
6.139286375895742822e+03
6.144336008726671935e+03
6.131771712232287427e+03
6.111619689980487237e+03
6.122204301088450848e+03
6.101694165089220405e+03
6.108717321295112015e+03
6.110046756726267631e+03
6.089789396266560288e+03
6.105555403720702998e+03
6.081459278686723337e+03
6.091770033726750626e+03
6.101845283978965199e+03
6.100617303881793305e+03
6.093671265631686765e+03
6.099164016164719214e+03
6.091694464160676034e+03
6.082678227586177854e+03
6.080856178289371201e+03
6.069038015615192307e+03
6.053271755576468422e+03
6.051597064500598208e+03
6.072962312688092425e+03
6.072065502717556228e+03
6.094864607832916590e+03
6.083592108043186272e+03
6.082753827268752502e+03
6.091674853328794597e+03
6.106859174159637405e+03
6.080292097787011699e+03
6.078211516981747081e+03
6.068587594399937188e+03
6.069192097320874382e+03
6.063127223192518613e+03
6.049554277308852761e+03
6.066620811042131209e+03
6.066631907537514053e+03
6.076091040495683956e+03
6.079869571457642451e+03
6.092608518346462006e+03
6.106137331257520600e+03
6.107875665858073262e+03
6.103460586398015039e+03
6.089046087177254776e+03
6.094930947218018446e+03
6.094930947218018446e+03
6.085592416653917098e+03
6.095459059428196269e+03
6.080605805966628395e+03
6.077091005747613053e+03
6.074701249023405580e+03
6.054627602830144497e+03
6.061246630737437044e+03
6.055817472548630576e+03
6.048779107581649441e+03
6.038807278950199361e+03
6.016382753288539789e+03
6.029881437228972572e+03
6.019803481168239159e+03
6.021612232064117052e+03
6.018961272275513693e+03
6.000854453960575484e+03
5.997831329747834388e+03
5.998961111570994035e+03
5.992580412290714776e+03
5.983062897287163651e+03
5.971954914955086679e+03
5.973336663418326680e+03
5.986153878516616714e+03
5.990577561069282638e+03
5.987511426200547248e+03
5.982558717991611047e+03
6.000099778852710187e+03
5.986423485450141925e+03
5.984534677108268625e+03
5.986741847170126675e+03
6.001801709763845793e+03
5.993452782893360563e+03
6.010353723832491596e+03
6.009267155359728349e+03
6.014997888403417164e+03
6.021036274775407037e+03
6.003814968559732733e+03
5.994614763995495196e+03
5.973537028337716038e+03
5.964608255125114738e+03
5.947073879228508304e+03
5.937596407451447703e+03
5.927902472280267830e+03
5.936116806246292072e+03
5.928268562489131000e+03
5.930636812277749414e+03
5.925980834059379049e+03
5.929444939325432642e+03
5.939450763138231196e+03
5.939450763138231196e+03
5.929255094941388961e+03
5.911851689776087369e+03
5.905519569827484702e+03
5.898087580790598622e+03
5.895375539515910532e+03
5.893460499506850283e+03
5.892543495973274730e+03
5.878235402212533700e+03
5.852386416952109357e+03
5.863277017095205338e+03
5.861909335255782025e+03
5.854775793426326345e+03
5.838834967746425718e+03
5.841979498855141173e+03
5.846455627625680791e+03
5.852944445968526452e+03
5.851545889875372268e+03
5.867483204667774771e+03
5.851059763030998511e+03
5.872343251734525438e+03
5.860620986341297794e+03
5.869017970087256799e+03
5.878376763880311955e+03
5.883948895747263123e+03
5.880533130319371594e+03
5.879557537860245247e+03
5.892972387075383267e+03
5.885621240023024257e+03
5.887409100118658898e+03
5.891907227154457360e+03
5.875422482351218605e+03
5.875533693645338644e+03
5.876679842562338308e+03
5.857690552286241655e+03
5.840846028739647409e+03
5.832947615345411577e+03
5.837998512291117549e+03
5.839223330102658110e+03
5.833970767915479883e+03
5.822942090927766913e+03
5.807312510858136193e+03
5.795462619043456471e+03
5.803425119710108447e+03
5.807075469487615919e+03
5.813284129408967601e+03
5.806772492614813928e+03
5.805686911699482152e+03
5.818973736623635887e+03
5.814142742478758009e+03
5.814142742478758009e+03
5.825786006603293572e+03
5.811361050887203419e+03
5.814304449584518807e+03
5.812061171858242233e+03
5.814550379567553136e+03
5.817993886366573861e+03
5.803484028059589946e+03
5.796254611143746843e+03
5.800796075662827207e+03
5.818522049686752325e+03
5.819380200248951041e+03
5.826192767968933367e+03
5.824387022956787405e+03
5.820213727487167489e+03
5.810459016913133382e+03
5.803476906647067153e+03
5.789498007157381835e+03
5.791216856666732383e+03
5.798930259728645069e+03
5.785960542966456160e+03
5.799592539995747757e+03
5.783223144947931360e+03
5.781904404666775008e+03
5.784447555578829451e+03
5.802876352170724203e+03
5.789673405836701932e+03
5.781383362113576368e+03
5.791416496336735690e+03
5.801408167740159115e+03
5.782730876639455346e+03
5.788035487106436449e+03
5.796858679746903363e+03
5.775144672983507917e+03
5.771684207920872723e+03
5.786975999088993376e+03
5.780376982133690944e+03
5.772878713822019563e+03
5.771790980299442708e+03
5.777210446502945160e+03
5.767685806017861069e+03
5.764644019125717932e+03
5.745256422336889045e+03
5.754724186026144707e+03
5.760536233820625057e+03
5.750494134148068952e+03
5.730807492112767250e+03
5.732797622158507693e+03
5.762443516870225722e+03
5.741530321187063237e+03
5.741530321187063237e+03
5.751724647476712562e+03
5.749362127857998530e+03
5.726540343915983613e+03
5.719071327577443299e+03
5.726543731796074098e+03
5.737848648754511487e+03
5.744048607186309710e+03
5.749757915370922092e+03
5.747242946515009862e+03
5.738119000330520976e+03
5.722069846271647293e+03
5.733605414616458802e+03
5.721083853234435082e+03
5.704612232881679120e+03
5.696895099843317439e+03
5.676768111196715836e+03
5.673615558002546095e+03
5.663171965169539362e+03
5.683362483480736955e+03
5.667388451012549012e+03
5.669090146448144878e+03
5.652837371131818145e+03
5.658054286766828227e+03
5.631125897212255950e+03
5.614325415887738927e+03
5.622139639163028733e+03
5.623334860954412761e+03
5.634521206566400906e+03
5.632592933057228947e+03
5.631451118936951389e+03
5.640351151322982332e+03
5.652884729081500154e+03
5.633481544968552043e+03
5.639903243478639524e+03
5.647150359953738189e+03
5.645049430478075010e+03
5.638260709033444073e+03
5.645288319469965245e+03
5.634833717443328169e+03
5.629229178926065288e+03
5.631394185950442989e+03
5.630057804145208138e+03
5.637389493913011393e+03
5.649927925883355783e+03
5.653192033760404229e+03
5.646771235256739601e+03
5.644390319647836805e+03
5.633456123080844009e+03
5.623630283792528644e+03
5.623630283792528644e+03
5.616043384538723330e+03
5.632228473600879624e+03
5.631804485345596731e+03
5.613557612745042206e+03
5.628475637676869155e+03
5.643449901088113620e+03
5.638471575853385730e+03
5.648875767491705119e+03
5.640666317454989439e+03
5.644143200975750005e+03
5.649552891118581101e+03
5.656092754811916166e+03
5.640343451795701185e+03
5.646304303670385707e+03
5.627406910094398881e+03
5.641079130788175462e+03
5.654438260346863899e+03
5.649546873334794327e+03
5.651261088211210335e+03
5.638994944472235147e+03
5.604347514215318370e+03
5.598526603109457028e+03
5.597475820183304677e+03
5.595053445782766175e+03
5.583349637853469176e+03
5.603898004123430837e+03
5.593581104747334393e+03
5.598730195578735220e+03
5.579835716005084578e+03
5.579440398367170019e+03
5.571718097960761952e+03
5.568144093792917374e+03
5.558162028041597296e+03
5.546881210381225173e+03
5.553415682033643861e+03
5.530212981758522801e+03
5.529309803352190102e+03
5.525307461022090138e+03
5.512229346836309560e+03
5.498422049694156158e+03
5.486456289500601088e+03
5.482722204868721747e+03
5.482225970785209029e+03
5.489452577984689015e+03
5.501068808993964012e+03
5.494303404931740261e+03
5.502812600124625533e+03
5.506841146040464082e+03
5.499775189776923071e+03
5.499775189776923071e+03
5.493944040241553012e+03
5.500105367529503383e+03
5.499675218066044181e+03
5.499096290878209402e+03
5.516178770691094542e+03
5.528359216412953174e+03
5.547324101208523643e+03
5.548727866242675191e+03
5.536484393121954781e+03
5.534990803605642213e+03
5.518785083621385638e+03
5.525596986408813791e+03
5.529516476409272400e+03
5.529225116158530909e+03
5.514157880348825529e+03
5.493891375608942326e+03
5.491155759328862587e+03
5.483878107301770797e+03
5.478332427815615119e+03
5.472415254615140839e+03
5.479295901227228569e+03
5.476264079604860854e+03
5.472740856342956249e+03
5.478617736284367311e+03
5.462150687824866509e+03
5.474076341456708178e+03
5.451102347484158599e+03
5.441515249801901518e+03
5.438653135661581473e+03
5.439110668730167163e+03
5.425945656800467077e+03
5.415245751740383639e+03
5.422757674828841118e+03
5.409251272318276278e+03
5.406779001075266024e+03
5.394291985346448200e+03
5.400774423715447483e+03
5.401160257972224827e+03
5.402469109833568837e+03
5.412039625668929148e+03
5.424021630493985867e+03
5.426308008433463328e+03
5.437743009613052891e+03
5.430289094239799851e+03
5.426558384201363879e+03
5.433235248959591445e+03
5.426345996404443213e+03
5.424609012889643964e+03
5.425002234128172859e+03
5.425002234128172859e+03
5.421661732616396876e+03
5.438634205694062075e+03
5.441299950238480051e+03
5.426637776999267771e+03
5.437446423445418077e+03
5.449733562572850133e+03
5.445181253926997670e+03
5.433733439160097078e+03
5.432189203231911961e+03
5.424168872216464479e+03
5.425591933171769597e+03
5.427791888135150657e+03
5.424426053298788247e+03
5.420744623993890855e+03
5.418841533246752078e+03
5.413660684268927980e+03
5.399251891697980682e+03
5.393639391458088539e+03
5.382245892615801495e+03
5.363827151286573098e+03
5.363212898178587238e+03
5.366378306196813355e+03
5.373281453079101084e+03
5.384954829025842628e+03
5.390033098306420470e+03
5.387872268781362436e+03
5.373278358430021399e+03
5.384918718290101424e+03
5.382199078969270886e+03
5.374173012771571848e+03
5.379661654757518590e+03
5.378954294052069599e+03
5.362409953471428707e+03
5.352803968446037288e+03
5.334412343854580286e+03
5.332149817524809805e+03
5.318851563125234861e+03
5.333847008754521084e+03
5.324263854939133125e+03
5.317757728570050858e+03
5.321310522646626850e+03
5.315892886354855364e+03
5.320170134040313314e+03
5.321149605584634628e+03
5.314624819572557499e+03
5.308828078394802105e+03
5.297690320301311658e+03
5.288881735726429724e+03
5.293704788184438257e+03
5.293704788184438257e+03
5.290935128815708595e+03
5.285092489526411555e+03
5.283948267638249490e+03
5.268162920163719718e+03
5.257377427947602882e+03
5.251976951874463339e+03
5.266686861118840170e+03
5.280629137819394600e+03
5.260559859674409381e+03
5.252574540723947393e+03
5.250691546547874168e+03
5.242237309449706117e+03
5.244908311130251604e+03
5.239637115387129597e+03
5.237756455259759605e+03
5.244261840626980302e+03
5.230104674264186542e+03
5.225785179160279768e+03
5.246309394783388598e+03
5.260661179538918987e+03
5.269023440484047569e+03
5.247035064566995061e+03
5.254403955776931070e+03
5.251235507474964834e+03
5.257737902550040417e+03
5.267167433330657332e+03
5.269187927914758802e+03
5.257672333439182694e+03
5.246079808616324954e+03
5.247582519043567117e+03
5.244435448764843386e+03
5.251969108003207111e+03
5.236731404399722123e+03
5.251359093920194937e+03
5.257469196438989457e+03
5.242566910628063852e+03
5.250097540550562371e+03
5.242343928752172360e+03
5.242203775505965496e+03
5.239130627706171254e+03
5.239803045727273457e+03
5.234300311847034209e+03
5.250661032430389241e+03
5.249783866045087052e+03
5.240925271606875867e+03
5.230197102244003872e+03
5.225598375338125152e+03
5.231262660394804698e+03
5.225679570162106756e+03
5.225679570162106756e+03
5.220895222091565302e+03
5.191628916649305211e+03
5.181715650194315458e+03
5.183331823767168316e+03
5.162941538605479764e+03
5.158332667497771581e+03
5.152833847167657041e+03
5.162092655879695485e+03
5.155881763924685401e+03
5.164203389485688604e+03
5.175472237828712423e+03
5.189320688589734345e+03
5.181876680250044046e+03
5.184893709278148890e+03
5.173792679219062848e+03
5.178751313319987275e+03
5.169156558468373078e+03
5.158788465119627290e+03
5.146616951750458611e+03
5.150631644962230894e+03
5.128338874968952950e+03
5.129297403417453097e+03
5.145329047521105167e+03
5.142167515822637142e+03
5.136387358003517875e+03
5.125405747757699828e+03
5.109952937902166923e+03
5.116221533506730339e+03
5.115638723091255088e+03
5.104984759865968954e+03
5.112171586250660766e+03
5.109178600314099640e+03
5.114380612289221062e+03
5.108378491305675198e+03
5.106111273574215375e+03
5.109342867377239600e+03
5.114461653131808816e+03
5.105049904324847375e+03
5.099497998597861624e+03
5.096109658322363430e+03
5.093367402445616790e+03
5.104923241654687445e+03
5.104130651425126416e+03
5.116659287707445401e+03
5.102669588708108677e+03
5.102910919618326261e+03
5.086446618614592808e+03
5.073997818653229842e+03
5.061141269295650090e+03
5.061141269295650090e+03
5.067842761347748819e+03
5.059669792353801313e+03
5.047778807996985961e+03
5.060055231602642380e+03
5.044874677144029192e+03
5.057817182859477725e+03
5.043643679660217458e+03
5.038385430186775011e+03
5.046636544482202225e+03
5.052826522895582457e+03
5.069353089609515337e+03
5.063682733695353818e+03
5.055499882186325522e+03
5.042266288308789626e+03
5.034733387477766883e+03
5.022541993902865215e+03
5.030600562902966885e+03
5.026145389782992424e+03
5.012966817183453713e+03
5.014502569228046013e+03
5.026800037872078974e+03
5.032526294690114810e+03
5.041628581545842280e+03
5.017910942801464444e+03
5.012547476862169788e+03
5.012701049490141486e+03
5.006500959124473411e+03
5.000322213008956169e+03
4.982339604799482913e+03
4.990440508014845364e+03
4.969698306282331032e+03
4.969695996542063767e+03
4.984916847003983094e+03
4.979300515744549557e+03
4.974679053572618614e+03
4.967215600269788411e+03
4.963698391781471400e+03
4.964561443773193787e+03
4.964048833069004104e+03
4.974816456244732763e+03
4.964476780869319555e+03
4.962758475476718559e+03
4.955567933461810753e+03
4.942433551743943099e+03
4.955642334046776341e+03
4.937883712744497643e+03
4.942758020288605621e+03
4.962406894872596240e+03
4.954615543352790155e+03
4.954615543352790155e+03
4.954737894035726640e+03
4.953532802977169922e+03
4.958472295586467226e+03
4.965070168555414057e+03
4.964176071406477604e+03
4.957249980118152052e+03
4.955720156332607985e+03
4.960641178995238988e+03
4.965571494886122309e+03
4.962644498484216456e+03
4.965433112088968301e+03
4.945040562292836512e+03
4.942344229557544168e+03
4.945413384540091101e+03
4.936772862061476189e+03
4.939772097931388998e+03
4.948006685520766951e+03
4.949176624144258312e+03
4.954042951351910233e+03
4.952328320216053726e+03
4.948467825161835208e+03
4.956556676813263039e+03
4.955837089867955910e+03
4.945574631318131651e+03
4.933733663310788870e+03
4.919544258726244152e+03
4.935821848836238132e+03
4.931593931735648766e+03
4.921545758131158436e+03
4.904202502871616161e+03
4.906712117708416372e+03
4.920313070331769268e+03
4.912462892668044333e+03
4.919928300185255466e+03
4.902922692552479020e+03
4.891385755963548036e+03
4.892103013429307794e+03
4.894226447992428803e+03
4.884181714941944847e+03
4.884300401016302203e+03
4.866715915701967788e+03
4.865493174979960713e+03
4.852526934296633954e+03
4.858501244120166120e+03
4.861556822128554813e+03
4.853137014379842185e+03
4.852849369908373774e+03
4.849532078889204058e+03
4.853313877831002173e+03
4.853313877831002173e+03
4.850531868080322056e+03
4.844777329260716215e+03
4.840580154301681432e+03
4.835273649777820538e+03
4.834891870311675120e+03
4.828583375057733974e+03
4.829218478919387962e+03
4.837847049936137410e+03
4.857760811752557856e+03
4.857014475414487606e+03
4.856523670146576478e+03
4.848241680906930924e+03
4.837759858562078080e+03
4.830975512354347302e+03
4.832856531801873643e+03
4.837585304377011198e+03
4.812712281267627077e+03
4.791023420887008797e+03
4.777832296533224508e+03
4.765495220410251932e+03
4.747675588713238540e+03
4.750177670676866910e+03
4.757708514819198172e+03
4.742722597209717605e+03
4.749521933187514151e+03
4.749124881086295318e+03
4.746904499709894480e+03
4.754586723279992839e+03
4.743138290963729560e+03
4.743141809996581287e+03
4.750311535104677205e+03
4.741056013441984760e+03
4.735460912932253450e+03
4.734017850435093351e+03
4.713480790648081893e+03
4.701621414240221384e+03
4.706991181998169850e+03
4.706124189493674749e+03
4.703431180453624620e+03
4.707020776466831194e+03
4.710277273288391370e+03
4.718754935858618410e+03
4.707621361286268439e+03
4.693405807865312454e+03
4.699798993448752299e+03
4.696621505658536080e+03
4.693761494893381496e+03
4.712997957291961939e+03
4.711536587897869140e+03
4.711536587897869140e+03
4.704751871175246379e+03
4.689363324096126235e+03
4.678057016426060727e+03
4.682326324948689944e+03
4.691817298766066415e+03
4.690596603635059182e+03
4.692605718482056545e+03
4.703601117034472736e+03
4.711346602251738659e+03
4.720204352179678608e+03
4.718567607563656566e+03
4.709672778208177078e+03
4.701051065925556941e+03
4.710015684567450990e+03
4.711243954928631865e+03
4.705352642972181457e+03
4.691630957475486866e+03
4.681760216653341558e+03
4.677537250137612318e+03
4.679757809492622073e+03
4.691851184399997692e+03
4.685078098899907673e+03
4.696006339537540043e+03
4.695389364413561452e+03
4.706669178504468618e+03
4.700414145500848463e+03
4.687925036044359331e+03
4.696065424884604909e+03
4.698722752340317129e+03
4.678360250084619111e+03
4.664321006034518177e+03
4.655847745032410785e+03
4.661465026017538548e+03
4.656353715581160941e+03
4.648042762553746797e+03
4.638209471571231916e+03
4.648147178208751029e+03
4.658473619801177847e+03
4.661056663810179998e+03
4.657496439903534338e+03
4.652047243805552171e+03
4.643045003462942077e+03
4.636941296964485446e+03
4.629166496227928292e+03
4.634779025246701167e+03
4.633622434528708254e+03
4.626198531963185815e+03
4.641301016578090639e+03
4.633171303053255542e+03
4.633171303053255542e+03
4.624950787759228660e+03
4.605259648688577727e+03
4.601856982525467174e+03
4.590082249197939745e+03
4.583441152825530480e+03
4.593053461894583052e+03
4.589190036795066590e+03
4.587339350026250031e+03
4.593587626322528195e+03
4.586053788068497852e+03
4.567040406506353065e+03
4.554828433649263388e+03
4.535980479440423551e+03
4.542549756349622839e+03
4.538787614141018821e+03
4.546159333606286964e+03
4.548366765293733806e+03
4.565570132612780981e+03
4.554881607462069951e+03
4.556959572034232224e+03
4.554745911749768311e+03
4.548668529682888220e+03
4.544818263732857304e+03
4.531867265383537415e+03
4.533730954475010549e+03
4.541730850677438866e+03
4.542207539685060510e+03
4.554378386506236893e+03
4.561933713316583635e+03
4.557227825968146135e+03
4.561112461001639531e+03
4.560554094795971650e+03
4.551836811241008945e+03
4.554167851213396716e+03
4.536884769177310773e+03
4.530455785736997314e+03
4.540897841415719085e+03
4.540721710240451102e+03
4.526905080343459304e+03
4.519619315335129613e+03
4.523172651435633270e+03
4.502352858928306887e+03
4.504196168000000398e+03
4.504327259370019419e+03
4.500472852160683033e+03
4.495391166581986909e+03
4.478536642868437411e+03
4.466497010114390832e+03
4.459555879533229927e+03
4.459555879533229927e+03
4.461634966432777219e+03
4.455873090261610741e+03
4.465993589758850248e+03
4.467886018975860679e+03
4.467082577449765267e+03
4.467135730518498349e+03
4.464049152564558426e+03
4.454854348237884551e+03
4.456329196598791896e+03
4.467427309358463390e+03
4.470895160943167866e+03
4.469492875808769895e+03
4.474852043744892399e+03
4.466842539256832424e+03
4.470697111974289328e+03
4.476924203182464225e+03
4.468962499728800140e+03
4.475381890210545862e+03
4.459809183411132835e+03
4.468516677583576893e+03
4.463437350159855669e+03
4.466355741826432677e+03
4.468711505888751162e+03
4.467527537458823645e+03
4.450036768845465303e+03
4.442179859626409780e+03
4.434719053184616314e+03
4.432939072714789290e+03
4.431190745472223171e+03
4.421277707306234333e+03
4.410745243245821257e+03
4.408202187222293105e+03
4.425446470895715720e+03
4.429280170944402926e+03
4.411241941269008748e+03
4.406449182218510941e+03
4.393175321453046308e+03
4.401271875310732867e+03
4.400485200437785352e+03
4.413776661881564905e+03
4.406437445737790767e+03
4.393633422616167991e+03
4.393165497202651750e+03
4.383583503016806389e+03
4.375422690874041109e+03
4.370106877384280779e+03
4.365346149496435828e+03
4.356873135263846052e+03
4.361831023738995100e+03
4.361831023738995100e+03
4.362315053265355346e+03
4.366008917467723222e+03
4.371335833844756053e+03
4.366903296625016992e+03
4.376970010981914129e+03
4.380176264177848680e+03
4.382539215389874698e+03
4.375094739238353213e+03
4.372386668947093312e+03
4.368622436899599052e+03
4.351728447441774733e+03
4.349941551423315104e+03
4.360194022368206788e+03
4.367521109313416673e+03
4.360697120107339288e+03
4.347333625476057932e+03
4.343040888095199989e+03
4.344996296101679036e+03
4.355148334768003224e+03
4.351532998126127495e+03
4.349740914143544614e+03
4.332622773077801867e+03
4.313326030869769966e+03
4.297485326592467572e+03
4.282481754317325795e+03
4.285692503881780794e+03
4.280472376734885074e+03
4.272083675672860409e+03
4.271041732752529242e+03
4.265508718028690055e+03
4.248979374518808982e+03
4.256851717534684212e+03
4.246551789271687994e+03
4.243465451262896750e+03
4.239322906075983155e+03
4.259207292533752479e+03
4.268956879960066544e+03
4.271617235801839342e+03
4.265197614524628079e+03
4.273662204007349828e+03
4.266816973272603718e+03
4.253123932498544491e+03
4.256235845577841246e+03
4.242777311220129377e+03
4.238027513936539435e+03
4.246787244898335302e+03
4.244372807640294923e+03
4.237741681813291507e+03
4.227608824578690474e+03
4.227608824578690474e+03
4.231033423134457735e+03
4.223577421544316167e+03
4.219415079618238451e+03
4.215137832967453505e+03
4.201929012962241359e+03
4.194717821123444992e+03
4.196223012627155185e+03
4.208077314739480244e+03
4.199439149125311815e+03
4.205991636931218636e+03
4.202891534683571081e+03
4.208233692042814255e+03
4.213977702157943895e+03
4.215646689261373467e+03
4.205682119441668874e+03
4.195194047495068844e+03
4.210365854407842562e+03
4.203912320979546166e+03
4.196649241251121566e+03
4.196623188613854836e+03
4.219415649326208950e+03
4.207503668075678434e+03
4.211850854859942046e+03
4.228576322205842189e+03
