-3.934169558705991676e+03
-3.875774628259830934e+03
-3.837438996826182120e+03
-3.796389670149539143e+03
-3.762820701789650229e+03
-3.724214268383439048e+03
-3.686305057716874671e+03
-3.674164490574200045e+03
-3.649198032755781242e+03
-3.647776923431635623e+03
-3.646067106370192050e+03
-3.652950775436849653e+03
-3.630464583514065907e+03
-3.643569077705840755e+03
-3.660061702644343768e+03
-3.688502443567209866e+03
-3.714160854030317296e+03
-3.730778145136474905e+03
-3.723403077322053377e+03
-3.733106032828997286e+03
-3.747516257528560800e+03
-3.745379623985781564e+03
-3.740334010544464036e+03
-3.751186372974441838e+03
-3.752268901011016169e+03
-3.754107598658044026e+03
-3.751677921401655112e+03
-3.772654774285178974e+03
-3.777425993414728964e+03
-3.782853815078863590e+03
-3.776654457337452641e+03
-3.785184635315942614e+03
-3.790830760455070958e+03
-3.800412050093428661e+03
-3.792252895126722706e+03
-3.793716385162249480e+03
-3.802243902294119380e+03
-3.803680247695583148e+03
-3.808439176388294072e+03
-3.806005680093477622e+03
-3.798810116157483662e+03
-3.805158831124530934e+03
-3.801916606467116708e+03
-3.796714692761342121e+03
-3.803961362007262778e+03
-3.800492428848124291e+03
-3.804003384691628980e+03
-3.790674763804067879e+03
-3.779243261763374448e+03
-3.767424174541735738e+03
-3.767860953246410645e+03
-3.762383123931188038e+03
-3.764087857750544117e+03
-3.760860796082025445e+03
-3.768204071125781411e+03
-3.764422438409316328e+03
-3.759472833358629032e+03
-3.753169813904779858e+03
-3.752885949189884286e+03
-3.748511972588376466e+03
-3.754233380647986905e+03
-3.745237381934305631e+03
-3.736404005292714373e+03
-3.744530520153772159e+03
-3.742941039479876508e+03
-3.758705313053311784e+03
-3.765243460929323646e+03
-3.759866019185360983e+03
-3.755868172080710792e+03
-3.752707337101346639e+03
-3.753611814826289901e+03
-3.755907555843918544e+03
-3.753852677044132179e+03
-3.749294919573900188e+03
-3.734129224184459872e+03
-3.738235000531299193e+03
-3.746878995273895271e+03
-3.737325952391315241e+03
-3.743523823357876154e+03
-3.737656516142380951e+03
-3.741576159495940374e+03
-3.742664275035886021e+03
-3.749963005708363653e+03
-3.748868897957587251e+03
-3.748206941652974820e+03
-3.747622624538897526e+03
-3.757667891350584796e+03
-3.756848716914195847e+03
-3.752917100654351998e+03
-3.742058573742007411e+03
-3.746864081924903530e+03
-3.761024006809906496e+03
-3.753035936325005423e+03
-3.746479449381819904e+03
-3.758613966505844019e+03
-3.746689581807535433e+03
-3.748340771013602080e+03
-3.736973940163910356e+03
-3.727326312419870192e+03
-3.723637475937363888e+03
-3.721591349101649030e+03
-3.713130954844179087e+03
-3.723375266763036507e+03
-3.725979995496354604e+03
-3.726109426331785926e+03
-3.710954822925211374e+03
-3.696587833306221000e+03
-3.685025185793439050e+03
-3.691842000812576771e+03
-3.698913678254738443e+03
-3.688182667689664868e+03
-3.690465645089479949e+03
-3.700160514648589469e+03
-3.698859635419938058e+03
-3.686134981504341340e+03
-3.691165052423275938e+03
-3.686449041599052634e+03
-3.687312115363847170e+03
-3.686776894183638888e+03
-3.686776894183638888e+03
-3.676580303917456604e+03
-3.670102954645202317e+03
-3.670421043576148804e+03
-3.665627372082914462e+03
-3.659601852303090709e+03
-3.654828121997066319e+03
-3.648875388188738725e+03
-3.647108357154090299e+03
-3.654649740628092331e+03
-3.644455199848750453e+03
-3.635415077333059799e+03
-3.638140561939205327e+03
-3.629607296090667660e+03
-3.630088975695370209e+03
-3.634760166527037200e+03
-3.633574733873729201e+03
-3.636469256355017478e+03
-3.645937063770380064e+03
-3.648851273910625878e+03
-3.634937929190872637e+03
-3.620594957667498875e+03
-3.610501564017416058e+03
-3.605262459518051401e+03
-3.615574415314911221e+03
-3.612044055021558506e+03
-3.610286310393058557e+03
-3.605070174697896164e+03
-3.611165528447058477e+03
-3.603140233275034916e+03
-3.599712641779388377e+03
-3.600044931007927971e+03
-3.601001519028270650e+03
-3.601207939828569124e+03
-3.607137339495387096e+03
-3.606334414479564202e+03
-3.610010290535185050e+03
-3.609377860450017124e+03
-3.609762483687413351e+03
-3.605626295708808811e+03
-3.605518065608368943e+03
-3.595203930111031696e+03
-3.587863895117401626e+03
-3.584931811923412624e+03
-3.583778518316353257e+03
-3.575015864149848767e+03
-3.567444091987086722e+03
-3.562417121911825234e+03
-3.563417833772323320e+03
-3.545621665250219394e+03
-3.537889269221499035e+03
-3.538359325851199628e+03
-3.538044886895341733e+03
-3.536122809545796827e+03
-3.535362633176254349e+03
-3.525002560950494171e+03
-3.517764222931173663e+03
-3.507612227695808087e+03
-3.500141466023464091e+03
-3.507190353763832718e+03
-3.503327855768426616e+03
-3.493543138114760495e+03
-3.505431132743868602e+03
-3.492898180338695965e+03
-3.491346092917308852e+03
-3.483895578212296186e+03
-3.486971787441762444e+03
-3.491786398048160663e+03
-3.484291713263959537e+03
-3.477449295147470821e+03
-3.479419231618152025e+03
-3.479299174113386471e+03
-3.488115508384066743e+03
-3.484591769927117639e+03
-3.474950017799394573e+03
-3.470041220398493351e+03
-3.462890603145773184e+03
-3.455725232492414307e+03
-3.453624444004638008e+03
-3.436253450438773143e+03
-3.434411447396931635e+03
-3.431019854460755141e+03
-3.430026914200233023e+03
-3.429120283633456438e+03
-3.415541988466215571e+03
-3.400751110898254865e+03
-3.402483242837741727e+03
-3.404701547370764729e+03
-3.401990188730126647e+03
-3.401350575837134329e+03
-3.400402216991848491e+03
-3.395148656692740587e+03
-3.386504081760505869e+03
-3.374792122143497181e+03
-3.366985464871370823e+03
-3.355503975538864779e+03
-3.356130062399904546e+03
-3.351972124423809419e+03
-3.354219202671439234e+03
-3.349192888957379637e+03
-3.354382368241270797e+03
-3.352780256393157742e+03
-3.351747194005414713e+03
-3.361404178520697315e+03
-3.346887734271982481e+03
-3.349530047836698031e+03
-3.340231705557530859e+03
-3.335979400576429725e+03
-3.315395726881170503e+03
-3.316856708307984263e+03
-3.314566488917206243e+03
-3.304866569134862402e+03
-3.296811683434815677e+03
-3.281498185742288115e+03
-3.281178744427492347e+03
-3.284084969156130228e+03
-3.284898103588508548e+03
-3.281598296614142328e+03
-3.274197365830467788e+03
-3.264215215388228444e+03
-3.264215215388228444e+03
-3.249105895929080361e+03
-3.236022780624277857e+03
-3.231151793969434948e+03
-3.218325199287051419e+03
-3.208385187903507813e+03
-3.200029836868067378e+03
-3.182561087104611488e+03
-3.178747218625471760e+03
-3.179781761232054578e+03
-3.176680865893591999e+03
-3.176754140968724641e+03
-3.169051537382723836e+03
-3.162571554174338416e+03
-3.146570806360412462e+03
-3.147463597875886990e+03
-3.145566415254811091e+03
-3.138146665892076271e+03
-3.141287937967683320e+03
-3.142490417614222679e+03
-3.132118098793945137e+03
-3.116942026427228484e+03
-3.104509055379501206e+03
-3.093419881050379900e+03
-3.094684464682303314e+03
-3.092479586737436421e+03
-3.091172822042293774e+03
-3.080877881388941660e+03
-3.078171418905729752e+03
-3.076334966272810561e+03
-3.073326066210527642e+03
-3.065199526601345951e+03
-3.058484627325243764e+03
-3.047966826688967103e+03
-3.040209222466453866e+03
-3.027417407674633523e+03
-3.019049414311513829e+03
-3.016422415939772236e+03
-2.995642329857813820e+03
-2.997664522105953438e+03
-2.997098677514259180e+03
-2.992104114236095484e+03
-2.977816554619823364e+03
-2.970245359410947003e+03
-2.971655254707590757e+03
-2.957011860896700910e+03
-2.937846416628383395e+03
-2.939621363384792403e+03
-2.933990173941079775e+03
-2.931972186077060087e+03
-2.924362370404461672e+03
-2.917109671697142858e+03
-2.904099885753294075e+03
-2.899453622265439208e+03
-2.900939043837130157e+03
-2.892232168130643458e+03
-2.886752596218424515e+03
-2.882907650649834068e+03
-2.869997960323202278e+03
-2.869293538918769627e+03
-2.865891359805339107e+03
-2.854009618155718726e+03
-2.851314616831571129e+03
-2.847054715316889997e+03
-2.838335820023119140e+03
-2.820546142738248363e+03
-2.805533833843278444e+03
-2.791592536864617159e+03
-2.784731235107158227e+03
-2.787567438232313634e+03
-2.783906704255522527e+03
-2.775329605875021571e+03
-2.763418401775549682e+03
-2.767858050275145615e+03
-2.760666295644257389e+03
-2.762338537020388230e+03
-2.745676670810689302e+03
-2.738428556394239422e+03
-2.731795093877968611e+03
-2.727820461148018694e+03
-2.717736750381985985e+03
-2.707164177877071324e+03
-2.701086688084943944e+03
-2.688490814069102271e+03
-2.683208971462459886e+03
-2.675204277859217200e+03
-2.676927598424691951e+03
-2.660486388964236994e+03
-2.657656153995349086e+03
-2.646238152227496812e+03
-2.647105837930208509e+03
-2.645339613661695694e+03
-2.631454819915097232e+03
-2.626372273605346436e+03
-2.616564286545140021e+03
-2.617871775777689436e+03
-2.610649095531745843e+03
-2.604942833085748134e+03
-2.586683544500023800e+03
-2.587937750779161888e+03
-2.586586110986441327e+03
-2.572488578629346648e+03
-2.562174089375699623e+03
-2.553790782811609915e+03
-2.554200804229038567e+03
-2.547457648708318629e+03
-2.537341332125373356e+03
-2.536491740131530605e+03
-2.529593190867484736e+03
-2.523326676638734170e+03
-2.519095345763468686e+03
-2.512469867312001043e+03
-2.504736147053697550e+03
-2.505335371134334764e+03
-2.501266278419948776e+03
-2.501344763334097479e+03
-2.490132777142125178e+03
-2.486807353895511369e+03
-2.478108270468826049e+03
-2.470040910680916568e+03
-2.470040910680916568e+03
-2.460408007561061822e+03
-2.455159363468912034e+03
-2.443475712899206428e+03
-2.445221806455254409e+03
-2.429708703774079822e+03
-2.422663470932956898e+03
-2.418514584008075417e+03
-2.413340133553908345e+03
-2.417643309506396690e+03
-2.404443554311021217e+03
-2.400399951517164482e+03
-2.395383273485373138e+03
-2.395869188661308272e+03
-2.387568193760176200e+03
-2.385247182401091777e+03
-2.373918638716721944e+03
-2.365280710373704551e+03
-2.353327963336063931e+03
-2.340511323644357617e+03
-2.334811547495844934e+03
-2.333892512964697289e+03
-2.333405655703905722e+03
-2.320292301141209919e+03
-2.314923517072807499e+03
-2.317077077842312519e+03
-2.311029454501601322e+03
-2.295597182152040659e+03
-2.294820113150910856e+03
-2.284322728155700588e+03
-2.281826118216501072e+03
-2.273272604024515203e+03
-2.260256352374895414e+03
-2.253364411516605742e+03
-2.253446101813382484e+03
-2.247381524901928515e+03
-2.245067926774864645e+03
-2.240695415174880054e+03
-2.226379090572216683e+03
-2.217085806299076467e+03
-2.211632068395498663e+03
-2.205693118938885164e+03
-2.188984318009219805e+03
-2.177491263311153944e+03
-2.174646192525300194e+03
-2.169770940789106589e+03
-2.155682932133302529e+03
-2.146994860881051864e+03
-2.140611326444371116e+03
-2.135098821954552022e+03
-2.131122292038410251e+03
-2.132460342720159133e+03
-2.127471142690243596e+03
-2.122818546620071174e+03
-2.115028322293202109e+03
-2.100290290291685778e+03
-2.105065978828213247e+03
-2.103917965487839410e+03
-2.096262323722290603e+03
-2.094717345726687199e+03
-2.081557928568295665e+03
-2.073944735007956297e+03
-2.062972509163836094e+03
-2.058686213573257646e+03
-2.063131851825511603e+03
-2.052751130975508204e+03
-2.045601604358060285e+03
-2.046895726344935611e+03
-2.039349775071645126e+03
-2.038145478794554492e+03
-2.032309339560057879e+03
-2.017352139212309567e+03
-2.009629881709191523e+03
-1.997451081956741291e+03
-1.986466382999150483e+03
-1.981603429010727268e+03
-1.975937080755245006e+03
-1.966473241279535841e+03
-1.963448370097778025e+03
-1.954557628558208762e+03
-1.947805739756694493e+03
-1.933206924405877317e+03
-1.922952780084390270e+03
-1.927272855037738282e+03
-1.924073301185323317e+03
-1.915111563409735027e+03
-1.905918995113957408e+03
-1.905143063158442146e+03
-1.901648402007121831e+03
-1.891904392090843658e+03
-1.886144161757435313e+03
-1.877246104093433587e+03
-1.871254305776596766e+03
-1.864814655668222485e+03
-1.854882501368466365e+03
-1.848429020303909965e+03
-1.845990600833289591e+03
-1.839565984977121389e+03
-1.829903953162874586e+03
-1.820359483788261514e+03
-1.822895601919754426e+03
-1.822664630655096516e+03
-1.826207847547628944e+03
-1.817880784468109823e+03
-1.806457329391347685e+03
-1.801043747630392772e+03
-1.805814714184966533e+03
-1.795843954930644713e+03
-1.781181588964530647e+03
-1.768272077425868929e+03
-1.770931061289177478e+03
-1.765317452923208293e+03
-1.764048923897245231e+03
-1.756378177372169375e+03
-1.751482048844334713e+03
-1.748934810366464262e+03
-1.749902968910048912e+03
-1.737974862231242469e+03
-1.730109925347974695e+03
-1.719927286459077095e+03
-1.719927286459077095e+03
-1.711877814175089043e+03
-1.700473808293068487e+03
-1.691859264377807449e+03
-1.684979232213077466e+03
-1.688142729319358750e+03
-1.676487595605734668e+03
-1.664066489853975099e+03
-1.650676481354114458e+03
-1.644185493258117958e+03
-1.632106308134842038e+03
-1.631142934295128953e+03
-1.617998108041108253e+03
-1.600610699910858557e+03
-1.592665884492922260e+03
-1.589175216536929611e+03
-1.586208914697191176e+03
-1.582302411089973930e+03
-1.575887465105226283e+03
-1.575868413610702646e+03
-1.564883092566944697e+03
-1.564538062086755872e+03
-1.556470533897921996e+03
-1.551205010998862235e+03
-1.549927478366646710e+03
-1.545946201974626092e+03
-1.527518997389378455e+03
-1.519314759435995029e+03
-1.515609423459651453e+03
-1.511298461940619973e+03
-1.500916579842443753e+03
-1.497786968681738699e+03
-1.485265763809586133e+03
-1.483085121883709462e+03
-1.477323595205593165e+03
-1.468798146576838235e+03
-1.459365276579007514e+03
-1.449829540624517222e+03
-1.441999649254125188e+03
-1.433495544374677593e+03
-1.426610420570587621e+03
-1.425293380132732636e+03
-1.417732118422826716e+03
-1.419480756603293912e+03
-1.411520847912475801e+03
-1.410048332889340372e+03
-1.406804996646614654e+03
-1.396698014087414094e+03
-1.379324764485346577e+03
-1.368719266850982876e+03
-1.355838783813647979e+03
-1.353107000523405077e+03
-1.336944498566642551e+03
-1.331900135248331026e+03
-1.320752969317211864e+03
-1.311685085272364631e+03
-1.304998595393320102e+03
-1.304055179214736654e+03
-1.298906061572296721e+03
-1.296750288558351031e+03
-1.291758025653454979e+03
-1.285002484189092456e+03
-1.281455137691841401e+03
-1.271242796103907949e+03
-1.265842651578238019e+03
-1.250677973246489046e+03
-1.243195088186157591e+03
-1.233640665977419076e+03
-1.230971183060427165e+03
-1.223891445045034288e+03
-1.228206734009083448e+03
-1.225467654512120589e+03
-1.214343313283452289e+03
-1.209186832849889697e+03
-1.202422384879960873e+03
-1.198211787687244623e+03
-1.192200201080159331e+03
-1.182943643218537090e+03
-1.180183869945245533e+03
-1.167963252827215911e+03
-1.163325756886178169e+03
-1.157004720635222839e+03
-1.149708155518736476e+03
-1.146959706425663398e+03
-1.143253230236407035e+03
-1.139571555074823664e+03
-1.132257822878016214e+03
-1.125667843822802070e+03
-1.121332802124691625e+03
-1.111567312488572043e+03
-1.109781405046078362e+03
-1.111181344018125856e+03
-1.104338620839575697e+03
-1.103249836263529687e+03
-1.092232655982169263e+03
-1.091690960197973482e+03
-1.083142124580445397e+03
-1.070018344804521803e+03
-1.062565855625425002e+03
-1.057532475256075713e+03
-1.056273511704553130e+03
-1.046406612138750461e+03
-1.039652594441827205e+03
-1.037959727425795563e+03
-1.032812435756548666e+03
-1.032066185031952045e+03
-1.021994987082225407e+03
-1.011548464867746020e+03
-1.000365966033481186e+03
-9.938437110543156905e+02
-9.898150484704606242e+02
-9.843721293467067426e+02
-9.782481199749640837e+02
-9.745473689403983144e+02
-9.711975572079403491e+02
-9.603062562127720412e+02
-9.562154454330443514e+02
-9.547677554473366399e+02
-9.454810910241540114e+02
-9.384219348682365762e+02
-9.384219348682365762e+02
-9.325718359659009593e+02
-9.330704263893312600e+02
-9.233663090766065125e+02
-9.170350809090239181e+02
-9.080143455405927853e+02
-8.958888546752882576e+02
-8.872249073166547078e+02
-8.807135856485163004e+02
-8.788683854999520690e+02
-8.672696168358681916e+02
-8.638401628932105041e+02
-8.535031415571239677e+02
-8.508281007529681119e+02
-8.445060634439373644e+02
-8.423692415644052289e+02
-8.414488846846331853e+02
-8.331435142441937387e+02
-8.185926639241465637e+02
-8.115122045522487042e+02
-8.040903182524901922e+02
-7.981243207825906438e+02
-7.947589340642057323e+02
-7.882093125518215402e+02
-7.802250788558312706e+02
-7.750264520123623697e+02
-7.711198613595075813e+02
-7.683055256251433320e+02
-7.544658492484583121e+02
-7.470013424670928543e+02
-7.445594397179253292e+02
-7.378551501084822348e+02
-7.342342132713674800e+02
-7.264364351429564977e+02
-7.167045582202194964e+02
-7.050713087858681547e+02
-6.937179380018661732e+02
-6.883588989698542946e+02
-6.845920334811298744e+02
-6.791320948187360500e+02
-6.715633403694253047e+02
-6.714952268641470710e+02
-6.597669059512311378e+02
-6.602435171202517949e+02
-6.612947791729231994e+02
-6.552322557004756618e+02
-6.487303134208373194e+02
-6.390116171044560360e+02
-6.353119422690183455e+02
-6.318391088360746153e+02
-6.229523351619141067e+02
-6.194196664749640604e+02
-6.086942963532351314e+02
-6.049565418429112924e+02
-5.998952797087458748e+02
-5.892284158543178592e+02
-5.810197304990675775e+02
-5.798396454763636712e+02
-5.709507612422449938e+02
-5.608345994717151370e+02
-5.531431946033134182e+02
-5.463248046444235797e+02
-5.374231315115960115e+02
-5.300310871783591438e+02
-5.235867969889760616e+02
-5.126046724212587833e+02
-5.092622860082201441e+02
-5.048966110624601811e+02
-5.024777119603899109e+02
-4.966014130824000290e+02
-4.917334055598975056e+02
-4.801028860287076441e+02
-4.731079263472698813e+02
-4.714571539202937629e+02
-4.683167941320424461e+02
-4.561876065150781301e+02
-4.499883359812830577e+02
-4.399488842904842727e+02
-4.271150750729166816e+02
-4.229823509933736432e+02
-4.196515300339612509e+02
-4.193763380833076440e+02
-4.123565646188383766e+02
-4.040327705202732886e+02
-3.942005270875786209e+02
-3.935282082517784374e+02
-3.806672085383268609e+02
-3.743142233637980780e+02
-3.675378982847294083e+02
-3.593062897769843289e+02
-3.542918530410153721e+02
-3.441276628389574626e+02
-3.355931347348076201e+02
-3.314298567090977485e+02
-3.222998579776884753e+02
-3.123976579814449792e+02
-3.088675554137753352e+02
-3.011703732996782037e+02
-2.929601660218458505e+02
-2.885992054163094735e+02
-2.826493590800954507e+02
-2.774831593278224773e+02
-2.736733726162211155e+02
-2.684902955038387518e+02
-2.595053288179274205e+02
-2.489382564605045332e+02
-2.445341057445431261e+02
-2.351963653335144215e+02
-2.249408426585733309e+02
-2.191625170574262427e+02
-2.120494947822447216e+02
-2.074661808517797112e+02
-1.966213853696391425e+02
-1.876681504912912430e+02
-1.812019965592573101e+02
-1.751536182414688767e+02
-1.655266587989202662e+02
-1.629502156203530490e+02
-1.621456864335685566e+02
-1.589654525475301909e+02
-1.589654525475301909e+02
-1.550054427104159629e+02
-1.496285470871345638e+02
-1.432776996335287834e+02
-1.403010290958304154e+02
-1.372309072832442212e+02
-1.287550097514256606e+02
-1.256001345582673565e+02
-1.218491218116802344e+02
-1.126429874113200356e+02
-1.029917369059046592e+02
-9.362929064905608811e+01
-8.846588330378085629e+01
-8.627494830307472284e+01
-7.760307453036020320e+01
-6.993109794927363509e+01
-6.236701910013887584e+01
-5.376222529976141828e+01
-5.112167344031172433e+01
-4.397729625312334889e+01
-4.004141913417997500e+01
-3.805415061423819623e+01
-2.934146321540028168e+01
-2.186922426661620733e+01
-1.415545317389433855e+01
-7.756887317065355170e+00
-1.719168377242320078e+00
2.304998399966521561e+00
8.630837078944459506e+00
1.542633004675345276e+01
2.485339700788865969e+01
3.051123956089241673e+01
3.941609027621119310e+01
4.386704602134085462e+01
4.478194804113253724e+01
4.893690803791159283e+01
5.560924278270719867e+01
6.327640492365152625e+01
6.877354146129994206e+01
7.441295768012923872e+01
8.090157017346281521e+01
8.680053371644821425e+01
9.253924181638852531e+01
9.465226191816294943e+01
1.049155830948997874e+02
1.128009134098529387e+02
1.203822642676439472e+02
1.308862616930278193e+02
1.382487273030025108e+02
1.470980626310921195e+02
1.517972016385036227e+02
1.550323263936063540e+02
1.603047059392937115e+02
1.638784936923745477e+02
1.686979762019016675e+02
1.775056426524568849e+02
1.884688554505865739e+02
1.983044426856106099e+02
2.001119249306052836e+02
2.085701938738760362e+02
2.143850512868837086e+02
2.250853292172029683e+02
2.288298293759802107e+02
2.326163910156597012e+02
2.381476732364839961e+02
2.440701990569771453e+02
2.490850292510976374e+02
2.507359802398027853e+02
2.638127637893555288e+02
2.744129151585636350e+02
2.798810189597161866e+02
2.865205889212670627e+02
2.902400285246168892e+02
2.931919739614695004e+02
3.008357057293259800e+02
3.066533684128462482e+02
3.127767557148185347e+02
3.169552110003792222e+02
3.234700346187069044e+02
3.267435518966013888e+02
3.302012881698902333e+02
3.392600839104129591e+02
3.493227273052027044e+02
3.572585156882433353e+02
3.692363132189638009e+02
3.776613425231235510e+02
3.837094301149018634e+02
3.878106781123669293e+02
3.911590391076045989e+02
3.984387222464529827e+02
4.063025804087075130e+02
4.060627033417721350e+02
4.113666927941555969e+02
4.149061922662405095e+02
4.220980169806085769e+02
4.276015563578448564e+02
4.350205448598175622e+02
4.422235047910074286e+02
4.527175453491273061e+02
4.570222935613256823e+02
4.632084154540636973e+02
4.677801616981481629e+02
4.736753925134703422e+02
4.834643735415783112e+02
4.932309659025356154e+02
4.998301461295036461e+02
5.106833952240440908e+02
5.190597516490203134e+02
5.257443988198036777e+02
5.297837003461514769e+02
5.332330042572649518e+02
5.417746276006463404e+02
5.497708640325154192e+02
5.575347652822227928e+02
5.676908417748210240e+02
5.707627023084847906e+02
5.778217276868457475e+02
5.828573546206391711e+02
5.863551153125129076e+02
5.907327797950981676e+02
5.907327797950981676e+02
5.987417077043544396e+02
6.070026348157965685e+02
6.115272944426097865e+02
6.230388833367670713e+02
6.290587432265421057e+02
6.365632375676952961e+02
6.459170261017713983e+02
6.536795877735377189e+02
6.619825328324417342e+02
6.712802895824730740e+02
6.762054112316428700e+02
6.810886057376457074e+02
6.851673147885071558e+02
6.925941744698141065e+02
7.010376112006449603e+02
7.041728487196296555e+02
7.120344738878214912e+02
7.191025810276290713e+02
7.232910692972219522e+02
7.299379544787333316e+02
7.334821265720396468e+02
7.405454286359939715e+02
7.460537432806114566e+02
7.524198917973047855e+02
7.586842185684067772e+02
7.687894079358229646e+02
7.721463529753915509e+02
7.746663031627548435e+02
7.817395491934321399e+02
7.888966485338826260e+02
7.950801883142796669e+02
8.026001629248834206e+02
8.038946032392634606e+02
8.093335878241949786e+02
8.158026090735531852e+02
8.204792725477448130e+02
8.257127345185829199e+02
8.336240680340870313e+02
8.414306768430343482e+02
8.486242486727232972e+02
8.580644658231013864e+02
8.604187810229333309e+02
8.681386651443948494e+02
8.753768499861373584e+02
8.816307032729090452e+02
8.929173476874985909e+02
9.020740256163476261e+02
9.040014986716206522e+02
9.111711658442177395e+02
9.149887338223376219e+02
9.188549124229394920e+02
9.290128350942308089e+02
9.367816099336755542e+02
9.410681558284700259e+02
9.463063998990653545e+02
9.521890658224915569e+02
9.566393648141455515e+02
9.620836491672442889e+02
9.672001494267418593e+02
9.723433507866602667e+02
9.809523569534289891e+02
9.868657599381839418e+02
9.961568875485360195e+02
1.006189656888632499e+03
1.009650681814440986e+03
1.017327492413315667e+03
1.023587222286407723e+03
1.029662173443148731e+03
1.034449570324975639e+03
1.040983579747182603e+03
1.050806174450575327e+03
1.060724192735075803e+03
1.066575972326540523e+03
1.073350181604423824e+03
1.079350434235608645e+03
1.085951678247043674e+03
1.091586792489130175e+03
1.095110380867883123e+03
1.099908029082316943e+03
1.106600507529710285e+03
1.109348249083817109e+03
1.114141126703475720e+03
1.124320382483553658e+03
1.129558436461119527e+03
1.137555209622582197e+03
1.142934141302267335e+03
1.147969859773478447e+03
1.151990298442080075e+03
1.158893023122335535e+03
1.166185832891065274e+03
1.174620315013472464e+03
1.180750608101758871e+03
1.190225737978816596e+03
1.195677116701760497e+03
1.201030297190595547e+03
1.205610657153926695e+03
1.213183859687286258e+03
1.217217592595426140e+03
1.223286633917914742e+03
1.232961240249593402e+03
1.238876709285520292e+03
1.247004751443864279e+03
1.254132519083628495e+03
1.261819466168929694e+03
1.268409863285082793e+03
1.273932760297971981e+03
1.282148372400088874e+03
1.285508423661353390e+03
1.292136595293687833e+03
1.300104417941768816e+03
1.305730193541311564e+03
1.315018802570308708e+03
1.317365481629271471e+03
1.322292434139059878e+03
1.328842504525335016e+03
1.336074134621627081e+03
1.342761924489073635e+03
1.349178322449570032e+03
1.357682390866929609e+03
1.357682390866929609e+03
1.365920061945995030e+03
1.376377756490198408e+03
1.383672330466028825e+03
1.388124809053666013e+03
1.395952700572783669e+03
1.403810179155627793e+03
1.411002217540621132e+03
1.417294795282682344e+03
1.423335240935286265e+03
1.428965153416030944e+03
1.436114686229099107e+03
1.441778044335771483e+03
1.448262566438265594e+03
1.455044205654250163e+03
1.461154414210525601e+03
1.467364849420522432e+03
1.475370609961375976e+03
1.483079015694151167e+03
1.488868090096757442e+03
1.494119087515141018e+03
1.499066905826575066e+03
1.503071278998879507e+03
1.510192043697228655e+03
1.516126525169436718e+03
1.522558022984657100e+03
1.526363839350917260e+03
1.530780296119169861e+03
1.536509237090630677e+03
1.546282573746134176e+03
1.552747787244104074e+03
1.558772943176413264e+03
1.567618004173528561e+03
1.574430659461427695e+03
1.582185621690320886e+03
1.586971029459886950e+03
1.593110737436932141e+03
1.603734871128730219e+03
1.609374118739545565e+03
1.616392661077662524e+03
1.624029827191974846e+03
1.630158992004217453e+03
1.634362314646876257e+03
1.637680041265869932e+03
1.643804335047863788e+03
1.648889105074960071e+03
1.656002848405236591e+03
1.663929106475431126e+03
1.667100028782994968e+03
1.671011061200811355e+03
1.675873088807868498e+03
1.685933445144023381e+03
1.691738083003286192e+03
1.699802864523903509e+03
1.709972433266383860e+03
1.717030121654530149e+03
1.722767387396075492e+03
1.727505167833718815e+03
1.736294850783226138e+03
1.740353472609154096e+03
1.744024725483652446e+03
1.749221231476212779e+03
1.758794356301977359e+03
1.768012520388608891e+03
1.773027459617003387e+03
1.780637946011841905e+03
1.786318500990066241e+03
1.795125295090763984e+03
1.794896477850551491e+03
1.800280059905778899e+03
1.806755498176048604e+03
1.815852746642383863e+03
1.820709757837544203e+03
1.828652671567731886e+03
1.834547000070497916e+03
1.839042292864237197e+03
1.843504618869546448e+03
1.848360031675117625e+03
1.853327302688669079e+03
1.859998211787044738e+03
1.865899564261290834e+03
1.873215869188067927e+03
1.877768011639398310e+03
1.883859266837383757e+03
1.892916401102228747e+03
1.903513016260557606e+03
1.912472553583766285e+03
1.919498485219134182e+03
1.927950231996481534e+03
1.934749158111288352e+03
1.940488118809540538e+03
1.945540810600333316e+03
1.954014885824895828e+03
1.956241015321713803e+03
1.962661816169623307e+03
1.965013806358910415e+03
1.973082886899095911e+03
1.982557194646805328e+03
1.988278195299785239e+03
1.995293521931353325e+03
2.002889293829369308e+03
2.008326165728984506e+03
2.011715467920879519e+03
2.019477847043847305e+03
2.023336216231110711e+03
2.031163464125451355e+03
2.038715046757475875e+03
2.044967855271263261e+03
2.052013069283385903e+03
2.059317868664694743e+03
2.064010193824975886e+03
2.071558895962610222e+03
2.079286977638335884e+03
2.083155103599726317e+03
2.089641932527248628e+03
2.096749090155223712e+03
2.104719745091224013e+03
2.112121862196812799e+03
2.118094845002763577e+03
2.126626701748947653e+03
2.126626701748947653e+03
2.132070660107278400e+03
2.141885242731684684e+03
2.148967481590709212e+03
2.156220528084889793e+03
2.160693446465339093e+03
2.166988246293414704e+03
2.176034500637389101e+03
2.181628527492503963e+03
2.184786540325048009e+03
2.192531801057153643e+03
2.201192967907052207e+03
2.207240089267457734e+03
2.212600391750450854e+03
2.218615871463362510e+03
2.224044998572369877e+03
2.232461675121081043e+03
2.237339267121028115e+03
2.245616333019868307e+03
2.252984234282233047e+03
2.257963191187263419e+03
2.263565839794580825e+03
2.271753162061330841e+03
2.278605549714980498e+03
2.284517257973455344e+03
2.288644223742738177e+03
2.298195365307169141e+03
2.303163129885851049e+03
2.310053632026570540e+03
2.315808071368236142e+03
2.322074430702296922e+03
2.330435299499470602e+03
2.334174050596610414e+03
2.337448313656758728e+03
2.340308269252258924e+03
2.348307635374448637e+03
2.355694987542246508e+03
2.360209942318143931e+03
2.371302411536826639e+03
2.374562401544851582e+03
2.379871089734789621e+03
2.383904248543643916e+03
2.390858220805296241e+03
2.399993245576065419e+03
2.408799793906559898e+03
2.418221874396797375e+03
2.428931945898684717e+03
2.433958592990180023e+03
2.438895847101684467e+03
2.442918377699287703e+03
2.449043748875434630e+03
2.456212767438060382e+03
2.461776069650238696e+03
2.466767840025011537e+03
2.470574029773775692e+03
2.479478812163300972e+03
2.485896947520211143e+03
2.492448929774513545e+03
2.496520841299577114e+03
2.500944098544853205e+03
2.508790404733567357e+03
2.518978896815104690e+03
2.524250734792404273e+03
2.531334523816390629e+03
2.536353236589547123e+03
2.539943342468111950e+03
2.548149187969910599e+03
2.555968844571668797e+03
2.565347502161389912e+03
2.570717975467045562e+03
2.574228589184323027e+03
2.579734495262825476e+03
2.586374876862165820e+03
2.593723093331173459e+03
2.597848448531156464e+03
2.604850485895955444e+03
2.613850357740757318e+03
2.621705214514735417e+03
2.632356723537815469e+03
2.635948334615592557e+03
2.640863466265529496e+03
2.646850197222683164e+03
2.653576524020039415e+03
2.660577465601682889e+03
2.664589524177379644e+03
2.671055316189389487e+03
2.674936138190874317e+03
2.684017143290087915e+03
2.692035720760337881e+03
2.703130665756932103e+03
2.708513369666844028e+03
2.713687648135475229e+03
2.717661169973018332e+03
2.722497576775711423e+03
2.726044146228770842e+03
2.730124265051967996e+03
2.733711662245387743e+03
2.740955634547832688e+03
2.746442472011360678e+03
2.754799365489580396e+03
2.761402970799405921e+03
2.767031290637115944e+03
2.774062976507379972e+03
2.785242655227888918e+03
2.787635773126578897e+03
2.795824123333701664e+03
2.805356226667328883e+03
2.811817106494126620e+03
2.819966656913350107e+03
2.825497822142971017e+03
2.830815787615659701e+03
2.839754026019209050e+03
2.845201480235329200e+03
2.853966844444990329e+03
2.856715187421349583e+03
2.868133391053572723e+03
2.873783941486251933e+03
2.879880855639066795e+03
2.883520396324297508e+03
2.889604748404059592e+03
2.889604748404059592e+03
2.894210838946744843e+03
2.905575906062731974e+03
2.914293865380931493e+03
2.920734572171775199e+03
2.922674232882120577e+03
2.933621018261169411e+03
2.940355090639109676e+03
2.945451384153691833e+03
2.949665471996058386e+03
2.955290910103095030e+03
2.962228249715849870e+03
2.966409647074044187e+03
2.974397335783197832e+03
2.980262678877309099e+03
2.988285246685411039e+03
2.997419367484647864e+03
3.008902219867674830e+03
3.014439234659711929e+03
3.022612031044250671e+03
3.027176416123362287e+03
3.030983579399402970e+03
3.038584995284176784e+03
3.042776562693406959e+03
3.051468186054272337e+03
3.060700630351967447e+03
3.069844191335439518e+03
3.077567502041682928e+03
3.078251898862088638e+03
3.085802283959130818e+03
3.091079637264950179e+03
3.095950315459810554e+03
3.101578051489587779e+03
3.108287578244808628e+03
3.115908911209208782e+03
3.122193621885021457e+03
3.131406483312736327e+03
3.139494841740870470e+03
3.150904631957487709e+03
3.155388997549664964e+03
3.158536629317844017e+03
3.165639549709030689e+03
3.170156832511075663e+03
3.175370205546628313e+03
3.182893127113296941e+03
3.188296499510669037e+03
3.191810215490641895e+03
3.197314125740418149e+03
3.204978065807032181e+03
3.216044238707355817e+03
3.220776613479140906e+03
3.224726214654600881e+03
3.234514179829154273e+03
3.236431180109600518e+03
3.240027424799782239e+03
3.243386488299340726e+03
3.251404564431055860e+03
3.256896613168106342e+03
3.257731994934510112e+03
3.268535922581041177e+03
3.275647961866627611e+03
3.278099334180944425e+03
3.286192077618963594e+03
3.289144313703125590e+03
3.301581818400203247e+03
3.309292443854206340e+03
3.313011697013906996e+03
3.321999464973730937e+03
3.327361415966217010e+03
3.329159667901618832e+03
3.334226184500390445e+03
3.338640715648239620e+03
3.343388522167231713e+03
3.350266029425139550e+03
3.357025845899186152e+03
3.366275531322861752e+03
3.371680297439963852e+03
3.378951681510536673e+03
3.384387928229300087e+03
3.390891997850319967e+03
3.399706583290123035e+03
3.411192430162036999e+03
3.423448537710286473e+03
3.430183844498918461e+03
3.440989456824824174e+03
3.448093684269169444e+03
3.450809159666191590e+03
3.459938171283522024e+03
3.467943057114761359e+03
3.472483370020527673e+03
3.477191634217695537e+03
3.481477357730458152e+03
3.484489689188105785e+03
3.496478198694889670e+03
3.499413618251900516e+03
3.511089208095290360e+03
3.523376195858062601e+03
3.530530368466336768e+03
3.536860872907555859e+03
3.544853632948655559e+03
3.548730456089079780e+03
3.554857271088731522e+03
3.562524829049175423e+03
3.562147420661860906e+03
3.570996558597533294e+03
3.576154026692667685e+03
3.583539774493488494e+03
3.593906594709039382e+03
3.600042610508863163e+03
3.603409465372969407e+03
3.605146333801760647e+03
3.612071470990906619e+03
3.616064944463335451e+03
3.617444034200736041e+03
3.627948623972248697e+03
3.633426453307673000e+03
3.637309795772416692e+03
3.639303885056850049e+03
3.649238649334876300e+03
3.654836019961685906e+03
3.654836019961685906e+03
3.665212656381977013e+03
3.674148194188854632e+03
3.681082757251922430e+03
3.684609061084386212e+03
3.693095919435006635e+03
3.696871624013742348e+03
3.704744819854662637e+03
3.718168804636216464e+03
3.720857475351379890e+03
3.725843491428781817e+03
3.727035031634054576e+03
3.734643253626192291e+03
3.746442123145473033e+03
3.752091862057143317e+03
3.753321127953146970e+03
3.763201264297236776e+03
3.768894432946220149e+03
3.769936466634689623e+03
3.771241890150347444e+03
3.776768377072059593e+03
3.788110577775806178e+03
3.797296163056295882e+03
3.804497759336908075e+03
3.812927446630154918e+03
3.821551005165355036e+03
3.822679988634287838e+03
3.829906402790395987e+03
3.838135304897834430e+03
3.840936681084030170e+03
3.848677431273436468e+03
3.859730001700587309e+03
3.866494498878339982e+03
3.871204390975518891e+03
3.881647588582019580e+03
3.885585531948913285e+03
3.893792857706323048e+03
3.902685200205971341e+03
3.905222385123214735e+03
3.908050719421699341e+03
3.915055544478623233e+03
3.920667735915271351e+03
3.931183981220840906e+03
3.940625928383982227e+03
3.949780815016957149e+03
3.953405945757546760e+03
3.955555426386914860e+03
3.960395449456876122e+03
3.963978138215281433e+03
3.970607347706467408e+03
3.977711144099613193e+03
3.980804626209974685e+03
3.991643471577985565e+03
4.004731184605302133e+03
4.012505406933379163e+03
4.014099216151327710e+03
4.020243302080311423e+03
4.025666003604877915e+03
4.025051283166518715e+03
4.026981140813918500e+03
4.031388248626221412e+03
4.043750003989677225e+03
4.056951338037586083e+03
4.068621690133006268e+03
4.073429620278872335e+03
4.084334398447380863e+03
4.090419582783441001e+03
4.092878348257568632e+03
4.098676440142119645e+03
4.101713451508217076e+03
4.110986226139587416e+03
4.120962239439790210e+03
4.132948838669369252e+03
4.134116973855297147e+03
4.140682948146514718e+03
4.147880976583026495e+03
4.156018872920446483e+03
4.162711337141077820e+03
4.165505792303670205e+03
4.167022970437765252e+03
4.169570307597176907e+03
4.173843484910319603e+03
4.179959539022833269e+03
4.180583290006234165e+03
4.190668803390107314e+03
4.193422571117913321e+03
4.202128360942607287e+03
4.203123691234158287e+03
4.214935593884515583e+03
4.217594777705521665e+03
4.224074304507721536e+03
4.236521331142138479e+03
4.244280579450502955e+03
4.253555071792545277e+03
4.261145611556435142e+03
4.270196874972240948e+03
4.271871719498735729e+03
4.282925489927774834e+03
4.289409519412610280e+03
4.288870277279041147e+03
4.293525115737230408e+03
4.301140517870535405e+03
4.310181290343501132e+03
4.310718884477533720e+03
4.314875732090405108e+03
4.320997116496515446e+03
4.324821850949027066e+03
4.332800831220540204e+03
4.336078403418667222e+03
4.345845548797570700e+03
4.354041795219672167e+03
4.355709628567396067e+03
4.358086832820165910e+03
4.370392352961988763e+03
4.381812616578295092e+03
4.392011202155501451e+03
4.396528367696471832e+03
4.404806794270118189e+03
4.411330930762068419e+03
4.413291849507752886e+03
4.413291849507752886e+03
4.416438845741833575e+03
4.423701490458776789e+03
4.437581848970290594e+03
4.449849430678399585e+03
4.459869174873877455e+03
4.470033179802589075e+03
4.474456620751076116e+03
4.476306950319986754e+03
4.481205734986227981e+03
4.485413292122469102e+03
4.496596236123113158e+03
4.507847177367575568e+03
4.515835405696517228e+03
4.523607395067181642e+03
4.526558367035780975e+03
4.535676514176822820e+03
4.534971749421125423e+03
4.545244218785632256e+03
4.544503351355516315e+03
4.545379941399196468e+03
4.556854922540282132e+03
4.563838092295993192e+03
4.570897219860386940e+03
4.570343981346466535e+03
4.571985530272891083e+03
4.585257301111712877e+03
4.598596001479226288e+03
4.610474919329449222e+03
4.613968784599193896e+03
4.616337369024098734e+03
4.626408857902972159e+03
4.631232270659766073e+03
4.638183010602447212e+03
4.646848996068152701e+03
4.656725087779752357e+03
4.663292151072994784e+03
4.671977462445001947e+03
4.683613631473803252e+03
4.689817489624519112e+03
4.693338803590354473e+03
4.702155757331195673e+03
4.712290879942792344e+03
4.720921292080034618e+03
4.724358082092331642e+03
4.732613777667144859e+03
4.738502971824206725e+03
4.747780201433267393e+03
4.753890077038700838e+03
4.761156158609848717e+03
4.762358889916479711e+03
4.766738110441116987e+03
4.777594990598648110e+03
4.784777235554073741e+03
4.786881539272002556e+03
4.800284162004718382e+03
4.807749018533240815e+03
4.808307054173726101e+03
4.811222249805256070e+03
4.815262989319960980e+03
4.818795556687441604e+03
4.821645629840882975e+03
4.823111895959617868e+03
4.829166427896203459e+03
4.837495254265120820e+03
4.841935052708250623e+03
4.843640710133943685e+03
4.846533741440265658e+03
4.858267553099566612e+03
4.873723931707116208e+03
4.876019058380070419e+03
4.884434778479273518e+03
4.889737060900153665e+03
4.893443732551234461e+03
4.908199700598667732e+03
4.911691232931689228e+03
4.911818707588408870e+03
4.913816419959507584e+03
4.919423537053686232e+03
4.927946077042303841e+03
4.936648860685732870e+03
4.942115875752906504e+03
4.945532392306260590e+03
4.943322697453420915e+03
4.950474715543927232e+03
4.954573433512664451e+03
4.965034524112975305e+03
4.969893971003518345e+03
4.980602422403149831e+03
4.988866383386515736e+03
4.998719308473297133e+03
4.999368187914400551e+03
5.005002985657421959e+03
5.016554873404888895e+03
5.023855469763363544e+03
5.035309547257259510e+03
5.045967080436617834e+03
5.050776855711627832e+03
5.053008510729700902e+03
5.062874714381297963e+03
5.065249359837081101e+03
5.079577047736618624e+03
5.086010631137338351e+03
5.090515180421409241e+03
5.102491668611819478e+03
5.109417520825610154e+03
5.122060876431993165e+03
5.133406579735139530e+03
5.128882690434429605e+03
5.137743300333951083e+03
5.143069734471903757e+03
5.151755461405899950e+03
5.151865753365605087e+03
5.160262660370889535e+03
5.160148601305815646e+03
5.163274246483817478e+03
5.172827543597130898e+03
5.176544475732815044e+03
5.177897686886177326e+03
5.184288379990388421e+03
5.184288379990388421e+03
5.203438824257751548e+03
5.201771978248862069e+03
5.204034288077231395e+03
5.217202560367396472e+03
5.220472119614346411e+03
5.227778727625879583e+03
5.232051256878043205e+03
5.242230518553991715e+03
5.248274894839233639e+03
5.256152708805134353e+03
5.266390726537805676e+03
5.277424066187214521e+03
5.288392407136398106e+03
5.297170375642527688e+03
5.306114442481741207e+03
5.313130147054763256e+03
5.320462410982612710e+03
5.330116356751366766e+03
5.331537105434399564e+03
5.338860339465116340e+03
5.342546853066452059e+03
5.354492405356229938e+03
5.360067882691830164e+03
5.368598416826012908e+03
5.370601712565835442e+03
5.368865310157803833e+03
5.375982408328299243e+03
5.374173031269281637e+03
5.376015579718518893e+03
5.388938811357120358e+03
5.394982749579783558e+03
5.399487471645596088e+03
5.402224073104934178e+03
5.417319709922531729e+03
5.423694837441241361e+03
5.432489805994853668e+03
5.432350973700699797e+03
5.435080218165454426e+03
5.440924261620655670e+03
5.451279904459303907e+03
5.461893437359915879e+03
5.470624799123350385e+03
5.479625477222674817e+03
5.482513562811177508e+03
5.491016560940052841e+03
5.497121430125604093e+03
5.500442719247663263e+03
5.508720310226074616e+03
5.511362776944399229e+03
5.513142605436155463e+03
5.523825941295613120e+03
5.535572396349052724e+03
5.543960691711605250e+03
5.548534838621751078e+03
5.562667540175521935e+03
5.571614507354379384e+03
5.573740123801624577e+03
5.581541126764003820e+03
5.586161299595590208e+03
5.590322560500883810e+03
5.594336839532832528e+03
5.598352279095334779e+03
5.604517085177244553e+03
5.615295886057906500e+03
5.619588969622806871e+03
5.624063658813615803e+03
5.631202256359766579e+03
5.628498502638986793e+03
5.641588470306969612e+03
5.644226771635434488e+03
5.646627133680257430e+03
5.653440994074832815e+03
5.665103969022267847e+03
5.665590378064505785e+03
5.664366837158378075e+03
5.674162048918133223e+03
5.680709559387980335e+03
5.687625338243695296e+03
5.696108206336792136e+03
5.697691979085409002e+03
5.702440969077681984e+03
5.700699537996085382e+03
5.702707978052198087e+03
5.702291487520417832e+03
5.710540232475630546e+03
5.720174702367206919e+03
5.723796501643856573e+03
5.723242187618689059e+03
5.728166262373194513e+03
5.736961187854439231e+03
5.745286201722327860e+03
5.756258729978490010e+03
5.755848249192739786e+03
5.765603986889300359e+03
5.770065880183245099e+03
5.781993050152691467e+03
5.785571177141881890e+03
5.798995112115255324e+03
5.803888105590142004e+03
5.809513747515940850e+03
5.817952297059091507e+03
5.823248505577474134e+03
5.823865858236817985e+03
5.839872714665310923e+03
5.850064023211989479e+03
5.857467831754096551e+03
5.864815700465727787e+03
5.872835487220951109e+03
5.872785685129792910e+03
5.879067078511646287e+03
5.891039844031714892e+03
5.899954266513010225e+03
5.915892781127816306e+03
5.922384531412007163e+03
5.927813656690785137e+03
5.929592136375206792e+03
5.930930581405643352e+03
5.928564879420033321e+03
5.929244623887419039e+03
5.929244623887419039e+03
5.935768063739397803e+03
5.945765814016140212e+03
5.953125412681411945e+03
5.956108115235305377e+03
5.959222685041537261e+03
5.957114177048817510e+03
5.977670731135954156e+03
5.988348796357297033e+03
6.000225425221358819e+03
6.005176229524682640e+03
6.004864205397950172e+03
6.014520562099390190e+03
6.022487846893655842e+03
6.034059221676867310e+03
6.040060688999369631e+03
6.045741902680094427e+03
6.051897414430225581e+03
6.055394032637814234e+03
6.058859197844486516e+03
6.070291805409772678e+03
6.086167797483548384e+03
6.089077186820178213e+03
6.091891728817289732e+03
6.100156460201200389e+03
6.111606603504186751e+03
6.116846054982038368e+03
6.132106053826656535e+03
6.139613564641268567e+03
6.135578308479371117e+03
6.134857720382445223e+03
6.139931292144899999e+03
6.137904113200393112e+03
6.147638551297241065e+03
6.154943452259595688e+03
6.172369509852320334e+03
6.189691190958799780e+03
6.195263267087994791e+03
6.204344931697849461e+03
6.213493713995733742e+03
6.219407839966843312e+03
6.225295665467121580e+03
6.223183786316679289e+03
6.223909494870267736e+03
6.227013287746162860e+03
6.232672318787148470e+03
6.231923132611967048e+03
6.238823136770848578e+03
6.246535967389701909e+03
6.246950240869430672e+03
6.243704427035318986e+03
6.251990554377480294e+03
6.261908400806748432e+03
6.275184776793172205e+03
6.274925935208526425e+03
6.265688628524421802e+03
6.276321644580347311e+03
6.293732093382810490e+03
6.301187271870417135e+03
6.304311917439999888e+03
6.308253722300652043e+03
6.317941479958098171e+03
6.320127561632883044e+03
6.328451825415279018e+03
6.334342803377144264e+03
6.336711464594734935e+03
6.342024652829495608e+03
6.349066959296392270e+03
6.356084239817137131e+03
6.360509849183154984e+03
6.365852459795341929e+03
6.378365489962082393e+03
6.378213757497198458e+03
6.389760731269452663e+03
6.389519481881485262e+03
6.395126880252935734e+03
6.409209480364951560e+03
6.417147057298724576e+03
6.425741580202852674e+03
6.443382925262559183e+03
6.451907833049284818e+03
6.454340504978925310e+03
6.467060690396220707e+03
6.467345095048615804e+03
6.478618914765486807e+03
6.477176400311500402e+03
6.480446877505515658e+03
6.487086382892919573e+03
6.496561789201392457e+03
6.509960009415238346e+03
6.519633485698805998e+03
6.540545020269344604e+03
6.550323590495151620e+03
6.550336968371032526e+03
6.561309742130290942e+03
6.566986277745242660e+03
6.568265354734569883e+03
6.572516837292570926e+03
6.591740648440022596e+03
6.590603250188285529e+03
6.595590736069394552e+03
6.602133650440238853e+03
6.608646010844121520e+03
6.609431377243316092e+03
6.615646515789897421e+03
6.626712815197289274e+03
6.631067154385582398e+03
6.639383423877184214e+03
6.652489126037609822e+03
6.661004576437636388e+03
6.656991151382234420e+03
6.673334756692426708e+03
6.676465259009963120e+03
6.691059123138037648e+03
6.699799325793637763e+03
6.707616120424202563e+03
6.717059619516273415e+03
6.710294538892897435e+03
6.716951869117192473e+03
6.723451789968570665e+03
6.723451789968570665e+03
6.729824033718913597e+03
6.738255507646312253e+03
6.737442896797389949e+03
6.743669756235708519e+03
6.748730624123119924e+03
6.760605709807494350e+03
6.773329643015300462e+03
6.781129970810946361e+03
6.790364080641638793e+03
6.795896813864455908e+03
6.800332052974889848e+03
6.801923745867754405e+03
6.810997281497626318e+03
6.814504420326426953e+03
6.810697592744489157e+03
6.812245118495544375e+03
6.818429137338172950e+03
6.820073236483289293e+03
6.827917361083121250e+03
6.832797176311119074e+03
6.841235542462449303e+03
6.853537661084604224e+03
6.851688915319322405e+03
6.853224123494069318e+03
6.853767634602716498e+03
6.866814800555157490e+03
6.874203401929966276e+03
6.885698563683106840e+03
6.899485571590850668e+03
6.898062467063362419e+03
6.900474946137193911e+03
6.905359171919414621e+03
6.907458951464705933e+03
6.915885383010286205e+03
6.935488409749812490e+03
6.950092621034295917e+03
6.949059993508303705e+03
6.963008051453395638e+03
6.971748258536795220e+03
6.981792971427153134e+03
6.983799670501955006e+03
6.984550799216225641e+03
6.983628162385734868e+03
6.990024284617420562e+03
7.004565938213991103e+03
7.004281240297831573e+03
7.016353461974649690e+03
7.037973630910715656e+03
7.041486762842498138e+03
7.044698468616664286e+03
7.042429008624740163e+03
7.053312386405315920e+03
7.050394965146251707e+03
7.066119233399802397e+03
7.067615936487323779e+03
7.078390009061222372e+03
7.072805250445730962e+03
7.083259295616409872e+03
7.092794119049212895e+03
7.106187099630342345e+03
7.111270975298461963e+03
7.114168685312457455e+03
7.122286904904336552e+03
7.120067196982305177e+03
7.134242078439675424e+03
7.142643408414738587e+03
7.152900393997946594e+03
7.147647601908240176e+03
7.154396368501789766e+03
7.157544918609712113e+03
7.153594994356167263e+03
7.148532890484218115e+03
7.150753044277258596e+03
7.147080046010416481e+03
7.148260349323946684e+03
7.161189262222445905e+03
7.172856989541756775e+03
7.171331631740227749e+03
7.172705070529573277e+03
7.179592466479636641e+03
7.185146364425160755e+03
7.200024717992642763e+03
7.216140447413859874e+03
7.219974989852708859e+03
7.237975802935064166e+03
7.241538871414187270e+03
7.260660385066289564e+03
7.268047910743785906e+03
7.278561213828664222e+03
7.277466291107140023e+03
7.272802861621159536e+03
7.285238935755120110e+03
7.280850347484517442e+03
7.286318471172683530e+03
7.289513133370584001e+03
7.292098865392921653e+03
7.291228240500515312e+03
7.292962058271111346e+03
7.291214746814067439e+03
7.287567124502181287e+03
7.288052916815679055e+03
7.286942721029021413e+03
7.295068472140339509e+03
7.304814012823730991e+03
7.322766871047246241e+03
7.338101288813177234e+03
7.334739728122694032e+03
7.337559895600018535e+03
7.346670338237952819e+03
7.350353825395300191e+03
7.365053793431020495e+03
7.358655642515594081e+03
7.378961539878761869e+03
7.385519585707770602e+03
7.383185050060589674e+03
7.404994950240432445e+03
7.418943596860148318e+03
7.430406323343814620e+03
7.429932919458835386e+03
7.429932919458835386e+03
7.423391661913749886e+03
7.435381623326016779e+03
7.437637953291635313e+03
7.444284954351238412e+03
7.439073909572469347e+03
7.446303514736101533e+03
7.456892477355750998e+03
7.462825686350350225e+03
7.471462473528172268e+03
7.474767058803159671e+03
7.498063644312980614e+03
7.509993017539995890e+03
7.529391011945650462e+03
7.537122352351164409e+03
7.550010933920551906e+03
7.559828347092236072e+03
7.557731041666402234e+03
7.569018552215188720e+03
7.578568287813561255e+03
7.586817917558219960e+03
7.601712121286298498e+03
7.607761641728767245e+03
7.614203524675761400e+03
7.630961308970898244e+03
7.620723720424218300e+03
7.639070212865627582e+03
7.635723270784369561e+03
7.652502051682103229e+03
7.653247694260322533e+03
7.663486991012710860e+03
7.668991961032696054e+03
7.673429714632890864e+03
7.686388148541441296e+03
7.701873920327806445e+03
7.696731973650678810e+03
7.698391932543120674e+03
7.699130231955104136e+03
7.703589379125341111e+03
7.712038964043734268e+03
7.713387621912644136e+03
7.715857730803567392e+03
7.727484740164587492e+03
7.730672521838904686e+03
7.731634295851427851e+03
7.740270312070782893e+03
7.743489936400869738e+03
7.762163893861933502e+03
7.772175534004151814e+03
7.781730159248972996e+03
7.791703503107081815e+03
7.800991468897675986e+03
7.807192850821971660e+03
7.812477604590201736e+03
7.822640863711790189e+03
7.828858144898234968e+03
7.836895619186956537e+03
7.846324081332058995e+03
7.869618056384092597e+03
7.881239545850628929e+03
7.888288579429722631e+03
7.902573859606450242e+03
7.918080930068611451e+03
7.929543442375610539e+03
7.940512412961544214e+03
7.951127349522475015e+03
7.967184619878114063e+03
7.962410763752520324e+03
7.965096909844856782e+03
7.971212050356206419e+03
7.974388019536550019e+03
7.983657867306382286e+03
7.982296168272792784e+03
8.003273548328112156e+03
8.000734820528476121e+03
8.009236700750526325e+03
8.024548325133162507e+03
8.031848737719887140e+03
8.053538940551523410e+03
8.048143166914496760e+03
8.053840364837511515e+03
8.055635428179737573e+03
8.050022079918978307e+03
8.044233441703911012e+03
8.048363544342146270e+03
8.046330446172760276e+03
8.049995978193403062e+03
8.068530725019907550e+03
8.067955638964611353e+03
8.078571746196719687e+03
8.084408951456333853e+03
8.091184487251289283e+03
8.109075221130138743e+03
8.113740305947045272e+03
8.115669169015265652e+03
8.116352475907455300e+03
8.129273874802520368e+03
8.143023919481086523e+03
8.157655182957129909e+03
8.162754646444549508e+03
8.161647382041910532e+03
8.164428319887868383e+03
8.161550079217412531e+03
8.164906665475385125e+03
8.175171939442053372e+03
8.172098703228552949e+03
8.183418994663285048e+03
8.198140119392754059e+03
8.202447371307052890e+03
8.217803968895525031e+03
8.234394045675890084e+03
8.240987398892437341e+03
8.237989087109606771e+03
8.231978445094753624e+03
8.234598638457870038e+03
8.240197943768807818e+03
8.244163193824610062e+03
8.246863637079961336e+03
8.248424971620166616e+03
8.265500164043645782e+03
8.265500164043645782e+03
8.285021409109100205e+03
8.304938985448174208e+03
8.304324887308630423e+03
8.310144355418229679e+03
8.317724731503200019e+03
8.318512028356946757e+03
8.314422515877844489e+03
8.299534864021299654e+03
8.296875725109402993e+03
8.306593496192665043e+03
8.307933480659517954e+03
8.318598638227695119e+03
8.312354096928078434e+03
8.329504255797086444e+03
8.337796265513212347e+03
8.357430241871874387e+03
8.354478031712453230e+03
8.345863614788630002e+03
8.349607150285217358e+03
8.349950271945377608e+03
8.365265038681996884e+03
8.363275247679226595e+03
8.360920703209028943e+03
8.374098747044723495e+03
8.385844422732025123e+03
8.387231703221503267e+03
8.390742744981163924e+03
8.400267818961809098e+03
8.417497145741821441e+03
8.423317254419200253e+03
8.435976908819215168e+03
8.440771488368332939e+03
8.452627205015698564e+03
8.454378543328850355e+03
8.457406474358467676e+03
8.473363813492789632e+03
8.478280628899074145e+03
8.473804292345555950e+03
8.468744977330250549e+03
8.470603171078817468e+03
8.470586222363541310e+03
8.478790406954600257e+03
8.480280518269722961e+03
8.500866104861950589e+03
8.515912761892706840e+03
8.514715038604002984e+03
8.513427702707094795e+03
8.511820935157002168e+03
8.518991249749171402e+03
8.536088500189100159e+03
8.554758933192189943e+03
8.559329839099889796e+03
8.556939024273808172e+03
8.557240980708309507e+03
8.579873957026213247e+03
8.576858093221389936e+03
8.573596778994608030e+03
8.579907069658251203e+03
8.595907886303140913e+03
8.615033523958507431e+03
8.611436954120508744e+03
8.617038957781007412e+03
8.619501641835473492e+03
8.631950924939883407e+03
8.635284699571335295e+03
8.639592411582183558e+03
8.649870317132061246e+03
8.648679136413215019e+03
8.646571147631517306e+03
8.643668703627030482e+03
8.662632732452781056e+03
8.680920739123190288e+03
8.676234946965823838e+03
8.674468726257515300e+03
8.685957372833772752e+03
8.698390535988666670e+03
8.713842391575946749e+03
8.711353119444111144e+03
8.718056828651517208e+03
8.720735394306766466e+03
8.726725066625713225e+03
8.737935033556188500e+03
8.736371004906424787e+03
8.748300062085905665e+03
8.763302467148927462e+03
8.773477415312148878e+03
8.789901368811080829e+03
8.808492402752235648e+03
8.808997526876304619e+03
8.805483037235861048e+03
8.810008285202595289e+03
8.820939166674574153e+03
8.825876050459339240e+03
8.832092212625611864e+03
8.832444950178747604e+03
8.845884855764319582e+03
8.848196511546406327e+03
8.850317631500811331e+03
8.857569384223987072e+03
8.870017017708003550e+03
8.898023182293243735e+03
8.902524374053384236e+03
8.906739457706482426e+03
8.908580955544552126e+03
8.912784252520179507e+03
8.905976900924206348e+03
8.912720549663905331e+03
8.903837211371730518e+03
8.906369912832424234e+03
8.916207194253220223e+03
8.934681833825721696e+03
8.955028346871513349e+03
8.961195916840493737e+03
8.969163752563510570e+03
8.978550712377715172e+03
8.996702996414594963e+03
9.005183655509134041e+03
9.013069094058248083e+03
9.009586225834715151e+03
9.009586225834715151e+03
9.018695418721719761e+03
9.022420041790173855e+03
9.047684325180049200e+03
9.040786371951055116e+03
9.043755500196988578e+03
9.051262744712903441e+03
9.065012343722648438e+03
9.083770614119530364e+03
9.096003667707211207e+03
9.111181104409160980e+03
9.106264940032086088e+03
9.100826383108325899e+03
9.109300576406907567e+03
9.133501229943007274e+03
9.135451542954388060e+03
9.128560977195824307e+03
9.125389509582375467e+03
9.124541987784505181e+03
9.117940383989960537e+03
9.124493565795617542e+03
9.132520798054167244e+03
9.136105477107925253e+03
9.142216331301176979e+03
9.136060423772023569e+03
9.138077373358186378e+03
9.130215023970396942e+03
9.119155912795014956e+03
9.131313515177293084e+03
9.150649884592399758e+03
9.159401124992296900e+03
9.163994714118269258e+03
9.158357259526885173e+03
9.149062481023522196e+03
9.149937757801146290e+03
9.149343629613598750e+03
9.153210045788406205e+03
9.179207955443751416e+03
9.196025894176251313e+03
9.195867059059522944e+03
9.205268428136178045e+03
9.207252834089145836e+03
9.231302764680418477e+03
9.245143142142893339e+03
9.256647421846972065e+03
9.283561206559745187e+03
9.287387773647229551e+03
9.297668832720770297e+03
9.319698316636646268e+03
9.338938055543192604e+03
9.338807663954827149e+03
9.354110823376422559e+03
9.345911219511064701e+03
9.337405836625321172e+03
9.338795191572249678e+03
9.338746725444187177e+03
9.330501934530913786e+03
9.358359851311757666e+03
9.370370160355374537e+03
9.384960807368881433e+03
9.382466861154445724e+03
9.382501637674382437e+03
9.395614059206234742e+03
9.384690951200373092e+03
9.386538298671499433e+03
9.392511812248976639e+03
9.402794681474366371e+03
9.412205392152607601e+03
9.419888136817422492e+03
9.430669549126045240e+03
9.436108627060099025e+03
9.432349019354711345e+03
9.441393117636993338e+03
9.467604158338092020e+03
9.471510241110263451e+03
9.472629939399170325e+03
9.486962397371555198e+03
9.497205227751506754e+03
9.499838788188570106e+03
9.508600325301809789e+03
9.510483069942703878e+03
9.529648848615877796e+03
9.527950870469419897e+03
9.537805716854902130e+03
9.540586201170421191e+03
9.548507076653017066e+03
9.558673819242088939e+03
9.562934087310033647e+03
9.567767316521880275e+03
9.564237883260124363e+03
9.569070370005398217e+03
9.567965344453577927e+03
9.575233194521886617e+03
9.572729518768996058e+03
9.587949687705937322e+03
9.587105085738283378e+03
9.601675703271628663e+03
9.599629965520221958e+03
9.604769860778995280e+03
9.598595448012441921e+03
9.598075614084675180e+03
9.601916366311128513e+03
9.620916796928291660e+03
9.627305743915389030e+03
9.628285248758786111e+03
9.643668657256810548e+03
9.641776441972777320e+03
9.657086080332472193e+03
9.652956318608630681e+03
9.663178427235516210e+03
9.668757744153408566e+03
9.674882015941297141e+03
9.672206483297306477e+03
9.660456865707206816e+03
9.680374156317779125e+03
9.685742928557667256e+03
9.673250291995775115e+03
9.667356062253393247e+03
9.683137830564848628e+03
9.691975756611229372e+03
9.691975756611229372e+03
9.684160051495626249e+03
9.715170845289776480e+03
9.731480058184813970e+03
9.722965485906954200e+03
9.721866949312809083e+03
9.732371281212834219e+03
9.747318962462970376e+03
9.748348474238307972e+03
9.756783739374885045e+03
9.765730147887004932e+03
9.760636059486119848e+03
9.771478460416543385e+03
9.782227420783954585e+03
9.790829282265889560e+03
9.795306402885695206e+03
9.788045815328934623e+03
9.802681527779546741e+03
9.810858582604749245e+03
9.813239652500469674e+03
9.834595936022242313e+03
9.842906197489273836e+03
9.864435907287141163e+03
9.859049378170237105e+03
9.857593643421289016e+03
9.863393221359796371e+03
9.882985249691038916e+03
9.892929615584802377e+03
9.890203975623029692e+03
9.888865966667772227e+03
9.890961171109805946e+03
9.901116535871438828e+03
9.903214798401497319e+03
9.919869588778283287e+03
9.932036043217938641e+03
9.939747122214934279e+03
9.955304693082816812e+03
9.964479588339498150e+03
9.965270383006507473e+03
9.965609968002945607e+03
9.978664847329662734e+03
9.987246911416914372e+03
9.998205529092174402e+03
9.992003646295306680e+03
9.991353247727385678e+03
9.988855600711602165e+03
1.001186474415841258e+04
1.001912941447633057e+04
1.001222760802402263e+04
1.004006551047519497e+04
1.004697074980945035e+04
1.006845127469530780e+04
1.005928937679491901e+04
1.008646459689609037e+04
1.010346464848957658e+04
1.009612332518851872e+04
1.010072468148752705e+04
1.011682192052438950e+04
1.012422083466025833e+04
1.012694276803869070e+04
1.012706748847454583e+04
1.012105574893083940e+04
1.012113110602432243e+04
1.011650372127929950e+04
1.013398328540102011e+04
1.014876710203705079e+04
1.016288169329920129e+04
1.015742226464016312e+04
1.015775396338081191e+04
1.016719332255668269e+04
1.019257053757920221e+04
1.018673573696412132e+04
1.018575219877552991e+04
1.017930143124082133e+04
1.019246224755679395e+04
1.020263643015476373e+04
1.021705728709443974e+04
1.022381356257147308e+04
1.023890778531379874e+04
1.025183699726355553e+04
1.026726313887754804e+04
1.027597862957484904e+04
1.027207935190740318e+04
1.027930498615262150e+04
1.029268487701163576e+04
1.031099230081895439e+04
1.029860429522942286e+04
1.030678458318707271e+04
1.032230312668215811e+04
1.032684251424749891e+04
1.033585481716424329e+04
1.033339361046564045e+04
1.032631361574275070e+04
1.034437438184441089e+04
1.033872729204677125e+04
1.033004448754971418e+04
1.032763534849677126e+04
1.032600009278583457e+04
1.034633352588562229e+04
1.036327118000768132e+04
1.036545536120888573e+04
1.036009151218880288e+04
1.038237886956862167e+04
1.040378496785765492e+04
1.042753131508723345e+04
1.042743569678676977e+04
1.044525375142873963e+04
1.046338288338645361e+04
1.046870253959771617e+04
1.049043291711377969e+04
1.048385461056444728e+04
1.048458685110780061e+04
1.050344145564712198e+04
1.050842929598955016e+04
1.050331623834004677e+04
1.052767333758076165e+04
1.053817125970577763e+04
1.055233914696389911e+04
1.056793729223153787e+04
1.057154819918189060e+04
1.057154819918189060e+04
1.058511896873321166e+04
1.060140317995866644e+04
1.062969578138673023e+04
1.063785887582983014e+04
1.064567473210042590e+04
1.064753416784062756e+04
1.066800422331063237e+04
1.065557582362346147e+04
1.067403916936540008e+04
1.067888415125133542e+04
1.067576158088801094e+04
1.067229877623809080e+04
1.068912465932082341e+04
1.069248166605947154e+04
1.069690577874952578e+04
1.069308068835513950e+04
1.069690345324434384e+04
1.069232190938268832e+04
1.071094770505381166e+04
1.070418966535646177e+04
1.069711447894331468e+04
1.070148133714596406e+04
1.071344896100242295e+04
1.072654540521403578e+04
1.072349541178909385e+04
1.074600102809849159e+04
1.076778107567027837e+04
1.076325873669347129e+04
1.076040476892471088e+04
1.076861620821481301e+04
1.077011842299774617e+04
1.076790647341114527e+04
1.076544008315265637e+04
1.077326460184355346e+04
1.076936965118458102e+04
1.075671313010623453e+04
1.074817162333731176e+04
1.075927161648348738e+04
1.077984288665161876e+04
1.079978044226102247e+04
1.078346576469497813e+04
1.079366580638054984e+04
1.079981081441234892e+04
1.080306182950187394e+04
1.078057404431924078e+04
1.077685570129708321e+04
1.076820791985779942e+04
1.076877158367633092e+04
1.078238899057163326e+04
1.078048329626838495e+04
1.077749053531148274e+04
1.079859917740434321e+04
1.080021364057380379e+04
1.081525064884082349e+04
1.082175554150795688e+04
1.084143417868463439e+04
1.084945232884847428e+04
1.083549212850260665e+04
1.084850515352164439e+04
1.086169726895168424e+04
1.085371434073957425e+04
1.084871286165931087e+04
1.087608584305415934e+04
1.086914648129823036e+04
1.089182339917488571e+04
1.088930780927033084e+04
1.090090336686718547e+04
1.090467626141549772e+04
1.089651065195170850e+04
1.089977940391496668e+04
1.090802931146506126e+04
1.092138051153286506e+04
1.095059473048720429e+04
1.096482340293511697e+04
1.096938548774107949e+04
1.096966534834974846e+04
1.096140812936774637e+04
1.097704215000676413e+04
1.098475824294064478e+04
1.099910209976362603e+04
1.100231082556906586e+04
1.100700961639397792e+04
1.100388298046341515e+04
1.102620145587546358e+04
1.103510681098457644e+04
1.104271939996090623e+04
1.103738575226875946e+04
1.102172909358555444e+04
1.103194142603809814e+04
1.103491849176109645e+04
1.104788015088312386e+04
1.105379600884128740e+04
1.104422649007814653e+04
1.105454404464157597e+04
1.106836656310315811e+04
1.108392764158760838e+04
1.108469063923434624e+04
1.109845577386757759e+04
1.111408359279541219e+04
1.112040859576914954e+04
1.110979362304799724e+04
1.111631117601271035e+04
1.112845410804632411e+04
1.114223667557178487e+04
1.114409614802096257e+04
1.116218304707755306e+04
1.117133544980814077e+04
1.116152598317802767e+04
1.116392521651889001e+04
1.117890849433269796e+04
1.120061914190229982e+04
1.119927722917716528e+04
1.119494407005778703e+04
1.118715435040448210e+04
1.119122991690399977e+04
1.119351159143153382e+04
1.117733538427367421e+04
1.119153025523994256e+04
1.117831688167826724e+04
1.117831688167826724e+04
1.118774569668771437e+04
1.120346894346887166e+04
1.121349546577773253e+04
1.122335702273744755e+04
1.122082336426669099e+04
1.120775169627724972e+04
1.122303675248118816e+04
1.124757525097113103e+04
1.126977724215628223e+04
1.125814027858111149e+04
1.129533774290700057e+04
1.132032885994221760e+04
1.130964067397123472e+04
1.129604123355235970e+04
1.128798210717498296e+04
1.129922795125353150e+04
1.130084524418461297e+04
1.129511291621200871e+04
1.129540735564468923e+04
1.131099221212671364e+04
1.131200517048934125e+04
1.132448819546218147e+04
1.133320368890505961e+04
1.134351620867067322e+04
1.134259691861965621e+04
1.136596809521502109e+04
1.136677813472000344e+04
1.137790518467822039e+04
1.137897896031212258e+04
1.138168761054215065e+04
1.140639411970719993e+04
1.140649779201392812e+04
1.141690424880268984e+04
1.144026387592717765e+04
1.143847028802056775e+04
1.143900850989594619e+04
1.146620304094657149e+04
1.147267081592915747e+04
1.147366010903074493e+04
1.147110578725539381e+04
1.146495106042657972e+04
1.148234091078050733e+04
1.147689110549467478e+04
1.147986522662973402e+04
1.149425090676048967e+04
1.150401927109932876e+04
1.149690561342852379e+04
1.150540180544147734e+04
1.153003506965057386e+04
1.155117316698169452e+04
1.156549270120312758e+04
1.156894619848473485e+04
1.157699172580976665e+04
1.159149135506856328e+04
1.159503737918995648e+04
1.160196703925554721e+04
1.162997933439633744e+04
1.161520837692291570e+04
1.160411017242668277e+04
1.160364170347908293e+04
1.162671584213471215e+04
1.164994749913242413e+04
1.165458828802534845e+04
1.164771542096439953e+04
1.165294321568526175e+04
1.166299420619913508e+04
1.164688387281921496e+04
1.166646440430615985e+04
1.165334744264751316e+04
1.165826450459487569e+04
1.167190029956863873e+04
1.168327215027865532e+04
1.167994042522521522e+04
1.167969249255025716e+04
1.167773888232356330e+04
1.166775419110689108e+04
1.168328824079371225e+04
1.169007543273852752e+04
1.169818987443363221e+04
1.172568146344484012e+04
1.174019137184137435e+04
1.173812248037846621e+04
1.174863750051059833e+04
1.175243699302828463e+04
1.174096838090178062e+04
1.175025135260407296e+04
1.176112404317368964e+04
1.177354718539528039e+04
1.178639666413013038e+04
1.180178964950819136e+04
1.181257021298994914e+04
1.182947565214668248e+04
1.185420347999009391e+04
1.184831630316067458e+04
1.186937048400108506e+04
1.186846606136393166e+04
1.188822670856122022e+04
1.190403126577878720e+04
1.191275106400430923e+04
1.190438747260034143e+04
1.192051157612280440e+04
1.190729502017229606e+04
1.190382997555873953e+04
1.192009317307444144e+04
1.192798222319870183e+04
1.192428116718202000e+04
1.193338906351246078e+04
1.194383167731035428e+04
1.194372336003881355e+04
1.195045079602956503e+04
1.195786241759097175e+04
1.195625540467281644e+04
1.195826486082684096e+04
1.196724503777443897e+04
1.196918805422820151e+04
1.196982876090929312e+04
1.196342818061700382e+04
1.198050172041825499e+04
1.196592609492715383e+04
1.196592609492715383e+04
1.195468612475319424e+04
1.198029112077605532e+04
1.200149814076337134e+04
1.202080187937440132e+04
1.203864860395545293e+04
1.205359390590976182e+04
1.204757252831872938e+04
1.205203247232737340e+04
1.206481066047613967e+04
1.208279102687914383e+04
1.209240669368682393e+04
1.210889183618774587e+04
1.210241486833907766e+04
1.209514717619702606e+04
1.211834420785981274e+04
1.213475775481588244e+04
1.215539157401970260e+04
1.214305665222091920e+04
1.214830891559438714e+04
1.215574684134279596e+04
1.215997237996311378e+04
1.214055414755136371e+04
1.214389081321364392e+04
1.214052918506955939e+04
1.212670530640250763e+04
1.210499306814535703e+04
1.210495716146437007e+04
1.212540867837663427e+04
1.212954817299010392e+04
1.215128170125380893e+04
1.218494352407419137e+04
1.218058254916918304e+04
1.219896830425875669e+04
1.222100915320087370e+04
1.221747002528190569e+04
1.223507249535218762e+04
1.223513817823125464e+04
1.225183260983448235e+04
1.228025384624535400e+04
1.230427366096519836e+04
1.230993240196878287e+04
1.233286265066455417e+04
1.234487830555611617e+04
1.234074210550361568e+04
1.234825404183269166e+04
1.236503747110020231e+04
1.236864636153485117e+04
1.238064178302515211e+04
1.237203534170112107e+04
1.236795882147719567e+04
1.238118451540496608e+04
1.237958985517650945e+04
1.239018381806870457e+04
1.239107301333065880e+04
1.240143499646798045e+04
1.240012999051286170e+04
1.239984860814686181e+04
1.240617767275850383e+04
1.242574597487972460e+04
1.242222068677827338e+04
1.241026519589995405e+04
1.243086166201323613e+04
1.244359738696657405e+04
1.246503486589024396e+04
1.247190976102461536e+04
1.246870558644013909e+04
1.246539390432071559e+04
1.244446731838562846e+04
1.243160982758382852e+04
1.244004791127182943e+04
1.244146176958451724e+04
1.244163964474034765e+04
1.245876604850057265e+04
1.244284690961998058e+04
1.245657883154551928e+04
1.244944038197560985e+04
1.247299466357108940e+04
1.249300865355905080e+04
1.248020474028818171e+04
1.249145130570405308e+04
1.249298689795726568e+04
1.251344467937453010e+04
1.253252481547134812e+04
1.254566091948380199e+04
1.254548601162176783e+04
1.255136196097088759e+04
1.256332324397097364e+04
1.256221889857392671e+04
1.256181346219259285e+04
1.257659642878002887e+04
1.259251191899101650e+04
1.257953616712084840e+04
1.259966796996273479e+04
1.262544405850192015e+04
1.262564735128068969e+04
1.265228714354015210e+04
1.267491928253332662e+04
1.267715841059407830e+04
1.270958722836369998e+04
1.272707777592725142e+04
1.272827671126168207e+04
1.272738591482126139e+04
1.274906272227280715e+04
1.275003171659646614e+04
1.274625604280507287e+04
1.275507276866699613e+04
1.274851099201971374e+04
1.273737636244783062e+04
1.271089395233168580e+04
1.271474557619164989e+04
1.270823711527886735e+04
1.272737043028500193e+04
1.272176110364525266e+04
1.273000223090737563e+04
1.274380024283002967e+04
1.277249398701848077e+04
1.277178354327391935e+04
1.279297142550321405e+04
1.278867505710342084e+04
1.278867505710342084e+04
1.277890965472851349e+04
1.277312842193620781e+04
1.277411325142293208e+04
1.276075950519661819e+04
1.278145924167873636e+04
1.279101809890590812e+04
1.282201604847584167e+04
1.283378525281999282e+04
1.285173529767379478e+04
1.287273244972619977e+04
1.290780855471964605e+04
1.291160004985378146e+04
1.292418985164706282e+04
1.292799234343759235e+04
1.293643109828759589e+04
1.295028517518620356e+04
1.295935460273997887e+04
1.297543366897790111e+04
1.296297277776524243e+04
1.298343681678383837e+04
1.298339855336279288e+04
1.296781189956203161e+04
1.299568927636265471e+04
1.298691679650466176e+04
1.301169007019608034e+04
1.303561494592296731e+04
1.304291961292677843e+04
1.304581959495856245e+04
1.304868980423498033e+04
1.305461422686170044e+04
1.306355044824671313e+04
1.306063734329327417e+04
1.306090906412363620e+04
1.310282412774264230e+04
1.308465841714205089e+04
1.308044476934671366e+04
1.309470293239122475e+04
1.310719770407213218e+04
1.309085282802376059e+04
1.308649599323426446e+04
1.308992196930613864e+04
1.308006675815468770e+04
1.304590033842087905e+04
1.304263934672693176e+04
1.302665527679575644e+04
1.302243154399219384e+04
1.304475672438222682e+04
1.304497388814844453e+04
1.303264837235598134e+04
1.302784182803751173e+04
1.304233856997434668e+04
1.306139705405211498e+04
1.306248491896828273e+04
1.305405519868801639e+04
1.305085708634526782e+04
1.306846385437132631e+04
1.308867250591345692e+04
1.310209003705928990e+04
1.310133088660761314e+04
1.313390312154959247e+04
1.311928868691988100e+04
1.312399606963368387e+04
1.312780515741161435e+04
1.310880273218414914e+04
1.311869576092714487e+04
1.313306807874677179e+04
1.312268433992804057e+04
1.314238390642753438e+04
1.313060176333007621e+04
1.313855821482081410e+04
1.312441228554842201e+04
1.312104045215374936e+04
1.311346753523672487e+04
1.312264388190400496e+04
1.312037858332812539e+04
1.313339431904292178e+04
1.312368907966186998e+04
1.314118631622207613e+04
1.313022440742459912e+04
1.314775274689426806e+04
1.314664595890228520e+04
1.314410657488288234e+04
1.314994641565656093e+04
1.312906309132013666e+04
1.315633142061931721e+04
1.313650280921425838e+04
1.311831921058735497e+04
1.311489841933046227e+04
1.312615608933439580e+04
1.311971917701384700e+04
1.313604541656808397e+04
1.313865645651644991e+04
1.316214222640103617e+04
1.317042677656867272e+04
1.317072921845113342e+04
1.317403190788859865e+04
1.319441100458654000e+04
1.320744778941502773e+04
1.322615694701082066e+04
1.324073970729917892e+04
1.326397688174265204e+04
1.327074856949235618e+04
1.326664228408005874e+04
1.323904397000139215e+04
1.324702958844524619e+04
1.328282271874810795e+04
1.331734988451671961e+04
1.332825465653732317e+04
1.334944975044520288e+04
1.335628939639291275e+04
1.337449212114767761e+04
1.339910850051146372e+04
1.339096822053407050e+04
1.342213578952703756e+04
1.341632724776686155e+04
1.342662165744891354e+04
1.345024098601804326e+04
1.344923529322831564e+04
1.344815029696393685e+04
1.344815029696393685e+04
1.346457511183682254e+04
1.347616250884869805e+04
1.346777840069732520e+04
1.348370196189819035e+04
1.351622548796641786e+04
1.351093493476142066e+04
1.351490553045797606e+04
1.353105653574259486e+04
1.354460271162022946e+04
1.355230074658075682e+04
1.353567152789105603e+04
1.353977684432371825e+04
1.352133094182706554e+04
1.351301715158246225e+04
1.351319266589232029e+04
1.351275000099342105e+04
1.351168467561619400e+04
1.351518405217081272e+04
1.353731339390257926e+04
1.353785586365809650e+04
1.354929296746040018e+04
1.356695256366716967e+04
1.356256860567041258e+04
1.357999432700838406e+04
1.356847630479655345e+04
1.356926007594232215e+04
1.356843356536649662e+04
1.358092616256209476e+04
1.360207185654967361e+04
1.360890797454058702e+04
1.363311252270087971e+04
1.363802401824078697e+04
1.365516322641268744e+04
1.364358705103881948e+04
1.364914505286392523e+04
1.367563953940642750e+04
1.365559487926300972e+04
1.364253502488799131e+04
1.367691089878674939e+04
1.367957667026282616e+04
1.368873389155363293e+04
1.370550020434649014e+04
1.372253749757839068e+04
1.373359240014463285e+04
1.374066344421206668e+04
1.376247708412895736e+04
1.375768205726786437e+04
1.374215364104550099e+04
1.374341365916032373e+04
1.376666239292444334e+04
1.378738075427674994e+04
1.378099425954582148e+04
1.380832778498149673e+04
1.381322435443919312e+04
1.382557132432732396e+04
1.383708145562776372e+04
1.383733224536851594e+04
1.385244017822891692e+04
1.387318619460243281e+04
1.387337194247023763e+04
1.389615743141132589e+04
1.391133386016949407e+04
1.392344922831632175e+04
1.391670814150639490e+04
1.392687872186231834e+04
1.395163669837750604e+04
1.395658854331683324e+04
1.396544818558052248e+04
1.394452106071801609e+04
1.394133281328300109e+04
1.397092042712909279e+04
1.397333300759466147e+04
1.398322198200955972e+04
1.397393583411462896e+04
1.398850905637225878e+04
1.401711201179301497e+04
1.404074055481654068e+04
1.407632117494794511e+04
1.409700243117051650e+04
1.410551987327573624e+04
1.411159240509798474e+04
1.409863251417933134e+04
1.410897008147303677e+04
1.410445864717375480e+04
1.411234854865666784e+04
1.410665749391212375e+04
1.410606155138620852e+04
1.411774413844636729e+04
1.412779556523211249e+04
1.414784153493563463e+04
1.417442032911313981e+04
1.416596042382522683e+04
1.417597936635912083e+04
1.419700463264759674e+04
1.419040717319678879e+04
1.420130549407932995e+04
1.420395659482751216e+04
1.420692113548541056e+04
1.417996938691438845e+04
1.419349712677599200e+04
1.421072027681675172e+04
1.420786199037916958e+04
1.420574314506250994e+04
1.422768362270898797e+04
1.423163059797260212e+04
1.426450942477963144e+04
1.425085620012549589e+04
1.424576299081624711e+04
1.423943920149764745e+04
1.423885790537032881e+04
1.422480044731043199e+04
1.420351356258540909e+04
1.421774497424989568e+04
1.423251179068759484e+04
1.424597882516753816e+04
1.424522577337903022e+04
1.425884177204513799e+04
1.425459889392276273e+04
1.424846422323506704e+04
1.424846422323506704e+04
1.425155684966650733e+04
1.424988176188187936e+04
1.423701682181758224e+04
1.425124076872038495e+04
1.425435173432618467e+04
1.428104122731555617e+04
1.430212791161189671e+04
1.429274056497722813e+04
1.427411788396916563e+04
1.429960993264562239e+04
1.432012481876551101e+04
1.435314562548210597e+04
1.433384906183769090e+04
1.431904236784315435e+04
1.434388162284838654e+04
1.435471894459911164e+04
1.436542558065541380e+04
1.439029573952289320e+04
1.438511909038596059e+04
1.440620582103356901e+04
1.442823126119327026e+04
1.444056009916829680e+04
1.443746156080599940e+04
1.442523183730832534e+04
1.442803916097391630e+04
1.442585465524737629e+04
1.442688983002141322e+04
1.441486823835875475e+04
1.441307798069675300e+04
1.438813303350060414e+04
1.438440736242468665e+04
1.436599671717856836e+04
1.438687865330639215e+04
1.440921317581376388e+04
1.443750250244181734e+04
1.444969039566190622e+04
1.445800393943022391e+04
1.446453399268292014e+04
1.447682435001681006e+04
1.446753860593425816e+04
1.447080873979601711e+04
1.445566614586453943e+04
1.445564767652013870e+04
1.446608894519605019e+04
1.448083863357592782e+04
1.449784270347219717e+04
1.449746413494159788e+04
1.453207532282847205e+04
1.453242138401484590e+04
1.455048718750044645e+04
1.457803264607741221e+04
1.458528470111451497e+04
1.457493878342454445e+04
1.456373163638201004e+04
1.457495217299018077e+04
1.457906097691701143e+04
1.457316588564322228e+04
1.458290487238503920e+04
1.458695142424363621e+04
1.460305872527133397e+04
1.460479361290540510e+04
1.459770187276005709e+04
1.458037109026942744e+04
1.458987832532753418e+04
1.461229476448272544e+04
1.462354241165730855e+04
1.463635239465704035e+04
1.462559472450963221e+04
1.464124643143805224e+04
1.466197163429087414e+04
1.466909069057390843e+04
1.467116140742182870e+04
1.466184938977236925e+04
1.466702556595995156e+04
1.468929047283311957e+04
1.468354201976937475e+04
1.468477149868227207e+04
1.470105492187710115e+04
1.470762923651627170e+04
1.472404383304890325e+04
1.471292503304961974e+04
1.470369420015879587e+04
1.473049584106080329e+04
1.471527240719489782e+04
1.471713505434233048e+04
1.475097152322976945e+04
1.475596573577542949e+04
1.476329554534850831e+04
1.476133878840739999e+04
1.477975738257243393e+04
1.477418091240055037e+04
1.479723038950558839e+04
1.480757849546476245e+04
1.481695322295678488e+04
1.480966499087832017e+04
1.479679165011424084e+04
1.480269904905941803e+04
1.483428453387981426e+04
1.485493881730969770e+04
1.484671015273567173e+04
1.484191914987018390e+04
1.486302269765058190e+04
1.488268508806958380e+04
1.489323149177846608e+04
1.490211037780642073e+04
1.493156383813159664e+04
1.495695587196318593e+04
1.496075563659185718e+04
1.496540149715641382e+04
1.498026828716795899e+04
1.495008581347909967e+04
1.494332638469106678e+04
1.494823238791002950e+04
1.495405105452725547e+04
1.496681932753591354e+04
1.498234712873676472e+04
1.501155234571473738e+04
1.500591992544506138e+04
1.500849201580450972e+04
1.500849201580450972e+04
1.503600437544804117e+04
1.502760066821909822e+04
1.502529695513211118e+04
1.503673483800662325e+04
1.504603759588447792e+04
1.504284270080212991e+04
1.504478951642210450e+04
1.504889923445440581e+04
1.502694690126141177e+04
1.505085732059873772e+04
1.504155935219224375e+04
1.507311123970409608e+04
1.509190983077192323e+04
1.510398483310519441e+04
1.510673921533611065e+04
1.513950500585096415e+04
1.515557553333516444e+04
1.514837296567890917e+04
1.514761986360525952e+04
1.513446309353124525e+04
1.516470739762503763e+04
1.516163261932696150e+04
1.516310075398882873e+04
1.518975842363632546e+04
1.518888229802500064e+04
1.519396989926698916e+04
1.519431710520851630e+04
1.518288500040536564e+04
1.515932812144976560e+04
1.516066443619895472e+04
1.515721279510720888e+04
1.518155772511034229e+04
1.519624942087843374e+04
1.519686121206699499e+04
1.519801582564373712e+04
1.519958666675250424e+04
1.520765969980529189e+04
1.521356753451424629e+04
1.520412829771608813e+04
1.520376880358564995e+04
1.523034242039710989e+04
1.525437537272757254e+04
1.525103100690773135e+04
1.525928366796299269e+04
1.526851890138038107e+04
1.528108363448986529e+04
1.528886850893580777e+04
1.530232317895143569e+04
1.526836274941434749e+04
1.526846868765786166e+04
1.527449026496499937e+04
1.527933687468432981e+04
1.531207243213290531e+04
1.530608975401016505e+04
1.532611717375581611e+04
1.533800933943675227e+04
1.532398669981291278e+04
1.533304803181547686e+04
1.535917619398664101e+04
1.535931235875511447e+04
1.534168190966315888e+04
1.536284043177130661e+04
1.538892923692145268e+04
1.539065873417502371e+04
1.536639519002387169e+04
1.535936822247062992e+04
1.538122210974829250e+04
1.538135789739372740e+04
1.541352159669317734e+04
1.541927701921301195e+04
1.543886044019058136e+04
1.543487361061469346e+04
1.545877162903499266e+04
1.548005796528763676e+04
1.549164045286052351e+04
1.552872426418236682e+04
1.555702683861065270e+04
1.556446330084169858e+04
1.557150091702010104e+04
1.557274036276955121e+04
1.558816757264749867e+04
1.559505802542636957e+04
1.558351807277945227e+04
1.557838952755489117e+04
1.558702735295881757e+04
1.559017403126370118e+04
1.561532343813278567e+04
1.561006211928443736e+04
1.561017551092367648e+04
1.560604145058986978e+04
1.560617533051772625e+04
1.562683258785480029e+04
1.564428582847739563e+04
1.565784715245888583e+04
1.566848530607798421e+04
1.568395921730631198e+04
1.567362525278669091e+04
1.568252188556396686e+04
1.569150924076688534e+04
1.572973351887888748e+04
1.572884220660233950e+04
1.570659571657989545e+04
1.570276623648896930e+04
1.571848034693174486e+04
1.572533869252713521e+04
1.574011338538293057e+04
1.577183641753126903e+04
1.575153555119977318e+04
1.574791893057920788e+04
1.574042478770201888e+04
1.575059567769515525e+04
1.576449696818623852e+04
1.579311550426769463e+04
1.581616905622855666e+04
1.579305054969718913e+04
1.580863342456237115e+04
1.579705449025290545e+04
1.578711430922297222e+04
1.576792599208741740e+04
1.576792599208741740e+04
1.575468834760194659e+04
1.575414969814872529e+04
1.572717450297744836e+04
1.573020566751905790e+04
1.572166863399346767e+04
1.571615208606892702e+04
1.571719314236328864e+04
1.572864545929657834e+04
1.572583920637317351e+04
1.574156626392363796e+04
1.576147983588437455e+04
1.579990984403040784e+04
1.579272201658581798e+04
1.578423378059548304e+04
1.578278029091559620e+04
1.578999273315282699e+04
1.580373574232898500e+04
1.579756863267449808e+04
1.580925238052196073e+04
1.581424599955062513e+04
1.586757669800242547e+04
1.586892757311630339e+04
1.587732341176301452e+04
1.589063463203017272e+04
1.590469439491983394e+04
1.590416499230238878e+04
1.589394106859296517e+04
1.590845525686784094e+04
1.592829451091062947e+04
1.594452558620773016e+04
1.593691837773386396e+04
1.596305647236072582e+04
1.597434329190693097e+04
1.598175234654294218e+04
1.601009995972786237e+04
1.597149091921814215e+04
1.594804644989592271e+04
1.596538759107202168e+04
1.594706724845286408e+04
1.596003871869958311e+04
1.599312282683336525e+04
1.599548181772285716e+04
1.599728050263918885e+04
1.599873950923722805e+04
1.600419476083212430e+04
1.602991479167191210e+04
1.603934024618912372e+04
1.607931888480868110e+04
1.610173674550761825e+04
1.610586650946625377e+04
1.609936676424656798e+04
1.609052516245459810e+04
1.608692795280743849e+04
1.607148276879399418e+04
1.608001370673738893e+04
1.610086806816992430e+04
1.613803561530669867e+04
1.615918473087438724e+04
1.616199732502284132e+04
1.613975537094255196e+04
1.611071672147535355e+04
1.612902607855635142e+04
1.613517089632767056e+04
1.613652184656295321e+04
1.611947202445323455e+04
1.613797161973883885e+04
1.610122140833658159e+04
1.611875242341568446e+04
1.611097487835854372e+04
1.611478802766732770e+04
1.615444987436632437e+04
1.614824903089477266e+04
1.612589332380182896e+04
1.611420598416958273e+04
1.613629737702334387e+04
1.617567219686955468e+04
1.619405555135390568e+04
1.620834462409682237e+04
1.620585910576225251e+04
1.618089893244450468e+04
1.618154133385752175e+04
1.616224908533360576e+04
1.619883895645274606e+04
1.619959477164708915e+04
1.621453456221356464e+04
1.620829736644353034e+04
1.623104898439603494e+04
1.620153354687225692e+04
1.621038641230121721e+04
1.621734379992586400e+04
1.621561947140726625e+04
1.621966544024120594e+04
1.621031803266072347e+04
1.621958212121420911e+04
1.622317681147216172e+04
1.623957378928774415e+04
1.623888506591113946e+04
1.624033456124815712e+04
1.623891901978152600e+04
1.624319428568771582e+04
1.626201578706407781e+04
1.630086344038804418e+04
1.633292934453229464e+04
1.636005560057426555e+04
1.638294924293835356e+04
1.634705004679430203e+04
1.633735346299478988e+04
1.638631884175994855e+04
1.639682117825900423e+04
1.637570948089306876e+04
1.637103090488760245e+04
1.637578451586636947e+04
1.640095832264431374e+04
1.641861542607065348e+04
1.645199656569642320e+04
1.646273607257477124e+04
1.642767336649453864e+04
1.643909359609436797e+04
1.643360541617052149e+04
1.643360541617052149e+04
1.644468515569946976e+04
1.642833522419017027e+04
1.644054220777224327e+04
1.646716464975883719e+04
1.646947178115244606e+04
1.646894395512832125e+04
1.649824226970627205e+04
1.647760978235411312e+04
1.647695342740928027e+04
1.648464863822604821e+04
1.643877004800389841e+04
1.647659695391340938e+04
1.646607600338413249e+04
1.648091723185531009e+04
1.648735576386209505e+04
1.650920834482760984e+04
1.648716631170676192e+04
1.648879016863982542e+04
1.649302730149972194e+04
1.651969802146647999e+04
1.650459758177404365e+04
1.651777802792178045e+04
1.652580699425708372e+04
1.656414999945749150e+04
1.655669831758616419e+04
1.655109873521036934e+04
1.654780073293888199e+04
1.658684902882588358e+04
1.657828557687739158e+04
1.656808756358416213e+04
1.657999811058432169e+04
1.657079123870735930e+04
1.656285423796388204e+04
1.658630224973595978e+04
1.658604282493305072e+04
1.660042703695908494e+04
1.659642582842260890e+04
1.657744113331935660e+04
1.656607015765065807e+04
1.658301442596342531e+04
1.657540683998818713e+04
1.656904217277652060e+04
1.658360040518057940e+04
1.656350765546741968e+04
1.660121476653762147e+04
1.660448293477748666e+04
1.663439871915047843e+04
1.666303922009589223e+04
1.668083050683342663e+04
1.669575164977606255e+04
1.669760567020066446e+04
1.669987297188072262e+04
1.669759573199967053e+04
1.670053712528420874e+04
1.671572713914646374e+04
1.673296336543043071e+04
1.674471980597478978e+04
1.674770078633368030e+04
1.675209553051726471e+04
1.672326884227249684e+04
1.673757463881243893e+04
1.672316558289645764e+04
1.673725978686216695e+04
1.676344019857851526e+04
1.675760041220860512e+04
1.675683418826670822e+04
1.677699838280115000e+04
1.676544813271543535e+04
1.675152404345278774e+04
1.677730439471570207e+04
1.680853444168186616e+04
1.680530473063633690e+04
1.680403499414599719e+04
1.681007744279851249e+04
1.683224345220243049e+04
1.686378261595257572e+04
1.686556671597477543e+04
1.689872914085716911e+04
1.693545975516675389e+04
1.693197865964653829e+04
1.693343643542650898e+04
1.697316296931763645e+04
1.697379893699482272e+04
1.699967823321739706e+04
1.700594584434415810e+04
1.698735510208376218e+04
1.699729394158225114e+04
1.701625758840121853e+04
1.703814448337941212e+04
1.702888661271352248e+04
1.703971385373331577e+04
1.705147311660564446e+04
1.706280601871238105e+04
1.707718988616206843e+04
1.704891759530885247e+04
1.707957660310320352e+04
1.709980973825573528e+04
1.715463471447794291e+04
1.714769299195053827e+04
1.716408524020653931e+04
1.716189605705107169e+04
1.716953559302891153e+04
1.720020309491482840e+04
1.720653189920246950e+04
1.722510062089703933e+04
1.723118310189487238e+04
1.724502931307764084e+04
1.728084751696588501e+04
1.727692797417908150e+04
1.727380508259626004e+04
1.731989175299049020e+04
1.732132394648167974e+04
1.735848485631437870e+04
1.738669905649410430e+04
1.739356597328985663e+04
1.739316368577212415e+04
1.739589469603047110e+04
1.736797890885594097e+04
1.735087148162925587e+04
1.735087148162925587e+04
1.734650039342830860e+04
1.736626530978934534e+04
1.740388431874891830e+04
1.744372481907375550e+04
1.743663108892028686e+04
1.741450975994214241e+04
1.743974947181123207e+04
1.744936123044931082e+04
1.744582920119075425e+04
1.745592381583109818e+04
1.746174111269543573e+04
1.747291913144557839e+04
1.746939926917649063e+04
1.747064610041242122e+04
1.749130370238819887e+04
1.748552209235749251e+04
1.746920510690371157e+04
1.745634590752824079e+04
1.743609111762438624e+04
1.742707135882418152e+04
1.741450096590993053e+04
1.741275215414215927e+04
1.745027862094458033e+04
1.743945542773512716e+04
1.743834458101438213e+04
1.745884870541238706e+04
1.746319715047180580e+04
1.747671108706197629e+04
1.744698587525259063e+04
1.745803184151851383e+04
1.748579749952000566e+04
1.752892302656849643e+04
1.750379350988464648e+04
1.749762085295133147e+04
1.751869640351484850e+04
1.751838263371341236e+04
1.751929329101507756e+04
1.751290668182339141e+04
1.752677336988367097e+04
1.753622455568746955e+04
1.754520553312957054e+04
1.753384398378703190e+04
1.753563952995698492e+04
1.754195623595454890e+04
1.754246010512613793e+04
1.758876168543207314e+04
1.758179054410368917e+04
1.758887533447128226e+04
1.762054872364089897e+04
1.761373436185922765e+04
1.762802143887232887e+04
1.760649046238259689e+04
1.763363807486492078e+04
1.765825727125472258e+04
1.766148078493732464e+04
1.764098805027458002e+04
1.764690972195088398e+04
1.765177358356112381e+04
1.767715794141316292e+04
1.767390199533552732e+04
1.765239275687078771e+04
1.765620073612149281e+04
1.764103723853901829e+04
1.763350419765542756e+04
1.767794099963205008e+04
1.770222285714967802e+04
1.768908069545136459e+04
1.770432496896720477e+04
1.769140548747331195e+04
1.769133581645469894e+04
1.766987093799936702e+04
1.769500595703735598e+04
1.768786839075429452e+04
1.768856484770007592e+04
1.767094413340809115e+04
1.766561529024341871e+04
1.766455795689594379e+04
1.767088263736271983e+04
1.764705099845557925e+04
1.764367445826055700e+04
1.766040474907661337e+04
1.769768415890339020e+04
1.771015286359908350e+04
1.772820584013207190e+04
1.770550670081591306e+04
1.771023401407315760e+04
1.772563583402707809e+04
1.769578559784739628e+04
1.767640932946906833e+04
1.769006330510804401e+04
1.766922814444717005e+04
1.768660918753436272e+04
1.766293090143424706e+04
1.766808064062173798e+04
1.766791572731210545e+04
1.767590674946737636e+04
1.767041087477613110e+04
1.770302384780111242e+04
1.769281717637110705e+04
1.766938964470922292e+04
1.769850697965033032e+04
1.773761110201909469e+04
1.771874079194110163e+04
1.768581460722796692e+04
1.768053677401759342e+04
1.770832864465250532e+04
1.775219450784163564e+04
1.776617713050084421e+04
1.775803676758951769e+04
1.779763384489410964e+04
1.782232946010594605e+04
1.780991781707497285e+04
1.785119481048772286e+04
1.785557897823362146e+04
1.784573071681619331e+04
1.784177222811144384e+04
1.787342277635347637e+04
1.788976006097963909e+04
1.789688839990889028e+04
1.789688839990889028e+04
1.790220572116346375e+04
1.790551270677223147e+04
1.790845461810722190e+04
1.792087371986180369e+04
1.791907247013048982e+04
1.794779522288735461e+04
1.792055678274722231e+04
1.791534838568385021e+04
1.792762921835632369e+04
1.791586267020058585e+04
1.791571694717583887e+04
1.789212906819017735e+04
1.792854130794170123e+04
1.790587905936306925e+04
1.791858436977723977e+04
1.794638435825313354e+04
1.794004009066616709e+04
1.794206923327769618e+04
1.794729215767399728e+04
1.796392696044663535e+04
1.796137296997990779e+04
1.796993360470834523e+04
1.798826377566166411e+04
1.801480572797371497e+04
