8.059080769463925208e+03
8.030166865286338179e+03
8.015048399684055767e+03
8.003585356135434267e+03
7.998156475061194215e+03
7.958480038657846308e+03
7.939533441441511968e+03
7.945402221170131270e+03
7.970664447737813134e+03
7.928705776880524354e+03
7.970890643479290702e+03
8.033709051789851401e+03
8.011318171643887581e+03
7.933191633720187383e+03
7.976789009587318105e+03
7.971318184623718480e+03
7.914510443623112224e+03
7.808911575487040864e+03
7.770965257427883444e+03
7.777055444944254305e+03
7.868296953362337263e+03
7.823762578735332681e+03
7.810783343914034958e+03
7.758308617901922844e+03
7.820257953653560435e+03
7.867441965051723855e+03
7.878484401908855034e+03
7.855018984233233823e+03
7.884994104363767292e+03
7.943411474365690083e+03
8.008866862701487662e+03
8.050339508450546418e+03
8.036802651625579529e+03
7.957475202630515014e+03
7.975432870033182553e+03
7.971615036277020408e+03
7.951382683406566684e+03
7.916871631460496246e+03
7.903638971462060908e+03
7.923457956047001062e+03
8.001307368959947780e+03
8.017983536740591262e+03
8.036035434241697658e+03
7.961821774163452574e+03
7.903297789490619834e+03
7.953372647707778924e+03
7.978018837378246644e+03
7.999030754783180782e+03
8.081053189213847872e+03
8.081053189213847872e+03
8.072537402493097943e+03
8.047934461887218276e+03
8.055068990523296634e+03
8.025928443671954483e+03
7.979942310021163394e+03
7.969093801609009461e+03
8.002312502646472240e+03
7.996841091044578206e+03
7.920222077543502564e+03
7.934129289168745345e+03
7.930715662970140329e+03
7.879505436021770038e+03
7.907248586925051313e+03
7.912678972432786395e+03
7.956312540247224206e+03
8.024969194466450972e+03
7.995918265444885947e+03
7.946188529439072227e+03
7.960165133524251360e+03
7.956081276049671033e+03
7.972028194702844303e+03
7.964258880063212018e+03
8.005118491836255089e+03
8.076996047478503897e+03
8.066204732642923773e+03
8.068998322746966551e+03
8.048383702294594514e+03
8.023751296328260651e+03
8.064186508428870184e+03
8.049588166353130873e+03
8.062566170659451018e+03
8.135518998608929905e+03
8.092074163308540847e+03
8.083377957813714602e+03
8.026950940217588141e+03
8.036584445073649476e+03
8.057368465077956898e+03
8.054506738113243046e+03
8.095483022044976678e+03
8.075150510667924209e+03
8.064717754236587098e+03
8.034387631282424081e+03
8.067839754496756541e+03
8.096859870436252095e+03
8.031706119519394633e+03
8.027719585323026877e+03
7.989441792824202821e+03
7.967265585220146932e+03
8.005497490572820425e+03
8.005497490572820425e+03
8.006175062898191754e+03
8.014300678819626228e+03
7.994034137063763410e+03
7.980618481209384299e+03
7.969543966845956675e+03
7.909857326253134488e+03
7.910575391275013317e+03
7.963176000561737055e+03
7.952682262226265266e+03
7.985068423346072450e+03
8.003984947234208448e+03
7.969676964559650514e+03
7.894730787625682751e+03
7.949523145855374423e+03
8.012643089750579747e+03
7.943620139630012090e+03
8.008451183092792235e+03
7.977323799012475320e+03
7.946506642455491601e+03
7.991977842596592382e+03
7.998094737750126114e+03
7.939624075962421557e+03
7.969379072342970176e+03
7.915885735173933426e+03
7.855101010804838552e+03
7.804006519353427393e+03
7.795494989052820529e+03
7.801480752023497189e+03
7.796520524358578768e+03
7.773619857915527973e+03
7.776936169624712420e+03
7.806485336286214988e+03
7.855278501958044217e+03
7.856263012803904530e+03
7.895611544058780964e+03
7.908393601011335704e+03
7.950437598226696537e+03
7.969676233577344647e+03
7.950277455292980449e+03
7.994140236848487802e+03
8.043159173050409663e+03
7.975845287135048238e+03
7.964763339523085961e+03
8.016396180527822253e+03
8.083915245637208500e+03
8.109747882046726772e+03
8.148269224235194088e+03
8.065251089273103389e+03
7.987367153377253089e+03
7.987367153377253089e+03
8.056014220976401703e+03
8.032436892586409158e+03
8.051023602934704286e+03
8.038756293574118899e+03
8.051794995614935033e+03
8.033123488134442596e+03
8.078692948676647575e+03
8.085433502453271103e+03
8.077861463537151394e+03
8.036868321738119448e+03
8.044115924108778927e+03
7.996679910499467042e+03
8.046317956693704218e+03
8.099779705073310652e+03
8.075488841473140383e+03
7.999205417640952874e+03
8.000087319202459184e+03
7.962368028321182464e+03
7.961576644764289085e+03
7.943501318272727985e+03
7.926391035673969782e+03
7.984974666400531532e+03
8.025566861085874734e+03
8.056662960953230140e+03
8.038673514968703785e+03
8.041061302098311899e+03
8.076134204572672388e+03
8.125714522702241084e+03
8.084944531730282506e+03
8.090247331847157511e+03
8.077243071045530087e+03
8.040320982457288665e+03
8.039452238480434062e+03
8.048380747121922468e+03
8.038246950522250700e+03
7.981628906772334631e+03
7.920064757087217004e+03
7.859380904067881602e+03
7.919242711587121448e+03
7.941128950804748456e+03
7.907502372916103923e+03
7.927846151643483608e+03
7.927842991199524477e+03
7.926484317071259284e+03
7.961928463344410375e+03
8.018016573545559368e+03
8.070504523773698565e+03
8.118765525402555795e+03
8.086247909468011130e+03
8.086247909468011130e+03
8.125537083979308591e+03
8.156847882326534091e+03
8.161349163416755800e+03
8.098660533093059712e+03
8.131202915812389620e+03
8.083422442142768887e+03
8.123286214435172951e+03
8.034844984682834365e+03
8.008041282788369244e+03
8.053022432809509155e+03
8.045450206592971881e+03
8.077769695319065249e+03
8.087771426194677588e+03
8.074658353562633238e+03
8.050980186888989010e+03
8.057819921159783917e+03
8.067731996858537059e+03
7.971474096006499167e+03
7.933911263696778406e+03
7.904978859255526913e+03
7.881615607097960492e+03
7.864773967212713615e+03
7.820734259341140387e+03
7.830878852802451547e+03
7.814021253920205709e+03
7.782325888857198152e+03
7.818591630895490198e+03
7.813646943326728433e+03
7.870042445876450074e+03
7.849464785960586596e+03
7.873881669398963822e+03
7.830242317212290800e+03
7.851264893127531650e+03
7.906765500941330174e+03
7.908403262485941013e+03
7.914221224444044310e+03
7.902945875748107028e+03
7.918617865340717799e+03
7.921481437464174633e+03
7.922101541458289830e+03
7.896309984444465044e+03
7.826029117983255674e+03
7.821032682802649106e+03
7.833952763579202838e+03
7.873126384156857057e+03
7.902347531846021411e+03
7.904866844456775652e+03
7.891826014387731448e+03
7.918099326994927651e+03
7.918099326994927651e+03
7.999137146529471465e+03
7.929186185776798084e+03
7.866779525473441026e+03
7.830276965522679347e+03
7.871731082592939856e+03
7.945070287527103574e+03
7.945901771888551593e+03
7.893790413433457616e+03
7.889865031115218699e+03
7.894617299378609459e+03
7.933473866191159686e+03
7.913349371018605780e+03
7.929047750224065567e+03
7.953905260440286838e+03
7.973509033093769176e+03
7.943005327681942617e+03
7.964781139584971243e+03
7.955501433271232600e+03
8.029843529837346978e+03
8.011600082054613267e+03
8.021625838877720525e+03
7.990329208574582481e+03
7.948890582315838401e+03
7.914868679266331128e+03
7.883065807463904093e+03
7.920608803300562613e+03
7.895220560136891436e+03
7.880012824120830373e+03
7.866234384177326319e+03
7.884566257883833714e+03
7.934174149640629366e+03
7.912552255419445828e+03
7.953938422677226299e+03
7.931906354117285446e+03
7.929894979234453785e+03
7.920620836098850305e+03
7.915650561200195625e+03
7.946893964666834108e+03
8.021965041511933123e+03
8.029163204201748158e+03
8.000321667596457701e+03
7.989153081289002330e+03
7.936408398726925952e+03
7.972921619451281913e+03
8.056172585306498149e+03
8.023933465664544201e+03
8.015947356404069978e+03
8.077957138918285636e+03
8.124076089863134257e+03
8.124076089863134257e+03
8.061082916670852683e+03
8.131307133654937388e+03
8.089374465118651642e+03
8.057303234932384839e+03
8.079222074919347506e+03
8.087958698681544774e+03
8.070684576177974122e+03
8.082714695633098927e+03
8.092178662727606934e+03
8.058552024802891538e+03
8.083533191003319189e+03
8.091171219897893934e+03
8.144035950704748757e+03
8.151568261951781096e+03
8.113327635097307393e+03
8.091722324420445148e+03
8.087233912343085649e+03
8.090498728483823470e+03
8.165859074788458202e+03
8.132073531366540010e+03
8.181993070809194251e+03
8.114220452464734990e+03
8.096027324669209520e+03
8.097354394601910826e+03
8.081235837663230086e+03
8.066002682384199943e+03
8.050410428205880635e+03
8.078946663130126581e+03
8.054706816438155329e+03
7.999045971833455042e+03
7.963583914666543933e+03
7.983213575797624799e+03
7.948825197007671704e+03
7.938100587616582743e+03
7.986830436631812518e+03
8.039159755154384584e+03
8.070182795456570602e+03
8.070504888515685707e+03
8.055498416707162505e+03
7.988477789881375429e+03
8.042258518962847120e+03
7.999061109381113965e+03
7.989702363670417071e+03
8.060788322078945384e+03
8.038291067832505178e+03
8.082163110924434477e+03
8.099330372490835543e+03
8.035861246512249636e+03
7.974656430161848220e+03
7.974656430161848220e+03
7.942597048672907476e+03
7.970537778731215440e+03
7.972538148407943481e+03
8.045078288814001098e+03
8.031138828839908456e+03
7.991947157988092840e+03
7.947846021316865517e+03
7.886847707295513828e+03
7.945536713029018756e+03
7.905873817653382503e+03
7.865581155099832358e+03
7.854237246169952414e+03
7.834994875819320441e+03
7.895028747575863235e+03
7.880733965327610349e+03
7.899966816054237825e+03
7.872250520748984854e+03
7.840118338562780082e+03
7.794494592223792097e+03
7.835237056758290237e+03
7.835535500338402926e+03
7.793411022112000865e+03
7.842883111923052638e+03
7.813655384478969609e+03
7.764467114238029353e+03
7.817958439130111401e+03
7.746309894129861277e+03
7.736889440723869484e+03
7.775698750231988015e+03
7.775474990191143661e+03
7.754979450853808885e+03
7.733579991572184554e+03
7.764650603864264667e+03
7.765030697949557180e+03
7.764446824425897830e+03
7.746256343011835270e+03
7.807182410298535615e+03
7.831326584782225837e+03
7.859173419225631733e+03
7.914203538819185269e+03
7.878043893728604417e+03
7.842469194231860456e+03
7.824213300971788158e+03
7.830636913315939637e+03
7.865299761067206418e+03
7.925932329466278134e+03
7.926382579622115372e+03
7.996054439904954052e+03
7.971377528506615818e+03
7.971377528506615818e+03
7.963238082509406013e+03
8.025079487261424219e+03
8.032278887803260659e+03
8.084818861467981151e+03
8.035041674569771203e+03
7.964555826707187407e+03
7.975870481130548797e+03
7.966423814777085681e+03
7.953407004725078878e+03
7.950291648060583611e+03
8.017123524255212033e+03
8.067724075260087375e+03
8.071963855344733929e+03
8.090774630569546389e+03
8.152402223872227296e+03
8.194780984898565293e+03
8.173355592713798615e+03
8.135658074621498599e+03
8.162078874865597754e+03
8.131363791686176228e+03
8.182212235448697356e+03
8.116211473358936928e+03
8.169443521462002536e+03
8.084803582715187076e+03
8.138975876612626053e+03
8.217419414915320885e+03
8.152943024147702999e+03
8.105498037849843058e+03
8.051042013737346679e+03
8.018243815735151657e+03
8.028910325095599546e+03
8.041477665938830796e+03
8.066876438602368580e+03
8.032109157165614306e+03
7.981769814117250462e+03
7.891362137021963463e+03
7.844642873847781630e+03
7.891807627474771834e+03
7.864306904742758888e+03
7.919062767500566224e+03
7.950961302494264601e+03
7.987332400359311578e+03
7.982442745450742223e+03
8.052137020277446027e+03
8.085251774271079739e+03
8.083657666912135937e+03
8.077781950501222127e+03
8.124277277079131636e+03
8.186641275641819448e+03
8.186641275641819448e+03
8.142321229929391848e+03
8.174564166061784817e+03
8.218047779951280972e+03
8.187470988514649434e+03
8.191868251047803824e+03
8.190077585677811840e+03
8.232193352792559381e+03
8.199952635283418203e+03
8.142644576925231377e+03
8.080911341288300719e+03
8.082963514131609372e+03
8.063734409889257222e+03
8.043626636422937736e+03
8.049917706214659120e+03
8.081892995092020101e+03
8.077415608876221995e+03
8.130213049650393259e+03
8.171361397396137363e+03
8.164716321988590607e+03
8.132571762389070500e+03
8.103933152360698841e+03
8.073533535754901095e+03
8.081960168808796880e+03
8.030755888470809623e+03
8.057152469809715512e+03
8.041504112749727028e+03
7.975477315121787797e+03
8.020494852914100193e+03
8.056918729455706853e+03
8.024739513349094523e+03
8.008548576240263174e+03
7.984821528165326527e+03
8.011895112910168791e+03
7.989741632436245709e+03
7.977851731073759765e+03
7.952777831112494823e+03
7.976108962692876048e+03
7.951130956450673693e+03
7.980296510257007867e+03
8.008632273919821273e+03
8.047623790016939893e+03
7.981106215103671275e+03
7.992494241861320916e+03
7.971065096248795271e+03
7.989051941046645879e+03
7.984618624397558051e+03
7.944021329410027647e+03
7.976970778299440099e+03
8.005244623170466184e+03
8.005244623170466184e+03
8.024112035398205080e+03
8.024450528388449129e+03
8.025008915357885598e+03
7.984172578755698851e+03
7.927155839300346088e+03
7.906398438204406375e+03
7.941322745651195874e+03
7.976685307055934572e+03
8.021596631475893446e+03
8.070958611650879902e+03
8.094867166304777129e+03
8.097842384355418289e+03
8.120254661225955715e+03
8.064417004152925074e+03
8.015086742694909844e+03
8.008832500796322165e+03
8.000902543767188035e+03
8.045205387647955831e+03
8.044287391603504147e+03
8.011777606460676907e+03
8.007605981001027430e+03
7.993685964865356254e+03
7.983153664716032836e+03
8.033287454361827258e+03
8.058156899857602184e+03
8.013109911285226190e+03
7.991669335814069200e+03
7.973238498924222768e+03
7.967105608689270412e+03
7.994436415273404236e+03
8.002549697556923093e+03
7.976876658542653786e+03
7.966316136102070232e+03
8.038426046135382421e+03
8.069916803238158536e+03
8.054542013398109702e+03
8.050766045428166763e+03
8.097989367504516849e+03
8.106282148315232007e+03
8.068066214383232364e+03
8.033701473836367768e+03
7.988887226830290274e+03
7.993014199575645762e+03
8.070685054210592170e+03
8.052170264499231962e+03
8.026991041947071608e+03
7.957812455387599584e+03
7.947487330654241305e+03
8.010283445102317273e+03
8.010283445102317273e+03
7.990134224064823684e+03
7.965817091145890117e+03
7.991279406075473162e+03
7.921973015191798368e+03
7.908700826872915968e+03
7.871308966683614017e+03
7.908024725271568968e+03
7.950332751478978935e+03
7.935748848743403869e+03
7.933653156868421320e+03
7.877997990962492622e+03
7.881706411796006250e+03
7.942209730405392293e+03
7.931375764789490859e+03
7.918382484864449907e+03
7.854008700646199941e+03
7.831503421528197578e+03
7.813864053833688558e+03
7.799650281673789323e+03
7.826118852315506956e+03
7.851691169196998999e+03
7.837237220242287549e+03
7.843011139600415845e+03
7.867910544765429222e+03
7.871271729754411353e+03
7.953035153113705746e+03
7.923923008573995503e+03
7.955216052875275636e+03
7.994220421323752817e+03
7.939382051422843688e+03
7.942636545316023330e+03
7.961619456563747008e+03
7.920575835014842596e+03
7.915377941124515019e+03
7.955509256448157430e+03
7.939223331319672980e+03
8.006298416583954349e+03
8.049075566710539533e+03
8.008923234069131468e+03
8.071980910327315542e+03
8.045950770111655402e+03
8.073578882683796110e+03
8.125031656558872783e+03
8.145916154551046020e+03
8.147560362349189745e+03
8.190949280671879933e+03
8.172914809106831854e+03
8.141375741541290154e+03
8.171358658519948222e+03
8.171358658519948222e+03
8.102987293751965808e+03
8.158170899193717560e+03
8.127029678160903131e+03
8.179997949471222455e+03
8.191375779958948442e+03
8.157630759829085036e+03
8.141233250272824989e+03
8.148767301998207586e+03
8.131831714679949982e+03
8.124336561572586106e+03
8.094770590734830876e+03
8.118626354977829578e+03
8.086275744924525497e+03
8.051302928319743842e+03
8.034195036420196629e+03
7.973664304785557761e+03
7.998836116029074219e+03
8.018755918614210714e+03
8.031192307964892279e+03
8.095551391485445492e+03
8.131040010771454945e+03
8.121327236546372660e+03
8.150833316508575081e+03
8.175380784180546470e+03
8.112134218083519954e+03
8.114747806700356705e+03
8.126017994904478655e+03
8.171602288883295842e+03
8.126810083830619988e+03
8.129042116850739149e+03
8.077091641594158318e+03
8.040176490176475454e+03
7.980042590643187395e+03
7.980966732813241833e+03
7.999655592186521972e+03
7.998689062508818097e+03
8.004493510275422523e+03
7.974695211863242548e+03
8.011315653653928166e+03
8.061382971660315889e+03
8.036986903353782509e+03
8.002311541361379568e+03
7.969903548633976243e+03
7.951644623608098300e+03
7.930789033678087435e+03
7.927199141725246591e+03
7.963834652963761073e+03
7.959450379308998890e+03
7.894080572910097544e+03
7.894080572910097544e+03
7.861479701665643006e+03
7.907757751989683129e+03
7.955892495884922027e+03
8.006799792588299169e+03
7.975248275432134506e+03
7.990913474963159388e+03
7.969732257434696294e+03
7.957047051536252184e+03
7.893099343647929345e+03
7.930738180879234278e+03
7.912397963469151364e+03
7.892369166167261938e+03
7.869768579920446427e+03
7.884911459526804720e+03
7.912579136168378682e+03
7.967640757792602926e+03
7.946957490359154690e+03
7.988495354359843986e+03
8.044752727253208832e+03
8.003936538725394712e+03
7.958360608992416928e+03
7.910813765019016500e+03
7.869240074544480194e+03
7.928741200928358012e+03
7.964387622275295143e+03
7.926783643439347543e+03
7.948491100062217811e+03
7.968370979516642365e+03
7.935799897761603461e+03
7.936848620983514593e+03
7.980118936215289068e+03
7.976419373599996106e+03
7.957761834622098831e+03
7.921359404062731301e+03
7.860594339712026340e+03
7.889249457202523445e+03
7.923020653595890508e+03
7.988720004057093320e+03
7.997501771421158082e+03
7.965502534199345064e+03
7.994253440295883593e+03
8.000694831409205108e+03
7.966734534732640896e+03
7.962124738145414995e+03
7.978367500159988595e+03
8.026741315172465875e+03
8.021719863010647714e+03
8.023409974839152710e+03
7.968245230239014745e+03
7.968245230239014745e+03
7.977306291312007488e+03
7.932930790140173485e+03
7.905947524790231910e+03
7.981464554919359216e+03
8.015812412393236627e+03
8.019266150040141838e+03
7.981111946083581643e+03
7.948560527885782903e+03
7.902039987037345782e+03
7.917387130483079090e+03
7.885366080192670779e+03
7.892960206868108799e+03
7.942991203429031884e+03
7.944049746723755561e+03
7.994648158288562627e+03
8.051734657925957436e+03
7.992307304757602651e+03
7.993538364674525837e+03
8.000318596339692704e+03
8.003107163485849924e+03
8.038447666501898311e+03
8.053687152846952813e+03
8.041350141968756361e+03
8.007933844175873674e+03
7.993368400389265844e+03
7.958681619968109771e+03
7.993476318818557047e+03
8.034480041442734546e+03
8.043735222697580866e+03
8.051811608914629687e+03
8.074813119088361418e+03
8.106092813497032694e+03
8.112401462063287909e+03
8.134379415640014486e+03
8.092574268189488066e+03
8.068959581824023189e+03
8.130676804527054628e+03
8.098693626932797997e+03
8.131621815973799130e+03
8.121425496630109592e+03
8.116086727699324001e+03
8.092055670080711934e+03
8.096781572024048728e+03
8.080407237349753814e+03
8.084591963250697518e+03
8.128754112502921998e+03
8.107807589316475060e+03
8.128687655099485710e+03
8.075979737464932441e+03
8.075979737464932441e+03
8.097531091433480469e+03
8.121312101593827720e+03
8.109413755461969231e+03
8.104912463078110704e+03
8.102769457800461169e+03
8.089281270185470021e+03
8.123116776980872601e+03
8.164311862475904491e+03
8.106236434885531708e+03
8.074689001646089309e+03
8.088550065508438820e+03
8.010652154731040355e+03
7.916483947258765511e+03
7.898486086459131002e+03
7.901349202772805256e+03
7.892534647313664209e+03
7.958704330367017064e+03
7.955565062350491644e+03
7.922400577131484170e+03
7.919844488743653528e+03
7.888254926230338242e+03
7.878759770806340384e+03
7.870188906275683621e+03
7.917088804051404622e+03
7.955233614343314912e+03
8.012678236518964695e+03
8.019704938014525396e+03
7.962682853687335410e+03
8.009686058171128025e+03
8.046815238172865065e+03
8.100421696809195964e+03
8.033856262615976448e+03
8.008753405209896300e+03
8.001519548065091840e+03
7.932705208809709802e+03
7.935265270801234692e+03
7.894756693745136545e+03
7.952060370825988684e+03
7.925328473990694874e+03
7.870006798035464271e+03
7.798193545016180906e+03
7.818111853521484591e+03
7.810932130872982270e+03
7.793252590618481008e+03
7.843940452299978460e+03
7.832919873569915580e+03
7.823547182033724312e+03
7.844872407225535426e+03
7.867634867311819107e+03
7.867634867311819107e+03
7.843015602883282554e+03
7.840693830551827887e+03
7.842581831671151122e+03
7.862489105109480079e+03
7.893135959157734760e+03
7.887922903114699693e+03
7.936630026391181673e+03
7.939671586552788540e+03
7.888084351044569303e+03
7.946673421273442727e+03
7.971212338910040671e+03
7.986413953511808359e+03
7.975546913253528146e+03
7.935264872404201014e+03
7.927921707309124031e+03
8.005300721137659821e+03
8.049859643381312708e+03
8.004608139717043741e+03
7.961854130017280113e+03
8.014845683118386660e+03
7.963672914326350110e+03
8.023473567872751119e+03
7.988363045401819363e+03
8.037133325119772053e+03
8.011304457099519823e+03
7.962301095056811391e+03
7.952503493509245345e+03
7.963169954141708331e+03
8.036181378660602604e+03
8.039844994313132702e+03
8.067313771531062230e+03
8.001320696087873330e+03
8.030564359016127128e+03
8.044174763603852625e+03
8.067800240012378708e+03
7.989625937923154197e+03
8.032360801314411219e+03
8.069090621525042479e+03
8.065320293715436492e+03
8.092534007099046903e+03
8.083879336992833487e+03
8.123974289546714317e+03
8.143173112662760104e+03
8.110525769156151000e+03
8.121610906519409582e+03
8.165894544423059415e+03
8.156265383302451482e+03
8.110306724614653831e+03
8.117928163007022704e+03
8.117928163007022704e+03
8.153285174785025447e+03
8.145072538058095233e+03
8.156625389703956898e+03
8.138167353914050182e+03
8.168790948836068310e+03
8.116493689350113527e+03
8.076809403734068837e+03
8.131528316472062215e+03
8.114141896652588912e+03
8.138903637151050134e+03
8.164861638458366542e+03
8.192417640849615054e+03
8.230883414074183747e+03
8.192081003661276554e+03
8.193809100953121742e+03
8.209698436457223579e+03
8.208917483468361752e+03
8.203079092506282905e+03
8.227875687558196660e+03
8.260246924516997751e+03
8.170990220020490597e+03
8.146599263825472008e+03
8.151480981492837600e+03
8.094256010731101924e+03
8.065784170219760199e+03
8.100316809447273954e+03
8.075124170006484746e+03
8.106855661444695215e+03
8.115295870685511545e+03
8.060880078907046482e+03
8.042885730487221736e+03
8.018766366665448004e+03
7.994174733532498976e+03
7.957384481131301982e+03
7.923609940953838304e+03
7.964758930577909268e+03
7.910650660746645372e+03
7.967007345791180342e+03
8.000084023045335925e+03
8.029167119308414840e+03
8.010457410459805033e+03
7.968175394269502249e+03
7.933234379606980838e+03
7.961201157465387041e+03
8.012560313992631563e+03
8.020954678242554110e+03
7.997048444325112541e+03
8.045434310486493814e+03
8.024678457329613593e+03
8.024678457329613593e+03
8.021414939812048033e+03
8.104580381605928778e+03
8.135002180140799283e+03
8.136868893887071863e+03
8.089126358985399747e+03
8.141229471535116318e+03
8.147465685705330543e+03
8.131557710784391020e+03
8.122584841259490531e+03
8.144931821544892955e+03
8.116431610600257045e+03
8.096120024543036379e+03
8.115344479370183763e+03
8.086095079678478214e+03
8.057649608242375507e+03
8.036731171563574208e+03
8.084387603857943759e+03
8.046692272896329087e+03
8.052291861333490488e+03
8.113283869310985210e+03
8.131555374481327817e+03
8.105913210834853999e+03
8.132630818392301990e+03
8.205207664177039987e+03
8.195929107471105453e+03
8.169277517071571310e+03
8.131725510653981473e+03
8.186839264151177304e+03
8.200667203192941088e+03
8.206852682140306570e+03
8.193126286215152504e+03
8.250732135528749495e+03
8.258825799624935826e+03
8.240300673436633588e+03
8.214168834635645908e+03
8.183309544561982875e+03
8.232637414447672199e+03
8.248230783319766488e+03
8.282072851615044783e+03
8.268255218979546044e+03
8.236466031678102809e+03
8.260184418874740004e+03
8.235384484576125033e+03
8.209073977087782623e+03
8.208617985306387709e+03
8.216167457949099116e+03
8.187773742616051095e+03
8.133433846165758041e+03
8.144757855213641051e+03
8.144757855213641051e+03
8.134193518574570589e+03
8.195009204274099829e+03
8.165334551234785067e+03
8.098909171440595856e+03
8.090287124742277229e+03
8.082789363359652270e+03
8.109066104595166507e+03
8.142051850554395060e+03
8.151638771684662061e+03
8.102176091161728436e+03
8.155344463976409315e+03
8.148210938423741936e+03
8.098224465354003769e+03
8.081588388983827826e+03
8.101760587074095383e+03
8.058800719011848742e+03
8.016641503622116034e+03
8.039131902459133926e+03
8.007800112082557462e+03
8.060677889488766596e+03
8.098164993447102461e+03
8.070144486232591589e+03
8.060289503346136371e+03
8.002629028133051179e+03
7.970631903528173098e+03
7.980409639516321477e+03
7.920625532593489879e+03
7.974461633741103469e+03
7.928408821730263298e+03
7.964094723054998212e+03
7.916644077157686297e+03
7.972663555503640055e+03
7.971918245087414107e+03
7.946425909761095681e+03
7.954619966585025395e+03
7.884806252546677570e+03
7.876822276771363249e+03
7.956907213056118053e+03
7.958065561858971705e+03
7.950522126215301796e+03
7.935424551706871171e+03
8.000703885855557019e+03
8.036197687319582656e+03
8.066815660206118991e+03
8.123808020561490594e+03
8.074020995237829084e+03
8.098162916879578916e+03
8.080235448416677173e+03
8.121551733290690208e+03
8.121551733290690208e+03
8.090291490671778774e+03
8.050569441199654648e+03
8.110367516577172864e+03
8.086595617766304713e+03
8.054688973506755246e+03
8.038135566291442956e+03
8.105439302141471671e+03
8.118814418731306432e+03
8.115307780813906902e+03
8.071090207995631317e+03
8.115780063913103731e+03
8.122365954439750567e+03
8.128312584878786765e+03
8.170789465869502237e+03
8.100876942142439475e+03
8.083334049497508204e+03
8.097586391246516541e+03
8.086967256458166958e+03
8.063693618834387053e+03
8.033488339246595388e+03
8.017514995791451838e+03
8.054477380888296466e+03
8.082545507531304793e+03
8.091584423888974015e+03
8.116506150640575470e+03
8.090226302447356829e+03
8.107658860203638142e+03
8.123842154281206604e+03
8.078651920378026261e+03
8.128127032351798334e+03
8.152852408940311761e+03
8.191688267554622144e+03
8.169774667515667716e+03
8.191377349157102799e+03
8.148985494680568991e+03
8.163089715114018873e+03
8.117347083342575388e+03
8.083839826637344231e+03
8.125038957617342021e+03
8.108477436324958035e+03
8.121697198220865175e+03
8.171360369377915049e+03
8.197082817488615547e+03
8.203299628694994681e+03
8.198094077100293362e+03
8.203892036315330188e+03
8.233031784489696292e+03
8.277742581911217712e+03
8.268312181053639506e+03
8.268312181053639506e+03
8.281095519221313225e+03
8.252649450552988128e+03
8.187634220356065271e+03
8.197701482024947836e+03
8.140455295783487600e+03
8.160653872101063826e+03
8.121387852440655479e+03
8.153021262211744215e+03
8.134485733624005661e+03
8.129198666549309564e+03
8.080615493911270278e+03
8.056514389994170415e+03
8.114916636843985543e+03
8.110330587072721755e+03
8.061420844731430407e+03
8.035035495045013704e+03
8.073614370964151931e+03
8.076434037262136371e+03
8.057023404841243064e+03
8.083196063239902287e+03
8.099898430955244294e+03
8.099158604330215894e+03
8.107211986901049386e+03
8.061904570390044682e+03
8.052519287705936222e+03
8.036610486434508857e+03
8.024530939960673095e+03
8.029112537025689562e+03
8.012377254085962704e+03
8.034101339489489874e+03
8.025213474048647186e+03
7.998729715338953611e+03
8.047101506925559079e+03
8.060869202003372266e+03
8.095987815984808549e+03
8.122718627802389165e+03
8.148757305128611733e+03
8.214944682863975686e+03
8.212477004099853730e+03
8.236122408220020588e+03
8.216795690104003370e+03
8.207781726150640679e+03
8.194178560421287330e+03
8.197356879581131579e+03
8.189248128568254288e+03
8.188305871391519759e+03
8.212961592349185594e+03
8.128380515388088497e+03
8.131956358274122977e+03
8.131956358274122977e+03
8.173798583923787191e+03
8.202197013230268567e+03
8.230005515568624105e+03
8.237205499849978878e+03
8.209649755367734542e+03
8.224929639734928060e+03
8.184013596162536487e+03
8.141560817496028903e+03
8.089481508264642798e+03
8.109714392515709733e+03
8.153104274919007366e+03
8.145266464541340611e+03
8.143387508590220023e+03
8.180650047675383576e+03
8.185205511013943578e+03
8.165130726832027904e+03
8.125658963508279157e+03
8.153401475966301405e+03
8.122248360227429657e+03
8.148291943988157982e+03
8.168268070377645927e+03
8.131143523332278164e+03
8.094847476687253220e+03
8.133786911367509674e+03
8.124821618137905716e+03
8.182580424816743289e+03
8.195152032932497605e+03
8.212495146236642540e+03
8.177876729221912683e+03
8.178119188559016038e+03
8.128979450949875172e+03
8.122917691045409811e+03
8.110017156476713353e+03
8.119834654568991937e+03
8.094108566560107647e+03
8.119855866613625949e+03
8.085203427887002363e+03
8.073817382961266048e+03
8.023910190543785575e+03
8.011781480266893595e+03
8.021134028615244461e+03
8.006469399097205496e+03
8.040566734506422108e+03
8.078144372203591956e+03
8.094280146926852467e+03
8.142997248425340331e+03
8.144170582008678139e+03
8.190765456528692084e+03
8.204771615669435050e+03
8.204771615669435050e+03
8.220328092325973557e+03
8.223904265410197695e+03
8.190641125427596307e+03
8.189626980555751288e+03
8.196002560345310485e+03
8.231358159724521101e+03
8.258589839562540874e+03
8.258563067235714698e+03
8.207029785881113639e+03
8.142856458677346382e+03
8.144504937438689012e+03
8.160626708488884105e+03
8.191323309027745381e+03
8.185730873567231356e+03
8.180251956261102350e+03
8.116163781649586781e+03
8.089011873069258399e+03
8.101765162545012572e+03
8.094099441538102838e+03
8.097680371649862536e+03
8.122141382186234296e+03
8.129558382131154758e+03
8.172422248300112187e+03
8.157401483076447221e+03
8.141970042746676882e+03
8.198092148443925907e+03
8.138378575948659090e+03
8.145894817378272819e+03
8.147029354838527070e+03
8.109975330632837540e+03
8.114191098215083912e+03
8.084578774568280096e+03
8.081408360419867677e+03
8.045010525565029639e+03
8.064355051886707770e+03
8.103310399189183045e+03
8.093082266850885389e+03
8.101753070374360505e+03
8.129903637267160775e+03
8.180769108541981041e+03
8.149212359344482138e+03
8.151968996543158028e+03
8.205068843605007714e+03
8.193263607779808808e+03
8.191843249287150684e+03
8.228219400450318062e+03
8.194950264638822773e+03
8.191367515981060023e+03
8.142311415124209816e+03
8.142311415124209816e+03
8.123114566184940486e+03
8.090190822957129058e+03
8.080287108358863406e+03
8.110696720575488143e+03
8.136311866393491982e+03
8.169676041051638094e+03
8.163373245723967557e+03
8.124255494414318491e+03
8.105355681259099583e+03
8.065929114315445986e+03
8.084574358704488986e+03
8.044608087556864120e+03
8.072679890926327062e+03
8.029293050818401753e+03
8.061374641732322743e+03
8.081519527915657818e+03
8.096975433647493446e+03
8.096088642860062464e+03
8.128963737733683956e+03
8.144658687450044454e+03
8.194074106693580688e+03
8.194686670121756833e+03
8.181527972906515970e+03
8.222598484354386528e+03
8.223393308972761588e+03
8.176388803317703605e+03
8.194255113982393596e+03
8.203213310520714003e+03
8.184134083147590900e+03
8.161022630794336692e+03
8.163045337397473304e+03
8.168339805572788464e+03
8.164928466260788809e+03
8.172063638442163210e+03
8.187096437279258680e+03
8.187923365911115070e+03
8.167387074220992872e+03
8.155081454049633066e+03
8.153931232025990539e+03
8.165825425977523992e+03
8.209143636930049979e+03
8.237314667417882447e+03
8.249042423915991094e+03
8.254474671759840930e+03
8.206159601869967446e+03
8.149670937429298647e+03
8.113853678423957717e+03
8.094747076548666882e+03
8.064658078092656979e+03
8.064658078092656979e+03
8.033354781877827008e+03
8.035680236062424228e+03
8.051124259347328007e+03
8.049417926540501867e+03
8.038298132285214706e+03
8.040392723796938299e+03
8.062168828777664203e+03
8.050422045704196535e+03
8.092199105678039814e+03
8.096781767319510436e+03
8.127117094696786808e+03
8.138173996426497979e+03
8.155272295980348645e+03
8.200598723840346793e+03
8.176029337512632992e+03
8.200415985799172631e+03
8.198308138459369729e+03
8.193094372523848506e+03
8.189070129340653693e+03
8.173920729833507721e+03
8.172703700425972784e+03
8.196643553818321379e+03
8.150675714538893772e+03
8.151124709598208938e+03
8.098644456805870504e+03
8.060831520091152925e+03
8.090241812004820531e+03
8.110336319828282285e+03
8.167422225511396391e+03
8.182404897666156103e+03
8.179463991842685573e+03
8.175643179850999331e+03
8.133800496325968197e+03
8.147393667408498004e+03
8.117556543717169916e+03
8.184437388018759520e+03
8.177771787305218822e+03
8.177016828794137837e+03
8.149405182824555595e+03
8.130171779459552454e+03
8.189625101758222627e+03
8.170369665259810063e+03
8.180021398777083959e+03
8.190221177495182928e+03
8.156752347313295104e+03
8.129016663036987666e+03
8.114619853497668373e+03
8.141456273006375341e+03
8.170128617600606049e+03
8.170128617600606049e+03
8.195846509122207863e+03
8.180864128531745337e+03
8.192150808849992245e+03
8.199992228195664211e+03
8.216154580522217657e+03
8.246615819658783948e+03
8.255577499889041064e+03
8.206773865825289249e+03
8.239828590570847155e+03
8.189809197273978498e+03
8.259393002080298174e+03
8.236457325647492326e+03
8.231267761609220543e+03
8.261326702720622052e+03
8.293556313881801543e+03
8.311537837275320271e+03
8.303883617900084573e+03
8.290387109373756175e+03
8.279342656561166223e+03
8.284656314403593569e+03
8.309593503681777293e+03
8.275462112243858428e+03
8.288994751720820204e+03
8.226195366333269703e+03
8.262876940150879818e+03
8.272181489114293072e+03
8.282664088143730623e+03
8.285044986612067078e+03
8.280878470161347650e+03
8.280199150932603516e+03
8.290784053211971695e+03
8.274699367397477545e+03
8.313306274796803336e+03
8.338243003261770355e+03
8.327554512544755198e+03
8.300031930752917106e+03
8.243776508373526667e+03
8.285178387930778626e+03
8.252898313314541156e+03
8.289789073370477126e+03
8.258745743672006938e+03
8.212943702312904861e+03
8.189406301197681387e+03
8.220806184930403106e+03
8.220750909162889002e+03
8.164419490253450931e+03
8.143925657564895118e+03
8.135656674380266850e+03
8.109931201664443506e+03
8.109931201664443506e+03
8.150579698821322381e+03
8.204909755540635160e+03
8.216542041671718835e+03
8.208839046870141829e+03
8.199880350986601115e+03
8.196416757356113521e+03
8.186412789073885506e+03
8.246157068897207864e+03
8.289603777443366198e+03
8.313923757244983790e+03
8.313557642472760563e+03
8.357229844439429144e+03
8.359328107030074534e+03
8.359700214421161945e+03
8.355520982049978556e+03
8.339789574261645612e+03
8.366483981136165312e+03
8.348040010525652178e+03
8.316350023640499785e+03
8.322589103273490764e+03
8.269891771711050751e+03
8.230744498855754500e+03
8.255760825562294485e+03
8.224850554467551774e+03
8.184062257053590656e+03
8.162808927769288857e+03
8.174083717069994236e+03
8.179207771013258025e+03
8.178081695924171072e+03
8.227454945925312131e+03
8.241531713264133941e+03
8.228473703414116244e+03
8.283742605928908233e+03
8.303160668930428074e+03
8.285686369232427751e+03
8.336723323920632538e+03
8.282969710580542596e+03
8.267395297891634982e+03
8.309868507574798059e+03
8.362286640937785705e+03
8.375643839775284505e+03
8.349921233127684900e+03
8.306654641398399690e+03
8.337126211977241837e+03
8.286720603076089901e+03
8.341773078833217369e+03
8.349324425371169127e+03
8.378725384509563810e+03
8.301346503756583843e+03
8.301346503756583843e+03
8.325730738773132543e+03
8.270914261842950509e+03
8.299421272764991954e+03
8.313279159777188397e+03
8.301137421147692294e+03
8.271531964921310646e+03
8.298951154912252605e+03
8.340449751854555871e+03
8.353249495069900149e+03
8.398291679933521664e+03
8.391222682644711313e+03
8.395420929845533465e+03
8.338098292650633084e+03
8.335442092832201524e+03
8.375842513642804988e+03
8.353160619130363557e+03
8.332049765982374083e+03
8.313348399716203858e+03
8.331354222245905476e+03
8.330874499272744288e+03
8.331478749016923757e+03
8.260329664603879792e+03
8.244711919890796707e+03
8.249204824770542473e+03
8.276597530039569392e+03
8.280637364662859909e+03
8.259708253120414156e+03
8.246719052065816868e+03
8.272423149395035580e+03
8.294879591579994667e+03
8.329939675695775804e+03
8.304330449952611161e+03
8.337460619071758629e+03
8.383656979595547455e+03
8.433801484021629221e+03
8.424923910086919932e+03
8.449352103507797437e+03
8.413762796188331777e+03
8.404519344347902006e+03
8.360098331666866216e+03
8.408771938364452581e+03
8.380658863687638586e+03
8.417420740468252916e+03
8.398723276001244813e+03
8.395696565777809155e+03
8.406139454819483944e+03
8.472459749945204749e+03
8.480054301330948874e+03
8.457507813110925781e+03
8.457507813110925781e+03
8.463954365984294782e+03
8.499650602239194995e+03
8.459504536473643384e+03
8.378773934141736390e+03
8.388395502833174760e+03
8.389745067200236008e+03
8.383844763756262182e+03
8.319192571243946077e+03
8.365501116128200010e+03
8.374772463437806437e+03
8.360540013580904997e+03
8.345166959889391364e+03
8.357084624594082925e+03
8.345328604032907606e+03
8.343640344961499068e+03
8.398112013135983943e+03
8.374923748654216979e+03
8.402292578184296872e+03
8.366345427020371062e+03
8.365206557884812355e+03
8.351646381432026828e+03
8.379251629407333894e+03
8.329541503177937557e+03
8.339550455643091482e+03
8.319502875804128053e+03
8.351180478774584117e+03
8.403741743424616288e+03
8.335245255539095524e+03
8.315150721574349518e+03
8.361172838882199358e+03
8.337019646798207759e+03
8.388873544048954500e+03
8.357775265210433645e+03
8.336999751515271782e+03
8.389830234830669724e+03
8.415212728228718333e+03
8.389766204629200729e+03
8.333507083954171321e+03
8.358064238318887874e+03
8.336692760624619041e+03
8.339750349633253791e+03
8.311370612214413995e+03
8.271076240459613473e+03
8.232786550975064529e+03
8.243080461360972549e+03
8.236220072990452536e+03
8.219053489380296014e+03
8.253019399500815780e+03
8.248278188308191602e+03
8.248278188308191602e+03
8.239515781352687554e+03
8.298145985906046917e+03
8.326833500688644563e+03
8.287589292600994668e+03
8.227767620632246690e+03
8.252762695857467406e+03
8.235203522778490878e+03
8.206146491035331564e+03
8.236327649784045207e+03
8.274462209916044230e+03
8.320817418622349578e+03
8.355013660243757840e+03
8.306689098934984941e+03
8.332850769221469818e+03
8.339709132361591401e+03
8.331351372903347510e+03
8.287816626395113417e+03
8.306432539652205378e+03
8.273944852794906183e+03
8.282258746589459406e+03
8.282974918698258989e+03
8.281188164786999550e+03
8.289992855540242090e+03
8.327912400784123747e+03
8.286096493244442172e+03
8.303419293816927166e+03
8.340990297602273131e+03
8.340049278949254585e+03
8.404978579770642682e+03
8.384317199338169303e+03
8.439767547199871842e+03
8.428173482143683941e+03
8.460705723696270070e+03
8.449107563364363159e+03
8.434465768023959754e+03
8.415273477370004912e+03
8.404677998766490418e+03
8.432524884333757655e+03
8.409590214873491277e+03
8.398611004814241824e+03
8.460745644966546024e+03
8.496566455005589887e+03
8.461259223835946614e+03
8.445093222043375135e+03
8.458723929934281841e+03
8.432300354407812847e+03
8.409855121015350960e+03
8.443415862277166525e+03
8.435525787005895836e+03
8.435525787005895836e+03
8.439596715020346892e+03
8.418692309324233065e+03
8.452952099754464143e+03
8.405366421416178127e+03
8.354576092594699730e+03
8.392799598465067902e+03
8.376011689822193148e+03
8.383741912178771599e+03
8.436746372779924059e+03
8.425495896591157361e+03
8.440732739643732202e+03
8.424290565630102719e+03
8.422755479391262270e+03
8.445599925205178806e+03
8.383762411724434060e+03
8.388910726577381865e+03
8.385386606907790338e+03
8.449422912890595398e+03
8.414743878037350441e+03
8.451964708759376663e+03
8.457593619055029194e+03
8.483048346960365961e+03
8.444980194457344624e+03
8.433049894401214260e+03
8.480535019158858631e+03
8.437370188335957209e+03
8.416637222904304508e+03
8.446017882405802084e+03
8.442626491443304985e+03
8.463906865214901700e+03
8.391783112686438471e+03
8.355328033841329670e+03
8.355271207420606515e+03
8.373978782399432021e+03
8.394132398504012599e+03
8.434120320031759547e+03
8.440806151776307161e+03
8.434669082786191211e+03
8.449930501538294266e+03
8.514171733280332774e+03
8.509427867561009407e+03
8.516519958657912866e+03
8.568863279499320925e+03
8.584482353543900899e+03
8.593882527113548349e+03
8.575315804631758510e+03
8.518340412087067307e+03
8.511030379090490896e+03
8.483193653497641208e+03
8.483193653497641208e+03
8.450990764873185981e+03
8.424392966248207813e+03
8.390967648249452395e+03
8.444699792163308302e+03
8.458122721222576729e+03
8.424660811065748931e+03
8.456604945322385902e+03
8.509853356157838789e+03
8.496412221476663035e+03
8.517905986309522632e+03
8.482118155604806816e+03
8.531546532856371414e+03
8.542482115007220273e+03
8.566547613484643080e+03
8.556523998071093956e+03
8.557661935422283932e+03
8.551934156071867619e+03
8.526216414144506416e+03
8.559594711873249253e+03
8.566116884334434872e+03
8.616297623239213863e+03
8.670277200777945836e+03
8.709974825631068597e+03
8.727439788645418957e+03
8.652070939399416602e+03
8.584822301450009036e+03
8.562563063748921195e+03
8.533932798345698757e+03
8.540061055900498104e+03
8.520779481975650924e+03
8.459676111139428031e+03
8.390173334077448089e+03
8.401887249697219886e+03
8.434279578665637018e+03
8.496716672447502788e+03
8.460592979485303658e+03
8.463345715762739928e+03
8.504464701440309000e+03
8.526237416563179067e+03
8.501106608652926298e+03
8.499768678719519812e+03
8.487682226244200137e+03
8.466628666756940220e+03
8.445426839305433532e+03
8.445031123331036724e+03
8.397250993455985736e+03
8.463649134201812558e+03
8.423666552730841431e+03
8.464378136460336464e+03
8.464378136460336464e+03
8.474681590901152958e+03
8.499921174624376363e+03
8.483081111145791510e+03
8.438931626002728080e+03
8.451405063424959735e+03
8.505144676529340359e+03
8.501713093680989914e+03
8.524020532866659778e+03
8.527336444837457748e+03
8.537777078703060397e+03
8.564529387482984021e+03
8.581936434772444045e+03
8.585964422333050607e+03
8.520081975743274597e+03
8.514037849183569051e+03
8.547494202037250943e+03
8.552261381181395336e+03
8.540675123426934078e+03
8.516433049093771842e+03
8.466287582254168228e+03
8.495561806324363715e+03
8.492410373864733629e+03
8.563581065902351838e+03
8.518108793049133965e+03
8.519904233163355457e+03
8.521658826495300673e+03
8.497655601182912505e+03
8.490566606762928132e+03
8.455301233107793450e+03
8.478580430746380443e+03
8.538772588889009057e+03
8.599681196350189566e+03
8.590691233518764420e+03
8.540883837953359034e+03
8.542358947249747871e+03
8.600198557125802836e+03
8.571638204323566242e+03
8.575380515069466128e+03
8.570645485333585384e+03
8.583902423132603872e+03
8.548651328343228670e+03
8.592524474927949996e+03
8.616721760535152498e+03
8.569434254388395857e+03
8.522171872365124727e+03
8.461246454138052286e+03
8.441350044919316133e+03
8.486650318538537249e+03
8.504387157645505795e+03
8.504387157645505795e+03
8.468467302545332132e+03
8.433641755686156102e+03
8.435523816169054044e+03
8.422307345325618371e+03
8.421924287577749055e+03
8.413351044090399228e+03
8.430066771335370504e+03
8.433674814171143225e+03
8.459653899933508001e+03
8.467286974778895456e+03
8.449606455408922557e+03
8.462724790481441232e+03
8.478837634220419204e+03
8.451480328815920075e+03
8.471293735456043578e+03
8.459000839733722387e+03
8.443052375551536898e+03
8.473233893760670981e+03
8.509419570266787559e+03
8.497954984367455836e+03
8.461217972518383249e+03
8.471289063613228791e+03
8.517909465633569198e+03
8.487422124707167313e+03
8.479961324130306821e+03
8.466658107927358287e+03
8.527004101483025806e+03
8.514595322336259414e+03
8.494710526381637465e+03
8.536423505651249798e+03
8.532045249344291733e+03
8.497199176521633490e+03
8.544959277786143502e+03
8.535151341480253905e+03
8.501828823193616699e+03
8.569120183848455781e+03
8.534788055516431996e+03
8.563646791405602926e+03
8.627414504452883193e+03
8.633374628789586495e+03
8.621352569986607705e+03
8.659292925322810333e+03
8.661149838276158334e+03
8.701846719493656565e+03
8.740260244799166685e+03
8.737646384674055298e+03
8.728461790343611938e+03
8.753621214751670777e+03
8.775587054444351452e+03
8.775587054444351452e+03
8.723147231573400859e+03
8.749694092170011572e+03
8.776371094247224391e+03
8.832457953979968806e+03
8.803911722689968883e+03
8.810777507747374329e+03
8.839191280675775488e+03
8.847530576582243157e+03
8.853595675584199853e+03
8.787105348266717556e+03
8.765548279832097251e+03
8.718583200260847661e+03
8.692403990762211833e+03
8.692936101979996238e+03
8.702820600584702333e+03
8.703292917907416268e+03
8.711036678330523500e+03
8.735934323431751181e+03
8.677857910639435431e+03
8.702166299803737274e+03
8.726911326512637970e+03
8.719591633908270524e+03
8.687040631946585563e+03
8.640908969168141994e+03
8.714171464998924421e+03
8.704410866762918886e+03
8.698560465375683634e+03
8.726754759638350151e+03
8.733103092601118988e+03
8.694432175781703336e+03
8.721301609991409350e+03
8.739755892942326682e+03
8.753694436423687876e+03
8.795929610493532891e+03
8.766533276966014455e+03
8.694456709429119655e+03
8.695710932780866642e+03
8.747008176426754289e+03
8.745885995298775015e+03
8.723229429126149626e+03
8.704223195500931979e+03
8.757640157295525569e+03
8.772176459095258906e+03
8.803310841582566354e+03
8.804011452140526671e+03
8.731050371335559248e+03
8.748836185280941208e+03
8.759946116111759693e+03
8.710582515678366690e+03
8.710582515678366690e+03
8.674204685404265547e+03
8.634744378203182350e+03
8.621318502783713484e+03
8.581855307344578250e+03
8.580427893146868882e+03
8.622079331963304867e+03
8.603209657389472341e+03
8.555755381042339650e+03
8.600733274178666761e+03
8.568134651713671701e+03
8.544842810919644762e+03
8.546095999130924611e+03
8.551457006090495270e+03
8.603195122400000400e+03
8.596758339177744347e+03
8.564739845171847264e+03
8.509354642891146796e+03
8.529816007483688736e+03
8.544648058907832819e+03
8.542057072753657849e+03
8.517391133734459800e+03
8.536768409503700241e+03
8.585108372281925767e+03
8.517615097402835090e+03
8.529201923876991714e+03
8.493054657794047671e+03
8.516471222350937751e+03
8.560758965487171736e+03
8.626706846931399923e+03
8.632595294339715110e+03
8.709358102990181578e+03
8.665662607042728268e+03
8.609824433293326365e+03
8.604405284681533885e+03
8.589088513504191724e+03
8.606313664948678706e+03
8.683714001293699766e+03
8.658864159932698385e+03
8.732716484828586545e+03
8.726187843725043422e+03
8.741196968297059357e+03
8.728015959739081154e+03
8.783582120831642897e+03
8.761798060213148347e+03
8.772399183421504858e+03
8.772514991133275544e+03
8.799929979930666377e+03
8.762303141796108321e+03
8.772987515276921840e+03
8.772987515276921840e+03
8.832457447102380684e+03
8.822038217626799451e+03
8.806438799074256167e+03
8.836890863206186623e+03
8.806768614343231093e+03
8.814207299071531452e+03
8.845694977304694476e+03
8.831269699796539498e+03
8.802424470562224087e+03
8.825557293000127174e+03
8.838986274701916045e+03
8.852581845247837919e+03
8.911729668718488028e+03
8.913363153957954637e+03
8.904801939978990049e+03
8.870022970409931077e+03
8.821332711560731695e+03
8.834663081509575932e+03
8.814001937396918947e+03
8.856179612250021819e+03
8.893814028001319457e+03
8.967594727701589363e+03
8.955458091146267179e+03
8.935267955998860998e+03
8.953298717449510150e+03
8.899432675061852933e+03
8.902720641821375466e+03
8.866824209322741808e+03
8.841254436279674337e+03
8.874483317002461263e+03
8.847073030573610595e+03
8.804761270910583335e+03
8.802067803127172738e+03
8.786101499384347335e+03
8.823060275650525000e+03
8.803601673566143290e+03
8.839706455339450258e+03
8.840815636179990179e+03
8.790707197155388712e+03
8.830083630190081749e+03
8.839032170017835597e+03
8.861513675498734301e+03
8.826704127908618830e+03
8.867243142768013058e+03
8.869914283807007450e+03
8.874158484278859760e+03
8.909048506432569411e+03
8.831520685721270638e+03
8.839002248206346849e+03
8.839002248206346849e+03
8.863608442739352540e+03
8.827469864115417295e+03
8.832136580363467147e+03
8.806478598937932475e+03
8.800171629475093141e+03
8.846530770706032854e+03
8.814127051747194855e+03
8.884411440578562178e+03
8.835653725013267831e+03
8.852587593763728364e+03
8.903905452757258900e+03
8.892575013329800640e+03
8.856729771429636457e+03
8.859485515968977779e+03
8.905924790129722169e+03
8.913730659353326701e+03
8.897353998998945826e+03
8.866446911076965989e+03
8.872299783721935455e+03
8.902595263058801720e+03
8.920743453617669729e+03
8.928835230560274795e+03
8.977928053315883517e+03
9.009917373027561553e+03
9.048406568174947097e+03
8.988340552972978912e+03
8.995249941713180306e+03
9.000813986126231612e+03
9.006791468389154034e+03
9.038182844811490213e+03
9.074982008305598356e+03
8.997765907569115370e+03
8.981730936208439743e+03
8.969918822616451507e+03
8.995543487915139849e+03
8.924976010222035256e+03
8.885199574726479113e+03
8.946172622502705053e+03
8.932351916547078872e+03
8.968096722430485897e+03
9.032278969128539757e+03
8.966114122647577460e+03
9.019250229361012316e+03
9.012747927180153056e+03
8.956544067122533306e+03
8.996555234534313058e+03
8.910367587308226575e+03
8.900427847351369564e+03
8.966294144346207759e+03
8.966294144346207759e+03
8.959897311087053822e+03
8.951933273607206502e+03
8.895735400372037475e+03
8.876147503366055389e+03
8.860870352831159835e+03
8.822620694697532599e+03
8.865290594300842713e+03
8.863228396231554143e+03
8.876511659588712064e+03
8.873965806778835031e+03
8.826296296709433591e+03
8.860839164509441616e+03
8.876140293241593099e+03
8.888522603824769249e+03
8.891096646760039221e+03
8.879644786145261605e+03
8.882493976692521755e+03
8.884373616321498048e+03
8.908639158590700390e+03
8.910734752648595531e+03
8.919286407695521120e+03
8.905894953395718403e+03
8.914256750911001291e+03
8.934930139073665487e+03
8.939981220707879402e+03
8.909607124659829424e+03
8.863720744242882574e+03
8.848349121064875362e+03
8.876863453095596924e+03
8.814225403118594841e+03
8.829159515137745984e+03
8.893827881071536467e+03
8.870720877251143975e+03
8.867857130189633608e+03
8.869388637186400956e+03
8.860745085309514252e+03
8.889835204696353685e+03
8.861751631630775591e+03
8.903475061631881545e+03
8.915778759697956048e+03
8.888746151614843257e+03
8.848498188556553941e+03
8.858900303246327894e+03
8.832173912395190200e+03
8.901294348665658617e+03
8.881766214560835579e+03
8.875605119073223250e+03
8.846534796807438397e+03
8.855889592563500628e+03
8.855889592563500628e+03
8.872962774637147959e+03
8.903425645106197408e+03
8.860882311628578464e+03
8.846034317896104767e+03
8.846123221547912181e+03
8.832274586021094365e+03
8.851271545789322772e+03
8.873201703849963451e+03
8.906099116142077037e+03
8.923381410254691218e+03
8.918318920931429602e+03
8.948453848485711205e+03
8.940319154081995293e+03
8.902586129290506506e+03
8.911689455964600711e+03
8.879858225494965154e+03
8.851682991840925752e+03
8.878615521474017442e+03
8.857349074580433808e+03
8.839761235939196922e+03
8.810104091804125346e+03
8.801191142321284133e+03
8.827291610513710111e+03
8.791020241257092493e+03
8.829829245109793192e+03
8.882267752002415364e+03
8.895107435988018551e+03
8.928661693307934911e+03
8.919997744737996982e+03
8.911518296360418390e+03
8.938888191010390074e+03
8.961117318506057927e+03
8.993628764323491851e+03
9.025643876546741012e+03
8.971739461225608466e+03
9.013179093097896839e+03
8.996692915995145086e+03
8.978276145159195949e+03
9.046272410379780922e+03
9.014313032773097802e+03
9.059151773478193718e+03
9.092526403451407532e+03
9.153410304286257087e+03
9.202934900882299189e+03
9.213362233101282982e+03
9.210311069385226801e+03
9.244932361761184438e+03
9.230909394227064695e+03
9.222627299332138136e+03
9.222627299332138136e+03
9.203048935069678919e+03
9.182101911232321072e+03
9.202375997617806206e+03
9.196751951127496795e+03
9.114648725948851279e+03
9.089781092674214960e+03
9.055551274549077789e+03
9.074055019126077241e+03
9.016873307685746113e+03
8.975430717577824907e+03
8.963630023877907661e+03
9.007476237680815757e+03
8.983277985467348117e+03
8.995719348413136686e+03
9.028889757586692212e+03
9.084559455781338329e+03
9.078667705948464572e+03
9.071646376818260251e+03
9.016152376733201891e+03
9.000494400802328528e+03
9.019294881654990604e+03
9.089427339707193823e+03
9.050968457540131567e+03
9.062904242019287267e+03
9.062365596740150067e+03
9.076939245826404658e+03
9.057384303515018473e+03
9.030857989564859963e+03
9.002741276520519023e+03
9.024150735262437593e+03
9.001401877439539021e+03
9.068573166529380615e+03
9.072799639334825770e+03
9.116505337300952306e+03
9.121211366071023804e+03
9.191248748772790350e+03
9.180298733641649960e+03
9.204896941221768429e+03
9.198051846298107193e+03
9.182938947428343454e+03
9.196661872931877951e+03
9.176342340774099284e+03
9.097403740158713845e+03
9.053172932708663211e+03
9.051016078343131085e+03
9.077704474795682472e+03
9.082247878332762411e+03
9.094253848890792142e+03
9.116306548430082330e+03
9.116306548430082330e+03
9.151627679489167349e+03
9.188007279853252840e+03
9.184397825516518424e+03
9.213458229865887915e+03
9.185680414870539607e+03
9.255675774298997567e+03
9.228483107975047460e+03
9.224158952287874854e+03
9.163090809269520832e+03
9.138595479472114675e+03
9.082083971503827343e+03
9.101455057344355737e+03
9.134247876265395462e+03
9.158564594274592309e+03
9.183129122822247155e+03
9.148652763392654379e+03
9.164679761112529377e+03
9.097652830725652166e+03
9.026829101448427537e+03
9.050468827486763985e+03
9.056507441089399435e+03
9.076191825259908001e+03
9.080714611124272778e+03
9.096405671373830046e+03
9.096295629598313099e+03
9.064082749835442883e+03
9.041337612661494859e+03
9.029919402100365915e+03
9.073833555637889731e+03
9.100317799575874233e+03
9.116435521174042151e+03
9.100122669995607794e+03
9.119484170044439452e+03
9.115772391748952941e+03
9.142321452634058005e+03
9.197091280690985514e+03
9.217814660206675399e+03
9.208218814822563218e+03
9.195968775300509151e+03
9.225527754697861383e+03
9.145140806825791515e+03
9.133345731498977329e+03
9.116085000268423755e+03
9.074781554209012029e+03
9.095020968322811314e+03
9.111399057037247985e+03
9.161230353839466261e+03
9.136507945044657390e+03
9.196841414013908434e+03
9.196841414013908434e+03
9.186540577022615253e+03
9.208861575911103500e+03
9.226102334723835156e+03
9.237398173117528131e+03
9.189824100524676396e+03
9.195987963814231989e+03
9.195255811656483274e+03
9.158814111887828403e+03
9.181452670521282926e+03
9.273442853171731258e+03
9.240630170740520043e+03
9.208296201810877392e+03
9.237440137564090037e+03
9.260727495069844736e+03
9.266314025170648165e+03
9.239196983320054642e+03
9.274496565797255244e+03
9.251459374417499930e+03
9.284630745097601903e+03
9.278823687934353075e+03
9.290762559100869112e+03
9.298983450708725286e+03
9.304524289676925036e+03
9.320190279976422971e+03
9.330949924297698090e+03
9.377318438862481344e+03
9.296873917296292348e+03
9.264635136376360606e+03
9.285903726251799526e+03
9.291761449139847173e+03
9.243178369050490801e+03
9.305124383556332759e+03
9.285348046329962017e+03
9.345193857114083585e+03
9.378555881235022753e+03
9.431373220987383320e+03
9.438802324193478853e+03
9.493391675476144883e+03
9.533517578188519110e+03
9.538324334764474770e+03
9.494183417414547876e+03
9.471474318131809923e+03
9.435979376000304910e+03
9.435851181541453116e+03
9.479380448698335385e+03
9.472249423885026772e+03
9.420747985976360724e+03
9.409725381368043600e+03
9.424351424039248741e+03
9.424351424039248741e+03
9.384311853485673055e+03
9.357722358170614825e+03
9.379015076921261425e+03
9.362301711456264457e+03
9.417378017247569005e+03
9.501091895623419987e+03
9.468791399030129469e+03
9.519690051207146098e+03
9.477531849938701271e+03
9.537855525952803873e+03
9.560493220256006680e+03
9.565091756222858749e+03
9.515216534098082775e+03
9.530441110194717112e+03
9.495428760447153763e+03
9.505254078227046193e+03
9.540168503069735380e+03
9.540676242925012048e+03
9.532790251451186123e+03
9.577548681187550756e+03
9.533989067103490015e+03
9.504369079120291644e+03
9.493732550319362417e+03
9.455003088841825956e+03
9.446035219171390054e+03
9.436416770393845582e+03
9.419540123188689904e+03
9.421233390104491264e+03
9.370466892230338999e+03
9.352548508745770960e+03
9.314910880993649698e+03
9.264316258432716495e+03
9.276742938443545427e+03
9.347864669743124978e+03
9.345157477315975484e+03
9.403798172993365370e+03
9.376679885023128008e+03
9.384435591124933126e+03
9.412925713771657684e+03
9.471756500286242954e+03
9.517991521879854190e+03
9.459975758716960627e+03
9.427934849252900676e+03
9.405149256971453724e+03
9.380135169103799853e+03
9.418458641612807696e+03
9.447080530427649137e+03
9.433660314090995598e+03
9.418796339432157765e+03
9.418796339432157765e+03
9.470775588059366783e+03
9.421793442884347314e+03
9.366015521059031016e+03
9.396349604334453034e+03
9.424874222711068796e+03
9.395250684472248395e+03
9.395272297084376987e+03
9.467154917498179202e+03
9.491611738715248066e+03
9.554424085967166320e+03
9.626440655919421260e+03
9.608447216697972181e+03
9.608645254245011529e+03
9.546073155470379788e+03
9.622300170036734926e+03
9.661574741950156749e+03
9.595844772572700094e+03
9.571205551827155432e+03
9.600640969977912391e+03
9.589820800232942929e+03
9.568336310163193048e+03
9.532798157928302317e+03
9.561148885929074822e+03
9.529252527308799472e+03
9.488739710240626664e+03
9.484037928704447040e+03
9.490328874983300921e+03
9.499707571110122444e+03
9.426694670817923907e+03
9.365119413664926469e+03
9.393723084491608461e+03
9.388557629335475212e+03
9.415826112630595162e+03
9.361096647494658100e+03
9.353392769043637600e+03
9.348213039680798829e+03
9.300904999109619894e+03
9.319388280462897455e+03
9.301224957379041371e+03
9.265274983365541630e+03
9.260316429645654352e+03
9.194121846187164920e+03
9.233076864724493134e+03
9.184030453778732408e+03
9.165441200990653670e+03
9.116792855739287916e+03
9.170481129463421894e+03
9.196724516573645815e+03
9.167150849421770545e+03
9.167150849421770545e+03
9.139627265102364618e+03
9.135414315970649113e+03
9.087310785148709328e+03
9.052303947222344505e+03
9.140427595093522541e+03
9.190520038288625074e+03
9.222741045304484942e+03
9.235305156851507491e+03
9.299974905787525131e+03
9.313938415176218768e+03
9.348915367323523242e+03
9.319933898101340674e+03
9.333212129331384858e+03
9.367248339524609037e+03
9.393281952192188328e+03
9.409128311021680929e+03
9.397322828395586839e+03
9.367982246727126039e+03
9.379601344662787596e+03
9.422129764615323438e+03
9.405751257373840417e+03
9.367076319853475070e+03
9.385413790508802776e+03
9.347661736283551363e+03
9.353359374721996573e+03
9.371804284289653879e+03
9.412378173934539518e+03
9.446436154450297181e+03
9.504195726892838138e+03
9.528590708410569277e+03
9.526675568174207001e+03
9.520762117049500375e+03
9.506819270560743462e+03
9.494231902484294551e+03
9.502369889160787352e+03
9.570521747471470007e+03
9.617797045085457285e+03
9.598292751366427183e+03
9.572883874756300429e+03
9.564027391261268349e+03
9.568629599103882356e+03
9.595856964828230048e+03
9.614706517946957320e+03
9.629728549867339098e+03
9.660055432287254007e+03
9.654405816494914689e+03
9.665953375193559623e+03
9.677519953710558184e+03
9.751222086571369800e+03
9.751222086571369800e+03
9.687552078865899603e+03
9.708235574258280394e+03
9.718138514278763978e+03
9.680320566408265222e+03
9.700492872313216139e+03
9.707441363191841447e+03
9.650132031666758849e+03
9.654826837773471198e+03
9.702766292438893288e+03
9.740688748751201274e+03
9.714886926542774745e+03
9.669845822194460197e+03
9.639412590160225591e+03
9.576040920213637946e+03
9.647159936815911351e+03
9.687741915804290329e+03
9.666121845738851334e+03
9.658310077432235630e+03
9.636587860971092596e+03
9.625971814798163905e+03
9.639530938696994781e+03
9.611953665936713151e+03
9.583809204034778304e+03
9.668158045617723474e+03
9.760056083922007019e+03
9.781697362006603726e+03
9.770112585571618183e+03
9.849321979348318564e+03
9.807174322651251714e+03
9.744129132688718528e+03
9.790348550443814020e+03
9.841782366400329920e+03
9.814268634127163750e+03
9.796841819883062271e+03
9.831320623778616209e+03
9.790823104072773276e+03
9.863074334846522106e+03
9.824403372710117765e+03
9.861999108739246367e+03
9.866810689226385875e+03
9.817037252500942486e+03
9.825612036120191988e+03
9.861121863759683038e+03
9.895232425026351848e+03
9.887080516116557192e+03
9.839179752974850999e+03
9.790251901642201119e+03
9.788460220307089912e+03
9.825855717130711128e+03
9.825855717130711128e+03
9.798870992572448813e+03
9.811156530708016362e+03
9.873298195606810623e+03
9.899682943596913901e+03
9.878155847549302052e+03
9.842483732071632403e+03
9.772750110669121568e+03
9.754116001324458921e+03
9.763243438558742127e+03
9.779893611902723933e+03
9.807863353928698416e+03
9.837960828826940997e+03
9.871638671234926733e+03
9.876797242038768673e+03
9.947595147104688294e+03
9.996384631391934818e+03
9.972019711368020580e+03
9.878426798781280013e+03
9.836008517725422280e+03
9.750244876237367862e+03
9.718781933843658408e+03
9.725457091431911977e+03
9.746735136168214012e+03
9.727904668498536921e+03
9.733820912958077315e+03
9.738318217739324609e+03
9.697572504606347138e+03
9.680580572869312164e+03
9.693970013461948838e+03
9.643106711529293534e+03
9.649088699097566860e+03
9.650981783101962719e+03
9.614223013449745849e+03
9.708019220232550651e+03
9.774425613906943909e+03
9.789996599709396833e+03
9.818240461289802624e+03
9.816432696606205354e+03
9.783220549952371584e+03
9.740074063850735911e+03
9.665392660372848695e+03
9.646216900904453723e+03
9.656810311110715702e+03
9.678413527741917278e+03
9.727850809457653668e+03
9.717218696384990835e+03
9.814355334003759708e+03
9.848717772255855380e+03
9.863851435128932280e+03
9.863851435128932280e+03
9.873691669990301307e+03
9.914180301626296568e+03
9.887336813951344084e+03
9.882698887771557565e+03
9.860620324263327348e+03
9.862523257658323928e+03
9.839690347246993042e+03
9.851020156091217359e+03
9.818421693754306034e+03
9.845810377090469046e+03
9.879351947762428608e+03
9.964517553083367602e+03
9.961738043577441204e+03
9.892942737190411208e+03
9.813426511443580239e+03
9.779266960199389359e+03
9.791367878496839694e+03
9.837260692847508835e+03
9.892710371244696944e+03
9.908409124150304706e+03
9.827816236220391147e+03
9.857751971249725102e+03
9.845815958951385255e+03
9.922381049457888366e+03
9.879173667806757294e+03
9.863270950186642949e+03
9.849605974868338308e+03
9.855599524042359917e+03
9.842504661631124691e+03
9.851354456757318985e+03
9.851442650553812200e+03
9.777741214184286946e+03
9.749027326477964380e+03
9.788774601945211543e+03
9.765079545225815309e+03
9.815089412609990177e+03
9.834148711925987300e+03
9.830558064147304322e+03
9.887357317381191024e+03
9.846806250259463923e+03
9.889482458232901990e+03
9.819716971540812665e+03
9.817533141327961857e+03
9.736527023017315514e+03
9.711697459230541426e+03
9.771242070557795159e+03
9.688758825535318465e+03
9.671622486980759277e+03
9.768956946589209110e+03
9.768956946589209110e+03
9.775724597806150996e+03
9.871731407622719416e+03
9.818695982135977829e+03
9.792057574304284572e+03
9.743986206259407481e+03
9.761526717019631178e+03
9.729701677274211761e+03
9.755317481641031918e+03
9.828918843005283634e+03
9.870151475906461201e+03
9.807979896282953632e+03
9.861837826911891170e+03
9.906126759311275237e+03
9.972885880590489251e+03
9.956964949481665826e+03
1.000951147674537242e+04
9.962964683938622329e+03
9.912205567664412229e+03
9.875941817159578932e+03
9.964105426385091050e+03
9.979835843577528067e+03
9.953116618619915243e+03
9.866069160996365099e+03
9.952847722506949140e+03
9.977398845819052440e+03
1.006202586316430643e+04
1.011467804525205429e+04
1.017546705713179836e+04
1.015229472282710958e+04
1.019904108410651315e+04
1.015642986099514019e+04
1.014413203415370299e+04
1.013164843907134127e+04
1.017022050618070352e+04
1.012769530315816701e+04
1.016015973406406920e+04
1.019781825999337707e+04
1.013276838895315996e+04
1.008008379663114283e+04
1.004883654814894908e+04
1.000857320245745177e+04
1.004464089262268681e+04
9.981987060147552256e+03
9.919772336899677612e+03
9.934391211171105169e+03
9.972597023328980868e+03
9.976431055217297398e+03
9.949959675993715791e+03
9.905980283760158272e+03
9.905980283760158272e+03
9.924428844932541324e+03
9.975862078122816456e+03
9.983119839508437508e+03
1.003680873936721946e+04
1.005326050305157696e+04
1.004131446851069086e+04
1.008165658931253529e+04
1.007687872133030578e+04
1.010055191707562153e+04
1.013011072470691397e+04
1.015098330545377758e+04
1.017593222295864689e+04
1.020971084554204572e+04
1.024981639174229713e+04
1.026537572407330845e+04
1.023815659517553831e+04
1.015981602489761281e+04
1.019219551314089404e+04
1.021093840626766178e+04
1.018424732036368187e+04
1.013192405557018355e+04
1.007921113972263083e+04
1.009782706671257438e+04
1.004144162555949151e+04
1.007391174974253227e+04
1.011027107520292338e+04
1.005168870296639034e+04
1.004144816596536293e+04
1.000611725944009231e+04
1.000775886129020364e+04
1.005852675762222498e+04
1.003837417429942434e+04
1.000660381443313054e+04
1.009152656689016476e+04
1.012004457787596039e+04
1.012860488020090634e+04
1.012414739423475476e+04
1.023666359833551542e+04
1.020443703392036332e+04
1.017569845944724511e+04
1.020974112107363908e+04
1.017458532938484495e+04
1.012638945140428041e+04
1.006515681677150133e+04
1.009139843497254151e+04
1.004893799612541443e+04
9.961907165435624847e+03
9.952454464081807600e+03
9.963747763674948146e+03
9.963747763674948146e+03
9.969286445199213631e+03
9.993475115940425894e+03
1.001690375581773151e+04
9.973313476998879196e+03
9.990672825394696702e+03
9.942178990609821994e+03
9.899280259765602750e+03
9.999093850559860584e+03
1.003448619840684478e+04
9.995029278719102876e+03
1.003934334655216480e+04
1.011952922210747602e+04
1.019640798805522900e+04
1.020023939347212945e+04
1.016008783639587273e+04
1.016179846336151240e+04
1.023575832237894065e+04
1.029596957875551925e+04
1.031173914699095258e+04
1.037603577374022098e+04
1.040261890879664134e+04
1.046851479244841175e+04
1.049364259341429351e+04
1.051075045174663319e+04
1.048716506792819382e+04
1.046035814977947848e+04
1.049328467479188475e+04
1.046116871669041757e+04
1.050002058009297616e+04
1.047647753395500877e+04
1.040574969957883695e+04
1.032566578091415613e+04
1.037146710604763030e+04
1.042518362374670323e+04
1.039077647359843104e+04
1.032416645090695238e+04
1.030552913367632391e+04
1.035433811647810944e+04
1.033938409658985620e+04
1.029496831071173619e+04
1.022771370239496719e+04
1.024349429872774999e+04
1.022665776389867824e+04
1.019735066113095490e+04
1.013771744274922639e+04
1.022299917008616103e+04
1.025513967647009667e+04
1.025534385558999202e+04
1.033182220455350398e+04
1.033182220455350398e+04
1.026559441710059218e+04
1.023112780395798836e+04
1.025098650375866964e+04
1.022874722610430945e+04
1.025226978585969300e+04
1.023640265448294667e+04
1.033217553161898468e+04
1.030065947226916433e+04
1.027392531267952472e+04
1.037106080807637409e+04
1.039111939288721805e+04
1.036067915900533080e+04
1.029171039184658184e+04
1.030464585286597685e+04
1.031117799557016588e+04
1.028321669812753680e+04
1.024294204540436112e+04
1.020733718631703596e+04
1.029806951632072742e+04
1.029359739617183368e+04
1.025405831425787255e+04
1.022280605932869548e+04
1.026420819297859089e+04
1.024721020701776433e+04
1.026214399575611969e+04
1.030525193922036306e+04
1.035974503854814247e+04
1.034238165573674996e+04
1.032174873841449698e+04
1.037976360550392383e+04
1.035790437085799749e+04
1.032093797477112275e+04
1.039884282595022887e+04
1.041385621295698365e+04
1.038359704447383956e+04
1.037694034642367478e+04
1.042106766774547395e+04
1.046603559655939716e+04
1.052794890960395605e+04
1.052259609074612126e+04
1.046228844352661872e+04
1.042761763119023271e+04
1.044696360898376224e+04
1.050897782698888295e+04
1.047349297032436516e+04
1.048106569053907697e+04
1.055824870444524095e+04
1.056192279493082970e+04
1.060369731348313508e+04
1.060369731348313508e+04
1.054171203485774640e+04
1.061180419128225003e+04
1.052155539215460703e+04
1.046713868205375002e+04
1.039490384920504766e+04
1.039366466685652995e+04
1.034206165785131270e+04
1.033905601406290589e+04
1.037876174305799032e+04
1.042646981565496571e+04
1.047324242070561195e+04
1.039431146171871114e+04
1.042858610176625916e+04
1.046426764549469044e+04
1.051992842491682495e+04
1.055317784015489269e+04
1.047627914459776002e+04
1.056862191514779079e+04
1.062646250595769379e+04
1.066146178176281683e+04
1.058953900803424040e+04
1.063284708467221753e+04
1.060712166351524320e+04
1.068440093060769505e+04
1.068930843867177828e+04
1.069350745862512304e+04
1.068639544426302564e+04
1.066189584527299485e+04
1.062815802636793887e+04
1.065839716850422701e+04
1.069905435455146835e+04
1.078632599225004014e+04
1.081223486061471704e+04
1.071764061360021151e+04
1.078049486522910956e+04
1.072906312119084032e+04
1.077732906255528542e+04
1.085709434079209859e+04
1.092296197494952867e+04
1.087456634071341432e+04
1.081669430331680087e+04
1.087056799496420535e+04
1.086586959959162959e+04
1.082810932738454540e+04
1.087926930704121150e+04
1.092803473188347016e+04
1.098229573692500708e+04
1.095118946942419461e+04
1.098848625652851842e+04
1.098848625652851842e+04
1.093642497809061751e+04
1.091603053349351285e+04
1.095401235775813257e+04
1.092063526561872277e+04
1.088982008053124991e+04
1.090635442734306525e+04
1.098466715654224754e+04
1.093508060921053584e+04
1.098985663098296209e+04
1.097000969077755508e+04
1.086105941896039258e+04
1.087268415643614026e+04
1.089532594123343915e+04
1.093399157877953076e+04
1.082346719554364245e+04
1.075040643308703329e+04
1.079854057639402527e+04
1.081723612431926813e+04
1.086371542180575489e+04
1.078502503945287026e+04
1.070842830446536209e+04
1.062888595600657754e+04
1.064257168779031963e+04
1.057940202041576049e+04
1.063037812151649450e+04
1.063159689878495919e+04
1.060234064622822189e+04
1.057210155616113479e+04
1.066738233313907403e+04
1.058786367156883898e+04
1.053340666379944196e+04
1.061512622832817760e+04
1.062028667896594379e+04
1.061220286149468848e+04
1.063931791240242273e+04
1.066508183418789667e+04
1.067238856258226406e+04
1.069483461173234900e+04
1.077231599033320708e+04
1.080248769513748812e+04
1.082878375306921589e+04
1.086592504701691723e+04
1.080479084471262649e+04
1.071654022778754370e+04
1.071407893974431317e+04
1.073900667047528441e+04
1.072347304563586476e+04
1.066761403714757762e+04
1.071274188643528396e+04
1.071274188643528396e+04
1.066710265913967305e+04
1.062237152919190157e+04
1.067473376263981663e+04
1.062772393797228688e+04
1.068490756315489671e+04
1.063308785487126261e+04
1.061183876411934398e+04
1.072203868900360067e+04
1.078187074295873390e+04
1.077517389066009309e+04
1.083852139105884453e+04
1.088392276181490888e+04
1.095926409190474078e+04
1.094915868860853152e+04
1.101248751351657666e+04
1.100057091032980316e+04
1.100010554920403411e+04
1.098533411901482214e+04
1.101192315947283532e+04
1.089941204520613428e+04
1.089908152532802524e+04
1.092489968135974050e+04
1.086853761455937274e+04
1.087353939398653711e+04
1.075616877490994557e+04
1.073306338895475164e+04
1.068799168833846306e+04
1.074906260946325528e+04
1.068052230370061625e+04
1.059612351554929046e+04
1.056678512581551331e+04
1.061364523845322037e+04
1.069265754758219373e+04
1.072625845338929139e+04
1.072927204641968638e+04
1.072018983153207955e+04
1.081461076600647721e+04
1.080134604333460993e+04
1.084802289665722310e+04
1.083631688377497630e+04
1.078811601224390324e+04
1.078739856050126946e+04
1.085252279273184104e+04
1.079909157790782956e+04
1.083074390110198510e+04
1.084134551716367605e+04
1.083355801282470020e+04
1.091366730214032577e+04
1.097227376429005744e+04
1.097227376429005744e+04
1.093024734579428878e+04
1.093646499348395992e+04
1.090644013149328748e+04
1.085996053171935455e+04
1.084221553412376306e+04
1.089112630143915521e+04
1.093859500131149071e+04
1.093619479265162954e+04
1.100192721451166653e+04
1.098642417028016280e+04
1.099997864949455470e+04
1.095877098560859849e+04
1.097608080071769837e+04
1.104195072875888764e+04
1.112266727404603262e+04
1.116777545805213958e+04
1.121996211380819841e+04
1.124367542438926466e+04
1.133910503882491321e+04
1.138177013096269002e+04
1.139137564771355937e+04
1.137920734940583134e+04
1.133022964472553758e+04
1.125361442647931653e+04
1.122026098436242864e+04
1.129563330627772302e+04
1.134690634680404037e+04
1.128746219103925614e+04
1.125338727597558500e+04
1.114105429817218464e+04
1.102191077903246878e+04
1.098580940263731827e+04
1.104129841216800924e+04
1.103615220793825574e+04
1.104525616850578990e+04
1.098900257377547314e+04
1.104101019540620837e+04
1.105227730197641722e+04
1.099589175162944775e+04
1.109566463273761474e+04
1.112196325482207067e+04
1.112901576840482267e+04
1.115244334954875558e+04
1.117121786293429977e+04
1.112216074864740403e+04
1.113546686960987608e+04
1.110048054794626478e+04
1.099093745153289456e+04
1.098866846534370234e+04
1.098866846534370234e+04
1.110015302845456790e+04
1.109914950750737989e+04
1.103416753189742485e+04
1.104457527588125049e+04
1.100884765717766277e+04
1.105756040364976070e+04
1.095332169465092375e+04
1.091782724063829301e+04
1.081087816051655500e+04
1.079643583141665295e+04
1.076950806419855871e+04
1.082288729146842707e+04
1.078839132641970355e+04
1.076405432778323484e+04
1.079925235975390206e+04
1.074619540322132707e+04
1.065848063817532784e+04
1.063527419372670192e+04
1.063528953879664368e+04
1.067286541558916724e+04
1.072288487867119693e+04
1.073970643042913616e+04
1.075926079906925588e+04
1.078720566906446584e+04
1.071843355892044201e+04
1.071694842032106317e+04
1.073082865719981055e+04
1.081626839159844531e+04
1.082716902038842090e+04
1.089021436984391403e+04
1.095374869172277613e+04
1.105528606924268570e+04
1.102433482506821383e+04
1.097285878868751752e+04
1.095030814621625177e+04
1.098292361152203011e+04
1.101593596208770214e+04
1.094337175172936259e+04
1.093279155836560676e+04
1.093410051743610711e+04
1.084741726450443821e+04
1.092184087123736208e+04
1.085185717278510310e+04
1.086053851142296662e+04
1.085719696730864780e+04
1.093117895542741462e+04
1.091848376933456166e+04
1.095489525430993308e+04
1.100204081446537020e+04
1.100204081446537020e+04
1.095008291059075964e+04
1.094685072159565243e+04
1.105611504544150011e+04
1.108199355813319016e+04
1.103655066397808878e+04
1.098082658658768923e+04
1.099044131659870254e+04
1.099091746465712276e+04
1.103615060570507194e+04
1.107429997533197457e+04
1.113501194388286058e+04
1.110361951831353690e+04
1.111976279401242027e+04
1.115469425733790922e+04
1.111799327064881436e+04
1.119206184110405229e+04
1.125875074294384467e+04
1.131312102204638541e+04
1.125917614797220813e+04
1.120938699468473533e+04
1.130137513691936692e+04
1.133372155453408777e+04
1.132464381038886859e+04
1.125166721144750954e+04
1.116129943444739547e+04
1.120771900354774334e+04
1.127677811847379598e+04
1.130798277039975801e+04
1.124497000714139176e+04
1.134213066963288475e+04
1.134955995952192461e+04
1.127482417856843858e+04
1.121339442503412647e+04
1.126336328841419709e+04
1.130883119439639268e+04
1.135406151337706069e+04
1.139159448325758967e+04
1.140349578891841338e+04
1.151495369999396280e+04
1.150285493875834800e+04
1.151830308288141350e+04
1.149821603655733634e+04
1.142339134702607407e+04
1.143127061541375951e+04
1.140590563665537411e+04
1.142259913812944433e+04
1.137435538339043705e+04
1.136625606904194137e+04
1.141102751362779782e+04
1.141102751362779782e+04
1.136711553673412891e+04
1.144713075406571807e+04
1.151773623874987788e+04
1.152369410283306206e+04
1.151808494763699673e+04
1.147614221138470202e+04
1.147356179922034426e+04
1.140477277474668153e+04
1.139464500005287846e+04
1.142698783018448194e+04
1.145182636375141919e+04
1.150473636460469606e+04
1.155635697888500908e+04
1.160396093179898708e+04
1.162538305415010473e+04
1.160087353077853913e+04
1.157894055082167688e+04
1.152151779015084503e+04
1.142483013812898935e+04
1.140906670222347566e+04
1.129157916556916462e+04
1.128576967199497813e+04
1.132614880194372927e+04
1.132319118083118337e+04
1.132227581280505729e+04
1.138012142808151657e+04
1.130544005654888497e+04
1.133047847608974007e+04
1.139711176689261265e+04
1.148074756889623131e+04
1.149592398504160519e+04
1.147836207539224415e+04
1.148415933410042999e+04
1.155248048756190656e+04
1.160079402152220973e+04
1.162025503226582805e+04
1.167288489680923522e+04
1.164396692881577474e+04
1.164298258512177199e+04
1.154825127200877250e+04
1.155101002241391143e+04
1.152413668091436739e+04
1.160752327450470693e+04
1.159783481929485424e+04
1.161794054284051708e+04
1.165482416174285936e+04
1.176590617988539452e+04
1.187154788726476363e+04
1.187156905489219207e+04
1.187156905489219207e+04
1.190840479722138480e+04
1.191054339020131192e+04
1.194318543743449118e+04
1.194672659285176451e+04
1.202128417300888941e+04
1.205215373146065031e+04
1.207438343928640461e+04
1.206022990806696725e+04
1.203008518405798895e+04
1.210909862747300576e+04
1.212429937701239032e+04
1.202998636897165306e+04
1.200149963162354652e+04
1.199326781906073847e+04
1.203262419888102886e+04
1.203760840652447951e+04
1.197399108995503047e+04
1.196567809372762167e+04
1.201348983072205010e+04
1.210907753553275143e+04
1.207246356978758922e+04
1.211535402534906098e+04
1.208215085352084498e+04
1.212389172296644938e+04
1.218301791887747277e+04
1.211900799404612189e+04
1.215201431022382531e+04
1.215244721421956820e+04
1.214652345392967618e+04
1.212479521394098811e+04
1.216298026249780378e+04
1.216635128450192497e+04
1.209183556925358062e+04
1.210161370617446300e+04
1.208554112972204348e+04
1.201890532013263328e+04
1.210549305952515715e+04
1.205299086803079263e+04
1.203029568524107162e+04
1.193699656817413597e+04
1.193759262266338555e+04
1.192882332871657673e+04
1.192523306877318828e+04
1.192334606554795937e+04
1.194547003844864594e+04
1.192414984559177719e+04
1.189363403786732670e+04
1.180683796424392131e+04
1.178104413117019067e+04
1.178104413117019067e+04
1.183418662722359113e+04
1.173311046102893306e+04
1.168847294599105408e+04
1.172578163048919851e+04
1.168226404079568601e+04
1.162557081768119679e+04
1.164231127053767341e+04
1.154736558111144586e+04
1.153116964015757731e+04
1.152960411873192061e+04
1.155838772307667386e+04
1.151264405182491646e+04
1.152884581473164144e+04
1.161685867056595271e+04
1.157807536330163384e+04
1.165170619940989127e+04
1.165593377694521769e+04
1.160490436457720170e+04
1.160131170700673101e+04
1.155860440464912244e+04
1.159643954014691371e+04
1.155968349326212956e+04
1.153046500457102593e+04
1.156620737462398029e+04
1.157094647811629329e+04
1.165241799810398334e+04
1.166393081684473327e+04
1.157328953445411571e+04
1.152183710484009316e+04
1.147657270978455745e+04
1.150640150149904184e+04
1.151270972904328482e+04
1.154132909671267953e+04
1.151290467585945953e+04
1.144675646138951015e+04
1.145366630061995056e+04
1.134829854755082670e+04
1.124881366768886437e+04
1.121153762988459857e+04
1.129995137931513273e+04
1.139515222591322527e+04
1.131817867130539162e+04
1.129177893886591664e+04
1.127178750345059780e+04
1.137339096088410224e+04
1.133881079937910181e+04
1.138544982707777490e+04
1.143002638239553562e+04
1.139628705472089860e+04
1.139628705472089860e+04
1.146923968220418283e+04
1.144341546077373096e+04
1.156291444757349927e+04
1.156551592415839332e+04
1.153237912556838455e+04
1.160867879317539700e+04
1.151818016682007328e+04
1.145078066034787116e+04
1.142123527959752755e+04
1.145890759650104337e+04
1.154387380866479543e+04
1.146664444851551343e+04
1.153122231118115997e+04
1.152271377167775063e+04
1.150999224982246960e+04
1.161762766452930919e+04
1.160718171249931765e+04
1.167148376434675629e+04
1.163110236621969125e+04
1.158149898137354648e+04
1.150456639148505201e+04
1.153628272970350372e+04
1.149893067406940281e+04
1.147128786863960158e+04
1.144224225585240856e+04
1.153488721538736718e+04
1.161048861621352444e+04
1.164429332235616494e+04
1.161779144258123415e+04
1.166512404297925605e+04
1.164008908147341572e+04
1.164457933614492322e+04
1.157986883687910813e+04
1.159799418060405515e+04
1.158037967351324733e+04
1.159586617656219642e+04
1.163138063847434751e+04
1.159289432422591926e+04
1.156464935418114146e+04
1.147219592240099519e+04
1.143370354359913836e+04
1.148583633659102816e+04
1.150235310006228246e+04
1.158462647475357880e+04
1.156398544986108209e+04
1.157746487081526175e+04
1.149551964659550140e+04
1.154001949325960959e+04
1.146570836764314299e+04
1.146570836764314299e+04
1.148554350558250917e+04
1.158357335576258447e+04
1.162041792220774369e+04
1.154498347992855815e+04
1.151792956959696130e+04
1.157900992021613274e+04
1.153787482923891002e+04
1.157171001334432549e+04
1.162071689357585456e+04
1.170587680876855848e+04
1.169505127738553711e+04
1.169344676622256520e+04
1.175563511858434504e+04
1.179894408713528355e+04
1.176160888229946431e+04
1.185787015591479940e+04
1.187612200708422279e+04
1.182427512651863981e+04
1.178361734833107039e+04
1.190908580522651755e+04
1.200008721302598860e+04
1.208973581641022247e+04
1.208134691869870767e+04
1.212282521625036497e+04
1.205920774719384463e+04
1.216022311668212024e+04
1.215082574528662371e+04
1.212051849459574805e+04
1.213878996632675444e+04
1.213699717143555972e+04
1.212298846715046966e+04
1.221346396397558601e+04
1.223797712357221462e+04
1.224117005399522895e+04
1.220037319675800791e+04
1.211724535524418206e+04
1.218597480644827192e+04
1.221884861718966567e+04
1.232423329579655365e+04
1.235060559179333541e+04
1.228944994451760613e+04
1.221844543231677926e+04
1.225804800558546231e+04
1.220209455096288366e+04
1.220858827854389529e+04
1.229125267020961473e+04
1.223129783982017034e+04
1.222943997402844798e+04
1.215353327876929689e+04
1.215353327876929689e+04
1.205983730608722544e+04
1.206537229864883557e+04
1.203465680699023505e+04
1.202641150722122438e+04
1.198119239049630414e+04
1.203595278537455852e+04
1.209445348020890924e+04
1.198478267746180973e+04
1.195363582181491802e+04
1.192373138902482060e+04
1.181889099563431955e+04
1.194320690045309493e+04
1.190879601891808670e+04
1.201029178170407431e+04
1.206684403789940916e+04
1.199204452697041961e+04
1.209898230936275286e+04
1.211541166079510003e+04
1.218826502226764387e+04
1.224774529299332607e+04
1.226477057870282806e+04
1.217486852012879535e+04
1.226712223589740097e+04
1.223482938477948301e+04
1.219040244372835696e+04
1.224649727906114822e+04
1.219268755788438648e+04
1.211502690199134668e+04
1.200562770476480728e+04
1.194021882209518481e+04
1.190197089003073052e+04
1.196801262367304298e+04
1.202165438059707958e+04
1.211270515606323352e+04
1.210177087847907569e+04
1.214451744530894757e+04
1.219569890206208584e+04
1.219221037173473451e+04
1.219661412739855223e+04
1.223642612539710717e+04
1.226885865237127473e+04
1.233680092383063493e+04
1.237150303446195903e+04
1.243776956745116695e+04
1.240738779615812928e+04
1.237982061309961500e+04
1.247483991721404891e+04
1.253483779632813457e+04
1.258173778592656708e+04
1.258173778592656708e+04
1.264312881923368695e+04
1.267471970785956728e+04
1.266741738672660904e+04
1.265502227271877746e+04
1.275061290481787728e+04
1.276198476779622433e+04
1.275742160729969146e+04
1.277479035317160742e+04
1.276605175821669764e+04
1.265285967102762879e+04
1.270758140103442565e+04
1.267624969847786451e+04
1.260895917126801032e+04
1.261680521405122818e+04
1.256020670944372432e+04
1.258555077056509435e+04
1.251504808720865367e+04
1.241927165120540303e+04
1.242418803127951469e+04
1.249988103002591379e+04
1.241544321774793207e+04
1.245973144788468198e+04
1.252494217639336966e+04
1.259195018076927954e+04
1.259393917369860173e+04
1.256599536796442771e+04
1.249734506358416547e+04
1.249020104904417167e+04
1.238835851409797215e+04
1.232817854289207935e+04
1.228912183459906009e+04
1.231281754955905126e+04
1.229696567509474153e+04
1.238264316524559581e+04
1.236219805604036628e+04
1.229917317082305635e+04
1.223815651820071616e+04
1.215691200879129428e+04
1.209376914434512219e+04
1.221385806211173440e+04
1.225681091435682174e+04
1.216304709531287881e+04
1.216841828682510459e+04
1.229747470899568543e+04
1.240675936239103248e+04
1.243690723980661460e+04
1.245104132491987548e+04
1.243074073437630068e+04
1.235239625806009644e+04
1.235239625806009644e+04
1.247470751168567040e+04
1.241323344920631280e+04
1.238436133678330953e+04
1.226053526858497389e+04
1.231886405052275040e+04
1.228238509750105368e+04
1.218036178660762016e+04
1.227871665747136467e+04
1.223917295138548616e+04
1.220311588082320122e+04
1.230604719767216375e+04
1.233198939335388786e+04
1.241046064077930168e+04
1.248966606399737429e+04
1.248663733258758111e+04
1.238800898058103667e+04
1.229246247653568025e+04
1.234997461049675258e+04
1.239515387877823923e+04
1.233056201475906710e+04
1.236244550817492382e+04
1.230655367015405500e+04
1.233215977089059015e+04
1.234066383754041817e+04
1.234999892308712151e+04
1.240900971236374244e+04
1.246315721220335581e+04
1.236360953442315076e+04
1.230110464301859793e+04
1.233257039266621905e+04
1.232573703824911536e+04
1.223426164236329168e+04
1.223281647712898484e+04
1.213918116458815348e+04
1.214318899984453128e+04
1.218819144250741738e+04
1.222367749738033672e+04
1.212250224020827955e+04
1.218444172226111004e+04
1.214139747952463767e+04
1.210873160897475100e+04
1.210119149169905359e+04
1.218758430086985936e+04
1.212319338573633650e+04
1.213518642813160659e+04
1.213073843040342399e+04
1.213517968933691736e+04
1.210550443545518283e+04
1.204532638324862091e+04
1.204532638324862091e+04
1.201639488296594209e+04
1.198049149683910400e+04
1.189546637987668873e+04
1.194070679246274449e+04
1.203066094701561997e+04
1.207272015831551835e+04
1.205050452197084815e+04
1.213015965928545302e+04
1.202872137711776122e+04
1.194446963889657491e+04
1.201349800791921734e+04
1.200734551215148713e+04
1.215245641333750427e+04
1.208623709148214039e+04
1.203216079669561077e+04
1.196393305394422350e+04
1.197555454361718148e+04
1.198226061957506136e+04
1.201682767052674171e+04
1.203736404649129872e+04
1.211029018729968629e+04
1.206311401934237620e+04
1.212108718152409165e+04
1.207471714855494611e+04
1.210994403985548524e+04
1.208713970126595268e+04
1.207159108453653607e+04
1.202715492286869630e+04
1.202612743234501067e+04
1.215524327254709169e+04
1.218340614198057483e+04
1.213350024746797681e+04
1.224636068681126198e+04
1.223249689914829833e+04
1.228396505973190142e+04
1.231532505005729945e+04
1.225847020809968853e+04
1.224511177846441024e+04
1.234421517164715806e+04
1.234554723014976480e+04
1.235893914032332577e+04
1.234054209370756325e+04
1.232500896810184531e+04
1.233112472172497291e+04
1.231091987311839148e+04
1.233711051588642658e+04
1.238937867366908540e+04
1.232214363480608336e+04
1.232774107079680834e+04
1.232774107079680834e+04
1.230906350201211717e+04
1.227799587877371414e+04
1.229402504851820777e+04
1.236830342363622185e+04
1.243983232531120120e+04
1.238296285722693210e+04
1.243749301871454372e+04
1.251194982202716710e+04
1.247375020948248493e+04
1.249497845036355284e+04
1.243160259692301952e+04
1.243747317997718346e+04
1.241050417238478076e+04
1.253088851942504516e+04
1.254609901398399234e+04
1.246189642057159472e+04
1.251304290696155476e+04
1.254394889888660509e+04
1.255258938774934722e+04
1.254564569213427058e+04
1.257461549206819655e+04
1.257663664538352896e+04
1.254532030895712342e+04
1.253383918396690024e+04
1.258614570369926878e+04
1.253343193641428479e+04
1.243018457900188150e+04
1.244217715758754639e+04
1.244675929763136628e+04
1.240550406659840701e+04
1.239458318116827286e+04
1.247886646719230339e+04
1.250869887787117295e+04
1.251139034430397987e+04
1.256065495536911294e+04
1.258195467393567742e+04
1.261001991368276686e+04
1.248762617093213339e+04
1.255210930058098893e+04
1.253191411510758371e+04
1.249294117281756371e+04
1.258867385024799114e+04
1.265856958061261139e+04
1.273768214929508758e+04
1.275908641571008229e+04
1.274981626625670287e+04
1.265163742212921716e+04
1.264526147581631631e+04
1.268651039394031250e+04
