8.013835848325140432e+03
8.013835848325140432e+03
8.013835848325140432e+03
8.013835848325140432e+03
8.013835848325140432e+03
8.013835848325140432e+03
8.013835848325140432e+03
8.013835848325140432e+03
8.013835848325140432e+03
8.013835848325140432e+03
8.013835848325140432e+03
8.013835848325140432e+03
8.013835848325140432e+03
8.013835848325140432e+03
8.013835848325140432e+03
8.013835848325140432e+03
8.013835848325140432e+03
8.013835848325140432e+03
8.013835848325140432e+03
8.013835848325140432e+03
8.013835848325140432e+03
8.013835848325140432e+03
8.013835848325140432e+03
8.013835848325140432e+03
7.908165073575558381e+03
7.908165073575558381e+03
7.908165073575558381e+03
7.908165073575558381e+03
7.908165073575558381e+03
7.908165073575558381e+03
7.908165073575558381e+03
7.908165073575558381e+03
7.908165073575558381e+03
7.908165073575558381e+03
7.908165073575558381e+03
7.908165073575558381e+03
7.908165073575558381e+03
7.908165073575558381e+03
7.908165073575558381e+03
7.908165073575558381e+03
7.908165073575558381e+03
7.908165073575558381e+03
7.908165073575558381e+03
7.908165073575558381e+03
7.908165073575558381e+03
7.908165073575558381e+03
7.908165073575558381e+03
7.908165073575558381e+03
7.908165073575558381e+03
7.889636471723621071e+03
7.889636471723621071e+03
7.889636471723621071e+03
7.889636471723621071e+03
7.889636471723621071e+03
7.889636471723621071e+03
7.889636471723621071e+03
7.889636471723621071e+03
7.889636471723621071e+03
7.889636471723621071e+03
7.889636471723621071e+03
7.889636471723621071e+03
7.889636471723621071e+03
7.889636471723621071e+03
7.889636471723621071e+03
7.889636471723621071e+03
7.889636471723621071e+03
7.889636471723621071e+03
7.889636471723621071e+03
7.889636471723621071e+03
7.889636471723621071e+03
7.889636471723621071e+03
7.889636471723621071e+03
7.889636471723621071e+03
7.889636471723621071e+03
8.037877018342776864e+03
8.037877018342776864e+03
8.037877018342776864e+03
8.037877018342776864e+03
8.037877018342776864e+03
8.037877018342776864e+03
8.037877018342776864e+03
8.037877018342776864e+03
8.037877018342776864e+03
8.037877018342776864e+03
8.037877018342776864e+03
8.037877018342776864e+03
8.037877018342776864e+03
8.037877018342776864e+03
8.037877018342776864e+03
8.037877018342776864e+03
8.037877018342776864e+03
8.037877018342776864e+03
8.037877018342776864e+03
8.037877018342776864e+03
8.037877018342776864e+03
8.037877018342776864e+03
8.037877018342776864e+03
8.037877018342776864e+03
8.037877018342776864e+03
7.996268887805716076e+03
7.996268887805716076e+03
7.996268887805716076e+03
7.996268887805716076e+03
7.996268887805716076e+03
7.996268887805716076e+03
7.996268887805716076e+03
7.996268887805716076e+03
7.996268887805716076e+03
7.996268887805716076e+03
7.996268887805716076e+03
7.996268887805716076e+03
7.996268887805716076e+03
7.996268887805716076e+03
7.996268887805716076e+03
7.996268887805716076e+03
7.996268887805716076e+03
7.996268887805716076e+03
7.996268887805716076e+03
7.996268887805716076e+03
7.996268887805716076e+03
7.996268887805716076e+03
7.996268887805716076e+03
7.996268887805716076e+03
7.996268887805716076e+03
7.680464766458708255e+03
7.680464766458708255e+03
7.680464766458708255e+03
7.680464766458708255e+03
7.680464766458708255e+03
7.680464766458708255e+03
7.680464766458708255e+03
7.680464766458708255e+03
7.680464766458708255e+03
7.680464766458708255e+03
7.680464766458708255e+03
7.680464766458708255e+03
7.680464766458708255e+03
7.680464766458708255e+03
7.680464766458708255e+03
7.680464766458708255e+03
7.680464766458708255e+03
7.680464766458708255e+03
7.680464766458708255e+03
7.680464766458708255e+03
7.680464766458708255e+03
7.680464766458708255e+03
7.680464766458708255e+03
7.680464766458708255e+03
7.680464766458708255e+03
7.962006927410834578e+03
7.962006927410834578e+03
7.962006927410834578e+03
7.962006927410834578e+03
7.962006927410834578e+03
7.962006927410834578e+03
7.962006927410834578e+03
7.962006927410834578e+03
7.962006927410834578e+03
7.962006927410834578e+03
7.962006927410834578e+03
7.962006927410834578e+03
7.962006927410834578e+03
7.962006927410834578e+03
7.962006927410834578e+03
7.962006927410834578e+03
7.962006927410834578e+03
7.962006927410834578e+03
7.962006927410834578e+03
7.962006927410834578e+03
7.962006927410834578e+03
7.962006927410834578e+03
7.962006927410834578e+03
7.962006927410834578e+03
7.962006927410834578e+03
7.724226469821071987e+03
7.724226469821071987e+03
7.724226469821071987e+03
7.724226469821071987e+03
7.724226469821071987e+03
7.724226469821071987e+03
7.724226469821071987e+03
7.724226469821071987e+03
7.724226469821071987e+03
7.724226469821071987e+03
7.724226469821071987e+03
7.724226469821071987e+03
7.724226469821071987e+03
7.724226469821071987e+03
7.724226469821071987e+03
7.724226469821071987e+03
7.724226469821071987e+03
7.724226469821071987e+03
7.724226469821071987e+03
7.724226469821071987e+03
7.724226469821071987e+03
7.724226469821071987e+03
7.724226469821071987e+03
7.724226469821071987e+03
7.724226469821071987e+03
6.820246934766100821e+03
6.820246934766100821e+03
6.820246934766100821e+03
6.820246934766100821e+03
6.820246934766100821e+03
6.820246934766100821e+03
6.820246934766100821e+03
6.820246934766100821e+03
6.820246934766100821e+03
6.820246934766100821e+03
6.820246934766100821e+03
6.820246934766100821e+03
6.820246934766100821e+03
6.820246934766100821e+03
6.820246934766100821e+03
6.820246934766100821e+03
6.820246934766100821e+03
6.820246934766100821e+03
6.820246934766100821e+03
6.820246934766100821e+03
6.820246934766100821e+03
6.820246934766100821e+03
6.820246934766100821e+03
6.820246934766100821e+03
6.820246934766100821e+03
8.314223457061982117e+03
8.314223457061982117e+03
8.314223457061982117e+03
8.314223457061982117e+03
8.314223457061982117e+03
8.314223457061982117e+03
8.314223457061982117e+03
8.314223457061982117e+03
8.314223457061982117e+03
8.314223457061982117e+03
8.314223457061982117e+03
8.314223457061982117e+03
8.314223457061982117e+03
8.314223457061982117e+03
8.314223457061982117e+03
8.314223457061982117e+03
8.314223457061982117e+03
8.314223457061982117e+03
8.314223457061982117e+03
8.314223457061982117e+03
8.314223457061982117e+03
8.314223457061982117e+03
8.314223457061982117e+03
8.314223457061982117e+03
8.314223457061982117e+03
7.623353047332730057e+03
7.623353047332730057e+03
7.623353047332730057e+03
7.623353047332730057e+03
7.623353047332730057e+03
7.623353047332730057e+03
7.623353047332730057e+03
7.623353047332730057e+03
7.623353047332730057e+03
7.623353047332730057e+03
7.623353047332730057e+03
7.623353047332730057e+03
7.623353047332730057e+03
7.623353047332730057e+03
7.623353047332730057e+03
7.623353047332730057e+03
7.623353047332730057e+03
7.623353047332730057e+03
7.623353047332730057e+03
7.623353047332730057e+03
7.623353047332730057e+03
7.623353047332730057e+03
7.623353047332730057e+03
7.623353047332730057e+03
7.623353047332730057e+03
6.495251798541752578e+03
6.495251798541752578e+03
6.495251798541752578e+03
6.495251798541752578e+03
6.495251798541752578e+03
6.495251798541752578e+03
6.495251798541752578e+03
6.495251798541752578e+03
6.495251798541752578e+03
6.495251798541752578e+03
6.495251798541752578e+03
6.495251798541752578e+03
6.495251798541752578e+03
6.495251798541752578e+03
6.495251798541752578e+03
6.495251798541752578e+03
6.495251798541752578e+03
6.495251798541752578e+03
6.495251798541752578e+03
6.495251798541752578e+03
6.495251798541752578e+03
6.495251798541752578e+03
6.495251798541752578e+03
6.495251798541752578e+03
6.495251798541752578e+03
6.762891007505293601e+03
6.762891007505293601e+03
6.762891007505293601e+03
6.762891007505293601e+03
6.762891007505293601e+03
6.762891007505293601e+03
6.762891007505293601e+03
6.762891007505293601e+03
6.762891007505293601e+03
6.762891007505293601e+03
6.762891007505293601e+03
6.762891007505293601e+03
6.762891007505293601e+03
6.762891007505293601e+03
6.762891007505293601e+03
6.762891007505293601e+03
6.762891007505293601e+03
6.762891007505293601e+03
6.762891007505293601e+03
6.762891007505293601e+03
6.762891007505293601e+03
6.762891007505293601e+03
6.762891007505293601e+03
6.762891007505293601e+03
6.762891007505293601e+03
7.353196580248794817e+03
7.353196580248794817e+03
7.353196580248794817e+03
7.353196580248794817e+03
7.353196580248794817e+03
7.353196580248794817e+03
7.353196580248794817e+03
7.353196580248794817e+03
7.353196580248794817e+03
7.353196580248794817e+03
7.353196580248794817e+03
7.353196580248794817e+03
7.353196580248794817e+03
7.353196580248794817e+03
7.353196580248794817e+03
7.353196580248794817e+03
7.353196580248794817e+03
7.353196580248794817e+03
7.353196580248794817e+03
7.353196580248794817e+03
7.353196580248794817e+03
7.353196580248794817e+03
7.353196580248794817e+03
7.353196580248794817e+03
7.353196580248794817e+03
6.659817436673230077e+03
6.659817436673230077e+03
6.659817436673230077e+03
6.659817436673230077e+03
6.659817436673230077e+03
6.659817436673230077e+03
6.659817436673230077e+03
6.659817436673230077e+03
6.659817436673230077e+03
6.659817436673230077e+03
6.659817436673230077e+03
6.659817436673230077e+03
6.659817436673230077e+03
6.659817436673230077e+03
6.659817436673230077e+03
6.659817436673230077e+03
6.659817436673230077e+03
6.659817436673230077e+03
6.659817436673230077e+03
6.659817436673230077e+03
6.659817436673230077e+03
6.659817436673230077e+03
6.659817436673230077e+03
6.659817436673230077e+03
6.659817436673230077e+03
6.866442346765184993e+03
6.866442346765184993e+03
6.866442346765184993e+03
6.866442346765184993e+03
6.866442346765184993e+03
6.866442346765184993e+03
6.866442346765184993e+03
6.866442346765184993e+03
6.866442346765184993e+03
6.866442346765184993e+03
6.866442346765184993e+03
6.866442346765184993e+03
6.866442346765184993e+03
6.866442346765184993e+03
6.866442346765184993e+03
6.866442346765184993e+03
6.866442346765184993e+03
6.866442346765184993e+03
6.866442346765184993e+03
6.866442346765184993e+03
6.866442346765184993e+03
6.866442346765184993e+03
6.866442346765184993e+03
6.866442346765184993e+03
6.866442346765184993e+03
6.297590770499835344e+03
6.297590770499835344e+03
6.297590770499835344e+03
6.297590770499835344e+03
6.297590770499835344e+03
6.297590770499835344e+03
6.297590770499835344e+03
6.297590770499835344e+03
6.297590770499835344e+03
6.297590770499835344e+03
6.297590770499835344e+03
6.297590770499835344e+03
6.297590770499835344e+03
6.297590770499835344e+03
6.297590770499835344e+03
6.297590770499835344e+03
6.297590770499835344e+03
6.297590770499835344e+03
6.297590770499835344e+03
6.297590770499835344e+03
6.297590770499835344e+03
6.297590770499835344e+03
6.297590770499835344e+03
6.297590770499835344e+03
6.297590770499835344e+03
6.123732187476261061e+03
6.123732187476261061e+03
6.123732187476261061e+03
6.123732187476261061e+03
6.123732187476261061e+03
6.123732187476261061e+03
6.123732187476261061e+03
6.123732187476261061e+03
6.123732187476261061e+03
6.123732187476261061e+03
6.123732187476261061e+03
6.123732187476261061e+03
6.123732187476261061e+03
6.123732187476261061e+03
6.123732187476261061e+03
6.123732187476261061e+03
6.123732187476261061e+03
6.123732187476261061e+03
6.123732187476261061e+03
6.123732187476261061e+03
6.123732187476261061e+03
6.123732187476261061e+03
6.123732187476261061e+03
6.123732187476261061e+03
6.123732187476261061e+03
6.302086306510556824e+03
6.302086306510556824e+03
6.302086306510556824e+03
6.302086306510556824e+03
6.302086306510556824e+03
6.302086306510556824e+03
6.302086306510556824e+03
6.302086306510556824e+03
6.302086306510556824e+03
6.302086306510556824e+03
6.302086306510556824e+03
6.302086306510556824e+03
6.302086306510556824e+03
6.302086306510556824e+03
6.302086306510556824e+03
6.302086306510556824e+03
6.302086306510556824e+03
6.302086306510556824e+03
6.302086306510556824e+03
6.302086306510556824e+03
6.302086306510556824e+03
6.302086306510556824e+03
6.302086306510556824e+03
6.302086306510556824e+03
6.302086306510556824e+03
4.579148057285395225e+03
4.579148057285395225e+03
4.579148057285395225e+03
4.579148057285395225e+03
4.579148057285395225e+03
4.579148057285395225e+03
4.579148057285395225e+03
4.579148057285395225e+03
4.579148057285395225e+03
4.579148057285395225e+03
4.579148057285395225e+03
4.579148057285395225e+03
4.579148057285395225e+03
4.579148057285395225e+03
4.579148057285395225e+03
4.579148057285395225e+03
4.579148057285395225e+03
4.579148057285395225e+03
4.579148057285395225e+03
4.579148057285395225e+03
4.579148057285395225e+03
4.579148057285395225e+03
4.579148057285395225e+03
4.579148057285395225e+03
4.579148057285395225e+03
5.984333785714209625e+03
5.984333785714209625e+03
5.984333785714209625e+03
5.984333785714209625e+03
5.984333785714209625e+03
5.984333785714209625e+03
5.984333785714209625e+03
5.984333785714209625e+03
5.984333785714209625e+03
5.984333785714209625e+03
5.984333785714209625e+03
5.984333785714209625e+03
5.984333785714209625e+03
5.984333785714209625e+03
5.984333785714209625e+03
5.984333785714209625e+03
5.984333785714209625e+03
5.984333785714209625e+03
5.984333785714209625e+03
5.984333785714209625e+03
5.984333785714209625e+03
5.984333785714209625e+03
5.984333785714209625e+03
5.984333785714209625e+03
5.984333785714209625e+03
5.277221238107583304e+03
5.277221238107583304e+03
5.277221238107583304e+03
5.277221238107583304e+03
5.277221238107583304e+03
5.277221238107583304e+03
5.277221238107583304e+03
5.277221238107583304e+03
5.277221238107583304e+03
5.277221238107583304e+03
5.277221238107583304e+03
5.277221238107583304e+03
5.277221238107583304e+03
5.277221238107583304e+03
5.277221238107583304e+03
5.277221238107583304e+03
5.277221238107583304e+03
5.277221238107583304e+03
5.277221238107583304e+03
5.277221238107583304e+03
5.277221238107583304e+03
5.277221238107583304e+03
5.277221238107583304e+03
5.277221238107583304e+03
5.277221238107583304e+03
5.587385411889599709e+03
5.587385411889599709e+03
5.587385411889599709e+03
5.587385411889599709e+03
5.587385411889599709e+03
5.587385411889599709e+03
5.587385411889599709e+03
5.587385411889599709e+03
5.587385411889599709e+03
5.587385411889599709e+03
5.587385411889599709e+03
5.587385411889599709e+03
5.587385411889599709e+03
5.587385411889599709e+03
5.587385411889599709e+03
5.587385411889599709e+03
5.587385411889599709e+03
5.587385411889599709e+03
5.587385411889599709e+03
5.587385411889599709e+03
5.587385411889599709e+03
5.587385411889599709e+03
5.587385411889599709e+03
5.587385411889599709e+03
5.587385411889599709e+03
4.705009536012505123e+03
4.705009536012505123e+03
4.705009536012505123e+03
4.705009536012505123e+03
4.705009536012505123e+03
4.705009536012505123e+03
4.705009536012505123e+03
4.705009536012505123e+03
4.705009536012505123e+03
4.705009536012505123e+03
4.705009536012505123e+03
4.705009536012505123e+03
4.705009536012505123e+03
4.705009536012505123e+03
4.705009536012505123e+03
4.705009536012505123e+03
4.705009536012505123e+03
4.705009536012505123e+03
4.705009536012505123e+03
4.705009536012505123e+03
4.705009536012505123e+03
4.705009536012505123e+03
4.705009536012505123e+03
4.705009536012505123e+03
4.705009536012505123e+03
4.806655619069125351e+03
4.806655619069125351e+03
4.806655619069125351e+03
4.806655619069125351e+03
4.806655619069125351e+03
4.806655619069125351e+03
4.806655619069125351e+03
4.806655619069125351e+03
4.806655619069125351e+03
4.806655619069125351e+03
4.806655619069125351e+03
4.806655619069125351e+03
4.806655619069125351e+03
4.806655619069125351e+03
4.806655619069125351e+03
4.806655619069125351e+03
4.806655619069125351e+03
4.806655619069125351e+03
4.806655619069125351e+03
4.806655619069125351e+03
4.806655619069125351e+03
4.806655619069125351e+03
4.806655619069125351e+03
4.806655619069125351e+03
4.806655619069125351e+03
5.001837038214028325e+03
5.001837038214028325e+03
5.001837038214028325e+03
5.001837038214028325e+03
5.001837038214028325e+03
5.001837038214028325e+03
5.001837038214028325e+03
5.001837038214028325e+03
5.001837038214028325e+03
5.001837038214028325e+03
5.001837038214028325e+03
5.001837038214028325e+03
5.001837038214028325e+03
5.001837038214028325e+03
5.001837038214028325e+03
5.001837038214028325e+03
5.001837038214028325e+03
5.001837038214028325e+03
5.001837038214028325e+03
5.001837038214028325e+03
5.001837038214028325e+03
5.001837038214028325e+03
5.001837038214028325e+03
5.001837038214028325e+03
5.001837038214028325e+03
4.962739507018496624e+03
4.962739507018496624e+03
4.962739507018496624e+03
4.962739507018496624e+03
4.962739507018496624e+03
4.962739507018496624e+03
4.962739507018496624e+03
4.962739507018496624e+03
4.962739507018496624e+03
4.962739507018496624e+03
4.962739507018496624e+03
4.962739507018496624e+03
4.962739507018496624e+03
4.962739507018496624e+03
4.962739507018496624e+03
4.962739507018496624e+03
4.962739507018496624e+03
4.962739507018496624e+03
4.962739507018496624e+03
4.962739507018496624e+03
4.962739507018496624e+03
4.962739507018496624e+03
4.962739507018496624e+03
4.962739507018496624e+03
4.962739507018496624e+03
4.572826644053187010e+03
4.572826644053187010e+03
4.572826644053187010e+03
4.572826644053187010e+03
4.572826644053187010e+03
4.572826644053187010e+03
4.572826644053187010e+03
4.572826644053187010e+03
4.572826644053187010e+03
4.572826644053187010e+03
4.572826644053187010e+03
4.572826644053187010e+03
4.572826644053187010e+03
4.572826644053187010e+03
4.572826644053187010e+03
4.572826644053187010e+03
4.572826644053187010e+03
4.572826644053187010e+03
4.572826644053187010e+03
4.572826644053187010e+03
4.572826644053187010e+03
4.572826644053187010e+03
4.572826644053187010e+03
4.572826644053187010e+03
4.572826644053187010e+03
4.308765015980803582e+03
4.308765015980803582e+03
4.308765015980803582e+03
4.308765015980803582e+03
4.308765015980803582e+03
4.308765015980803582e+03
4.308765015980803582e+03
4.308765015980803582e+03
4.308765015980803582e+03
4.308765015980803582e+03
4.308765015980803582e+03
4.308765015980803582e+03
4.308765015980803582e+03
4.308765015980803582e+03
4.308765015980803582e+03
4.308765015980803582e+03
4.308765015980803582e+03
4.308765015980803582e+03
4.308765015980803582e+03
4.308765015980803582e+03
4.308765015980803582e+03
4.308765015980803582e+03
4.308765015980803582e+03
4.308765015980803582e+03
4.308765015980803582e+03
4.451844314495298022e+03
4.451844314495298022e+03
4.451844314495298022e+03
4.451844314495298022e+03
4.451844314495298022e+03
4.451844314495298022e+03
4.451844314495298022e+03
4.451844314495298022e+03
4.451844314495298022e+03
4.451844314495298022e+03
4.451844314495298022e+03
4.451844314495298022e+03
4.451844314495298022e+03
4.451844314495298022e+03
4.451844314495298022e+03
4.451844314495298022e+03
4.451844314495298022e+03
4.451844314495298022e+03
4.451844314495298022e+03
4.451844314495298022e+03
4.451844314495298022e+03
4.451844314495298022e+03
4.451844314495298022e+03
4.451844314495298022e+03
4.451844314495298022e+03
4.280071156672594952e+03
4.280071156672594952e+03
4.280071156672594952e+03
4.280071156672594952e+03
4.280071156672594952e+03
4.280071156672594952e+03
4.280071156672594952e+03
4.280071156672594952e+03
4.280071156672594952e+03
4.280071156672594952e+03
4.280071156672594952e+03
4.280071156672594952e+03
4.280071156672594952e+03
4.280071156672594952e+03
4.280071156672594952e+03
4.280071156672594952e+03
4.280071156672594952e+03
4.280071156672594952e+03
4.280071156672594952e+03
4.280071156672594952e+03
4.280071156672594952e+03
4.280071156672594952e+03
4.280071156672594952e+03
4.280071156672594952e+03
4.280071156672594952e+03
3.612808814684784011e+03
3.612808814684784011e+03
3.612808814684784011e+03
3.612808814684784011e+03
3.612808814684784011e+03
3.612808814684784011e+03
3.612808814684784011e+03
3.612808814684784011e+03
3.612808814684784011e+03
3.612808814684784011e+03
3.612808814684784011e+03
3.612808814684784011e+03
3.612808814684784011e+03
3.612808814684784011e+03
3.612808814684784011e+03
3.612808814684784011e+03
3.612808814684784011e+03
3.612808814684784011e+03
3.612808814684784011e+03
3.612808814684784011e+03
3.612808814684784011e+03
3.612808814684784011e+03
3.612808814684784011e+03
3.612808814684784011e+03
3.612808814684784011e+03
3.694056056837065171e+03
3.694056056837065171e+03
3.694056056837065171e+03
3.694056056837065171e+03
3.694056056837065171e+03
3.694056056837065171e+03
3.694056056837065171e+03
3.694056056837065171e+03
3.694056056837065171e+03
3.694056056837065171e+03
3.694056056837065171e+03
3.694056056837065171e+03
3.694056056837065171e+03
3.694056056837065171e+03
3.694056056837065171e+03
3.694056056837065171e+03
3.694056056837065171e+03
3.694056056837065171e+03
3.694056056837065171e+03
3.694056056837065171e+03
3.694056056837065171e+03
3.694056056837065171e+03
3.694056056837065171e+03
3.694056056837065171e+03
3.694056056837065171e+03
3.502927286473084678e+03
3.502927286473084678e+03
3.502927286473084678e+03
3.502927286473084678e+03
3.502927286473084678e+03
3.502927286473084678e+03
3.502927286473084678e+03
3.502927286473084678e+03
3.502927286473084678e+03
3.502927286473084678e+03
3.502927286473084678e+03
3.502927286473084678e+03
3.502927286473084678e+03
3.502927286473084678e+03
3.502927286473084678e+03
3.502927286473084678e+03
3.502927286473084678e+03
3.502927286473084678e+03
3.502927286473084678e+03
3.502927286473084678e+03
3.502927286473084678e+03
3.502927286473084678e+03
3.502927286473084678e+03
3.502927286473084678e+03
3.502927286473084678e+03
3.343463803979701879e+03
3.343463803979701879e+03
3.343463803979701879e+03
3.343463803979701879e+03
3.343463803979701879e+03
3.343463803979701879e+03
3.343463803979701879e+03
3.343463803979701879e+03
3.343463803979701879e+03
3.343463803979701879e+03
3.343463803979701879e+03
3.343463803979701879e+03
3.343463803979701879e+03
3.343463803979701879e+03
3.343463803979701879e+03
3.343463803979701879e+03
3.343463803979701879e+03
3.343463803979701879e+03
3.343463803979701879e+03
3.343463803979701879e+03
3.343463803979701879e+03
3.343463803979701879e+03
3.343463803979701879e+03
3.343463803979701879e+03
3.343463803979701879e+03
3.431852857709439832e+03
3.431852857709439832e+03
3.431852857709439832e+03
3.431852857709439832e+03
3.431852857709439832e+03
3.431852857709439832e+03
3.431852857709439832e+03
3.431852857709439832e+03
3.431852857709439832e+03
3.431852857709439832e+03
3.431852857709439832e+03
3.431852857709439832e+03
3.431852857709439832e+03
3.431852857709439832e+03
3.431852857709439832e+03
3.431852857709439832e+03
3.431852857709439832e+03
3.431852857709439832e+03
3.431852857709439832e+03
3.431852857709439832e+03
3.431852857709439832e+03
3.431852857709439832e+03
3.431852857709439832e+03
3.431852857709439832e+03
3.431852857709439832e+03
3.035054180280945729e+03
3.035054180280945729e+03
3.035054180280945729e+03
3.035054180280945729e+03
3.035054180280945729e+03
3.035054180280945729e+03
3.035054180280945729e+03
3.035054180280945729e+03
3.035054180280945729e+03
3.035054180280945729e+03
3.035054180280945729e+03
3.035054180280945729e+03
3.035054180280945729e+03
3.035054180280945729e+03
3.035054180280945729e+03
3.035054180280945729e+03
3.035054180280945729e+03
3.035054180280945729e+03
3.035054180280945729e+03
3.035054180280945729e+03
3.035054180280945729e+03
3.035054180280945729e+03
3.035054180280945729e+03
3.035054180280945729e+03
3.035054180280945729e+03
3.080095844309706081e+03
3.080095844309706081e+03
3.080095844309706081e+03
3.080095844309706081e+03
3.080095844309706081e+03
3.080095844309706081e+03
3.080095844309706081e+03
3.080095844309706081e+03
3.080095844309706081e+03
3.080095844309706081e+03
3.080095844309706081e+03
3.080095844309706081e+03
3.080095844309706081e+03
3.080095844309706081e+03
3.080095844309706081e+03
3.080095844309706081e+03
3.080095844309706081e+03
3.080095844309706081e+03
3.080095844309706081e+03
3.080095844309706081e+03
3.080095844309706081e+03
3.080095844309706081e+03
3.080095844309706081e+03
3.080095844309706081e+03
3.080095844309706081e+03
2.722725049702120032e+03
2.722725049702120032e+03
2.722725049702120032e+03
2.722725049702120032e+03
2.722725049702120032e+03
2.722725049702120032e+03
2.722725049702120032e+03
2.722725049702120032e+03
2.722725049702120032e+03
2.722725049702120032e+03
2.722725049702120032e+03
2.722725049702120032e+03
2.722725049702120032e+03
2.722725049702120032e+03
2.722725049702120032e+03
2.722725049702120032e+03
2.722725049702120032e+03
2.722725049702120032e+03
2.722725049702120032e+03
2.722725049702120032e+03
2.722725049702120032e+03
2.722725049702120032e+03
2.722725049702120032e+03
2.722725049702120032e+03
2.722725049702120032e+03
2.642498269819664529e+03
2.642498269819664529e+03
2.642498269819664529e+03
2.642498269819664529e+03
2.642498269819664529e+03
2.642498269819664529e+03
2.642498269819664529e+03
2.642498269819664529e+03
2.642498269819664529e+03
2.642498269819664529e+03
2.642498269819664529e+03
2.642498269819664529e+03
2.642498269819664529e+03
2.642498269819664529e+03
2.642498269819664529e+03
2.642498269819664529e+03
2.642498269819664529e+03
2.642498269819664529e+03
2.642498269819664529e+03
2.642498269819664529e+03
2.642498269819664529e+03
2.642498269819664529e+03
2.642498269819664529e+03
2.642498269819664529e+03
2.642498269819664529e+03
2.335994071757145321e+03
2.335994071757145321e+03
2.335994071757145321e+03
2.335994071757145321e+03
2.335994071757145321e+03
2.335994071757145321e+03
2.335994071757145321e+03
2.335994071757145321e+03
2.335994071757145321e+03
2.335994071757145321e+03
2.335994071757145321e+03
2.335994071757145321e+03
2.335994071757145321e+03
2.335994071757145321e+03
2.335994071757145321e+03
2.335994071757145321e+03
2.335994071757145321e+03
2.335994071757145321e+03
2.335994071757145321e+03
2.335994071757145321e+03
2.335994071757145321e+03
2.335994071757145321e+03
2.335994071757145321e+03
2.335994071757145321e+03
2.335994071757145321e+03
2.255632686354022098e+03
2.255632686354022098e+03
2.255632686354022098e+03
2.255632686354022098e+03
2.255632686354022098e+03
2.255632686354022098e+03
2.255632686354022098e+03
2.255632686354022098e+03
2.255632686354022098e+03
2.255632686354022098e+03
2.255632686354022098e+03
2.255632686354022098e+03
2.255632686354022098e+03
2.255632686354022098e+03
2.255632686354022098e+03
2.255632686354022098e+03
2.255632686354022098e+03
2.255632686354022098e+03
2.255632686354022098e+03
2.255632686354022098e+03
2.255632686354022098e+03
2.255632686354022098e+03
2.255632686354022098e+03
2.255632686354022098e+03
2.255632686354022098e+03
2.230036302760825492e+03
2.230036302760825492e+03
2.230036302760825492e+03
2.230036302760825492e+03
2.230036302760825492e+03
2.230036302760825492e+03
2.230036302760825492e+03
2.230036302760825492e+03
2.230036302760825492e+03
2.230036302760825492e+03
2.230036302760825492e+03
2.230036302760825492e+03
2.230036302760825492e+03
2.230036302760825492e+03
2.230036302760825492e+03
2.230036302760825492e+03
2.230036302760825492e+03
2.230036302760825492e+03
2.230036302760825492e+03
2.230036302760825492e+03
2.230036302760825492e+03
2.230036302760825492e+03
2.230036302760825492e+03
2.230036302760825492e+03
2.230036302760825492e+03
1.789118656948197440e+03
1.789118656948197440e+03
1.789118656948197440e+03
1.789118656948197440e+03
1.789118656948197440e+03
1.789118656948197440e+03
1.789118656948197440e+03
1.789118656948197440e+03
1.789118656948197440e+03
1.789118656948197440e+03
1.789118656948197440e+03
1.789118656948197440e+03
1.789118656948197440e+03
1.789118656948197440e+03
1.789118656948197440e+03
1.789118656948197440e+03
1.789118656948197440e+03
1.789118656948197440e+03
1.789118656948197440e+03
1.789118656948197440e+03
1.789118656948197440e+03
1.789118656948197440e+03
1.789118656948197440e+03
1.789118656948197440e+03
1.789118656948197440e+03
1.878718297989040821e+03
1.878718297989040821e+03
1.878718297989040821e+03
1.878718297989040821e+03
1.878718297989040821e+03
1.878718297989040821e+03
1.878718297989040821e+03
1.878718297989040821e+03
1.878718297989040821e+03
1.878718297989040821e+03
1.878718297989040821e+03
1.878718297989040821e+03
1.878718297989040821e+03
1.878718297989040821e+03
1.878718297989040821e+03
1.878718297989040821e+03
1.878718297989040821e+03
1.878718297989040821e+03
1.878718297989040821e+03
1.878718297989040821e+03
1.878718297989040821e+03
1.878718297989040821e+03
1.878718297989040821e+03
1.878718297989040821e+03
1.878718297989040821e+03
1.575835635767030453e+03
1.575835635767030453e+03
1.575835635767030453e+03
1.575835635767030453e+03
1.575835635767030453e+03
1.575835635767030453e+03
1.575835635767030453e+03
1.575835635767030453e+03
1.575835635767030453e+03
1.575835635767030453e+03
1.575835635767030453e+03
1.575835635767030453e+03
1.575835635767030453e+03
1.575835635767030453e+03
1.575835635767030453e+03
1.575835635767030453e+03
1.575835635767030453e+03
1.575835635767030453e+03
1.575835635767030453e+03
1.575835635767030453e+03
1.575835635767030453e+03
1.575835635767030453e+03
1.575835635767030453e+03
1.575835635767030453e+03
1.575835635767030453e+03
1.474815891014079625e+03
1.474815891014079625e+03
1.474815891014079625e+03
1.474815891014079625e+03
1.474815891014079625e+03
1.474815891014079625e+03
1.474815891014079625e+03
1.474815891014079625e+03
1.474815891014079625e+03
1.474815891014079625e+03
1.474815891014079625e+03
1.474815891014079625e+03
1.474815891014079625e+03
1.474815891014079625e+03
1.474815891014079625e+03
1.474815891014079625e+03
1.474815891014079625e+03
1.474815891014079625e+03
1.474815891014079625e+03
1.474815891014079625e+03
1.474815891014079625e+03
1.474815891014079625e+03
1.474815891014079625e+03
1.474815891014079625e+03
1.474815891014079625e+03
1.253674135170805130e+03
1.253674135170805130e+03
1.253674135170805130e+03
1.253674135170805130e+03
1.253674135170805130e+03
1.253674135170805130e+03
1.253674135170805130e+03
1.253674135170805130e+03
1.253674135170805130e+03
1.253674135170805130e+03
1.253674135170805130e+03
1.253674135170805130e+03
1.253674135170805130e+03
1.253674135170805130e+03
1.253674135170805130e+03
1.253674135170805130e+03
1.253674135170805130e+03
1.253674135170805130e+03
1.253674135170805130e+03
1.253674135170805130e+03
1.253674135170805130e+03
1.253674135170805130e+03
1.253674135170805130e+03
1.253674135170805130e+03
1.253674135170805130e+03
1.146448778900173238e+03
1.146448778900173238e+03
1.146448778900173238e+03
1.146448778900173238e+03
1.146448778900173238e+03
1.146448778900173238e+03
1.146448778900173238e+03
1.146448778900173238e+03
1.146448778900173238e+03
1.146448778900173238e+03
1.146448778900173238e+03
1.146448778900173238e+03
1.146448778900173238e+03
1.146448778900173238e+03
1.146448778900173238e+03
1.146448778900173238e+03
1.146448778900173238e+03
1.146448778900173238e+03
1.146448778900173238e+03
1.146448778900173238e+03
1.146448778900173238e+03
1.146448778900173238e+03
1.146448778900173238e+03
1.146448778900173238e+03
1.146448778900173238e+03
9.078603473008071205e+02
9.078603473008071205e+02
9.078603473008071205e+02
9.078603473008071205e+02
9.078603473008071205e+02
9.078603473008071205e+02
9.078603473008071205e+02
9.078603473008071205e+02
9.078603473008071205e+02
9.078603473008071205e+02
9.078603473008071205e+02
9.078603473008071205e+02
9.078603473008071205e+02
9.078603473008071205e+02
9.078603473008071205e+02
9.078603473008071205e+02
9.078603473008071205e+02
9.078603473008071205e+02
9.078603473008071205e+02
9.078603473008071205e+02
9.078603473008071205e+02
9.078603473008071205e+02
9.078603473008071205e+02
9.078603473008071205e+02
9.078603473008071205e+02
8.402366364004229808e+02
8.402366364004229808e+02
8.402366364004229808e+02
8.402366364004229808e+02
8.402366364004229808e+02
8.402366364004229808e+02
8.402366364004229808e+02
8.402366364004229808e+02
8.402366364004229808e+02
8.402366364004229808e+02
8.402366364004229808e+02
8.402366364004229808e+02
8.402366364004229808e+02
8.402366364004229808e+02
8.402366364004229808e+02
8.402366364004229808e+02
8.402366364004229808e+02
8.402366364004229808e+02
8.402366364004229808e+02
8.402366364004229808e+02
8.402366364004229808e+02
8.402366364004229808e+02
8.402366364004229808e+02
8.402366364004229808e+02
8.402366364004229808e+02
6.049190793388346492e+02
6.049190793388346492e+02
6.049190793388346492e+02
6.049190793388346492e+02
6.049190793388346492e+02
6.049190793388346492e+02
6.049190793388346492e+02
6.049190793388346492e+02
6.049190793388346492e+02
6.049190793388346492e+02
6.049190793388346492e+02
6.049190793388346492e+02
6.049190793388346492e+02
6.049190793388346492e+02
6.049190793388346492e+02
6.049190793388346492e+02
6.049190793388346492e+02
6.049190793388346492e+02
6.049190793388346492e+02
6.049190793388346492e+02
6.049190793388346492e+02
6.049190793388346492e+02
6.049190793388346492e+02
6.049190793388346492e+02
6.049190793388346492e+02
5.460085868254275283e+02
5.460085868254275283e+02
5.460085868254275283e+02
5.460085868254275283e+02
5.460085868254275283e+02
5.460085868254275283e+02
5.460085868254275283e+02
5.460085868254275283e+02
5.460085868254275283e+02
5.460085868254275283e+02
5.460085868254275283e+02
5.460085868254275283e+02
5.460085868254275283e+02
5.460085868254275283e+02
5.460085868254275283e+02
5.460085868254275283e+02
5.460085868254275283e+02
5.460085868254275283e+02
5.460085868254275283e+02
5.460085868254275283e+02
5.460085868254275283e+02
5.460085868254275283e+02
5.460085868254275283e+02
5.460085868254275283e+02
5.460085868254275283e+02
2.929967695398147498e+02
2.929967695398147498e+02
2.929967695398147498e+02
2.929967695398147498e+02
2.929967695398147498e+02
2.929967695398147498e+02
2.929967695398147498e+02
2.929967695398147498e+02
2.929967695398147498e+02
2.929967695398147498e+02
2.929967695398147498e+02
2.929967695398147498e+02
2.929967695398147498e+02
2.929967695398147498e+02
2.929967695398147498e+02
2.929967695398147498e+02
2.929967695398147498e+02
2.929967695398147498e+02
2.929967695398147498e+02
2.929967695398147498e+02
2.929967695398147498e+02
2.929967695398147498e+02
2.929967695398147498e+02
2.929967695398147498e+02
2.929967695398147498e+02
2.462141033386060371e+02
2.462141033386060371e+02
2.462141033386060371e+02
2.462141033386060371e+02
2.462141033386060371e+02
2.462141033386060371e+02
2.462141033386060371e+02
2.462141033386060371e+02
2.462141033386060371e+02
2.462141033386060371e+02
2.462141033386060371e+02
2.462141033386060371e+02
2.462141033386060371e+02
2.462141033386060371e+02
2.462141033386060371e+02
2.462141033386060371e+02
2.462141033386060371e+02
2.462141033386060371e+02
2.462141033386060371e+02
2.462141033386060371e+02
2.462141033386060371e+02
2.462141033386060371e+02
2.462141033386060371e+02
2.462141033386060371e+02
2.462141033386060371e+02
-5.204099516503623590e+01
-5.204099516503623590e+01
-5.204099516503623590e+01
-5.204099516503623590e+01
-5.204099516503623590e+01
-5.204099516503623590e+01
-5.204099516503623590e+01
-5.204099516503623590e+01
-5.204099516503623590e+01
-5.204099516503623590e+01
-5.204099516503623590e+01
-5.204099516503623590e+01
-5.204099516503623590e+01
-5.204099516503623590e+01
-5.204099516503623590e+01
-5.204099516503623590e+01
-5.204099516503623590e+01
-5.204099516503623590e+01
-5.204099516503623590e+01
-5.204099516503623590e+01
-5.204099516503623590e+01
-5.204099516503623590e+01
-5.204099516503623590e+01
-5.204099516503623590e+01
-5.204099516503623590e+01
-2.071184115415188103e+02
-2.071184115415188103e+02
-2.071184115415188103e+02
-2.071184115415188103e+02
-2.071184115415188103e+02
-2.071184115415188103e+02
-2.071184115415188103e+02
-2.071184115415188103e+02
-2.071184115415188103e+02
-2.071184115415188103e+02
-2.071184115415188103e+02
-2.071184115415188103e+02
-2.071184115415188103e+02
-2.071184115415188103e+02
-2.071184115415188103e+02
-2.071184115415188103e+02
-2.071184115415188103e+02
-2.071184115415188103e+02
-2.071184115415188103e+02
-2.071184115415188103e+02
-2.071184115415188103e+02
-2.071184115415188103e+02
-2.071184115415188103e+02
-2.071184115415188103e+02
-2.071184115415188103e+02
-4.412759288919979213e+02
-4.412759288919979213e+02
-4.412759288919979213e+02
-4.412759288919979213e+02
-4.412759288919979213e+02
-4.412759288919979213e+02
-4.412759288919979213e+02
-4.412759288919979213e+02
-4.412759288919979213e+02
-4.412759288919979213e+02
-4.412759288919979213e+02
-4.412759288919979213e+02
-4.412759288919979213e+02
-4.412759288919979213e+02
-4.412759288919979213e+02
-4.412759288919979213e+02
-4.412759288919979213e+02
-4.412759288919979213e+02
-4.412759288919979213e+02
-4.412759288919979213e+02
-4.412759288919979213e+02
-4.412759288919979213e+02
-4.412759288919979213e+02
-4.412759288919979213e+02
-4.412759288919979213e+02
-5.686180973931034259e+02
-5.686180973931034259e+02
-5.686180973931034259e+02
-5.686180973931034259e+02
-5.686180973931034259e+02
-5.686180973931034259e+02
-5.686180973931034259e+02
-5.686180973931034259e+02
-5.686180973931034259e+02
-5.686180973931034259e+02
-5.686180973931034259e+02
-5.686180973931034259e+02
-5.686180973931034259e+02
-5.686180973931034259e+02
-5.686180973931034259e+02
-5.686180973931034259e+02
-5.686180973931034259e+02
-5.686180973931034259e+02
-5.686180973931034259e+02
-5.686180973931034259e+02
-5.686180973931034259e+02
-5.686180973931034259e+02
-5.686180973931034259e+02
-5.686180973931034259e+02
-5.686180973931034259e+02
-7.785320906454020360e+02
-7.785320906454020360e+02
-7.785320906454020360e+02
-7.785320906454020360e+02
-7.785320906454020360e+02
-7.785320906454020360e+02
-7.785320906454020360e+02
-7.785320906454020360e+02
-7.785320906454020360e+02
-7.785320906454020360e+02
-7.785320906454020360e+02
-7.785320906454020360e+02
-7.785320906454020360e+02
-7.785320906454020360e+02
-7.785320906454020360e+02
-7.785320906454020360e+02
-7.785320906454020360e+02
-7.785320906454020360e+02
-7.785320906454020360e+02
-7.785320906454020360e+02
-7.785320906454020360e+02
-7.785320906454020360e+02
-7.785320906454020360e+02
-7.785320906454020360e+02
-7.785320906454020360e+02
-9.169372670163127168e+02
-9.169372670163127168e+02
-9.169372670163127168e+02
-9.169372670163127168e+02
-9.169372670163127168e+02
-9.169372670163127168e+02
-9.169372670163127168e+02
-9.169372670163127168e+02
-9.169372670163127168e+02
-9.169372670163127168e+02
-9.169372670163127168e+02
-9.169372670163127168e+02
-9.169372670163127168e+02
-9.169372670163127168e+02
-9.169372670163127168e+02
-9.169372670163127168e+02
-9.169372670163127168e+02
-9.169372670163127168e+02
-9.169372670163127168e+02
-9.169372670163127168e+02
-9.169372670163127168e+02
-9.169372670163127168e+02
-9.169372670163127168e+02
-9.169372670163127168e+02
-9.169372670163127168e+02
-1.123634069559514955e+03
-1.123634069559514955e+03
-1.123634069559514955e+03
-1.123634069559514955e+03
-1.123634069559514955e+03
-1.123634069559514955e+03
-1.123634069559514955e+03
-1.123634069559514955e+03
-1.123634069559514955e+03
-1.123634069559514955e+03
-1.123634069559514955e+03
-1.123634069559514955e+03
-1.123634069559514955e+03
-1.123634069559514955e+03
-1.123634069559514955e+03
-1.123634069559514955e+03
-1.123634069559514955e+03
-1.123634069559514955e+03
-1.123634069559514955e+03
-1.123634069559514955e+03
-1.123634069559514955e+03
-1.123634069559514955e+03
-1.123634069559514955e+03
-1.123634069559514955e+03
-1.123634069559514955e+03
-1.273030395030484669e+03
-1.273030395030484669e+03
-1.273030395030484669e+03
-1.273030395030484669e+03
-1.273030395030484669e+03
-1.273030395030484669e+03
-1.273030395030484669e+03
-1.273030395030484669e+03
-1.273030395030484669e+03
-1.273030395030484669e+03
-1.273030395030484669e+03
-1.273030395030484669e+03
-1.273030395030484669e+03
-1.273030395030484669e+03
-1.273030395030484669e+03
-1.273030395030484669e+03
-1.273030395030484669e+03
-1.273030395030484669e+03
-1.273030395030484669e+03
-1.273030395030484669e+03
-1.273030395030484669e+03
-1.273030395030484669e+03
-1.273030395030484669e+03
-1.273030395030484669e+03
-1.273030395030484669e+03
-1.229192890554111727e+03
-1.229192890554111727e+03
-1.229192890554111727e+03
-1.229192890554111727e+03
-1.229192890554111727e+03
-1.229192890554111727e+03
-1.229192890554111727e+03
-1.229192890554111727e+03
-1.229192890554111727e+03
-1.229192890554111727e+03
-1.229192890554111727e+03
-1.229192890554111727e+03
-1.229192890554111727e+03
-1.229192890554111727e+03
-1.229192890554111727e+03
-1.229192890554111727e+03
-1.229192890554111727e+03
-1.229192890554111727e+03
-1.229192890554111727e+03
-1.229192890554111727e+03
-1.229192890554111727e+03
-1.229192890554111727e+03
-1.229192890554111727e+03
-1.229192890554111727e+03
-1.229192890554111727e+03
-1.101859936616109735e+03
-1.101859936616109735e+03
-1.101859936616109735e+03
-1.101859936616109735e+03
-1.101859936616109735e+03
-1.101859936616109735e+03
-1.101859936616109735e+03
-1.101859936616109735e+03
-1.101859936616109735e+03
-1.101859936616109735e+03
-1.101859936616109735e+03
-1.101859936616109735e+03
-1.101859936616109735e+03
-1.101859936616109735e+03
-1.101859936616109735e+03
-1.101859936616109735e+03
-1.101859936616109735e+03
-1.101859936616109735e+03
-1.101859936616109735e+03
-1.101859936616109735e+03
-1.101859936616109735e+03
-1.101859936616109735e+03
-1.101859936616109735e+03
-1.101859936616109735e+03
-1.101859936616109735e+03
-1.782257800742475183e+03
-1.782257800742475183e+03
-1.782257800742475183e+03
-1.782257800742475183e+03
-1.782257800742475183e+03
-1.782257800742475183e+03
-1.782257800742475183e+03
-1.782257800742475183e+03
-1.782257800742475183e+03
-1.782257800742475183e+03
-1.782257800742475183e+03
-1.782257800742475183e+03
-1.782257800742475183e+03
-1.782257800742475183e+03
-1.782257800742475183e+03
-1.782257800742475183e+03
-1.782257800742475183e+03
-1.782257800742475183e+03
-1.782257800742475183e+03
-1.782257800742475183e+03
-1.782257800742475183e+03
-1.782257800742475183e+03
-1.782257800742475183e+03
-1.782257800742475183e+03
-1.782257800742475183e+03
-1.747825461459594408e+03
-1.747825461459594408e+03
-1.747825461459594408e+03
-1.747825461459594408e+03
-1.747825461459594408e+03
-1.747825461459594408e+03
-1.747825461459594408e+03
-1.747825461459594408e+03
-1.747825461459594408e+03
-1.747825461459594408e+03
-1.747825461459594408e+03
-1.747825461459594408e+03
-1.747825461459594408e+03
-1.747825461459594408e+03
-1.747825461459594408e+03
-1.747825461459594408e+03
-1.747825461459594408e+03
-1.747825461459594408e+03
-1.747825461459594408e+03
-1.747825461459594408e+03
-1.747825461459594408e+03
-1.747825461459594408e+03
-1.747825461459594408e+03
-1.747825461459594408e+03
-1.747825461459594408e+03
-1.531182157629126550e+03
-1.531182157629126550e+03
-1.531182157629126550e+03
-1.531182157629126550e+03
-1.531182157629126550e+03
-1.531182157629126550e+03
-1.531182157629126550e+03
-1.531182157629126550e+03
-1.531182157629126550e+03
-1.531182157629126550e+03
-1.531182157629126550e+03
-1.531182157629126550e+03
-1.531182157629126550e+03
-1.531182157629126550e+03
-1.531182157629126550e+03
-1.531182157629126550e+03
-1.531182157629126550e+03
-1.531182157629126550e+03
-1.531182157629126550e+03
-1.531182157629126550e+03
-1.531182157629126550e+03
-1.531182157629126550e+03
-1.531182157629126550e+03
-1.531182157629126550e+03
-1.531182157629126550e+03
-1.894442919959624305e+03
-1.894442919959624305e+03
-1.894442919959624305e+03
-1.894442919959624305e+03
-1.894442919959624305e+03
-1.894442919959624305e+03
-1.894442919959624305e+03
-1.894442919959624305e+03
-1.894442919959624305e+03
-1.894442919959624305e+03
-1.894442919959624305e+03
-1.894442919959624305e+03
-1.894442919959624305e+03
-1.894442919959624305e+03
-1.894442919959624305e+03
-1.894442919959624305e+03
-1.894442919959624305e+03
-1.894442919959624305e+03
-1.894442919959624305e+03
-1.894442919959624305e+03
-1.894442919959624305e+03
-1.894442919959624305e+03
-1.894442919959624305e+03
-1.894442919959624305e+03
-1.894442919959624305e+03
-2.812823815642017962e+03
-2.812823815642017962e+03
-2.812823815642017962e+03
-2.812823815642017962e+03
-2.812823815642017962e+03
-2.812823815642017962e+03
-2.812823815642017962e+03
-2.812823815642017962e+03
-2.812823815642017962e+03
-2.812823815642017962e+03
-2.812823815642017962e+03
-2.812823815642017962e+03
-2.812823815642017962e+03
-2.812823815642017962e+03
-2.812823815642017962e+03
-2.812823815642017962e+03
-2.812823815642017962e+03
-2.812823815642017962e+03
-2.812823815642017962e+03
-2.812823815642017962e+03
-2.812823815642017962e+03
-2.812823815642017962e+03
-2.812823815642017962e+03
-2.812823815642017962e+03
-2.812823815642017962e+03
-2.189370898013885380e+03
-2.189370898013885380e+03
-2.189370898013885380e+03
-2.189370898013885380e+03
-2.189370898013885380e+03
-2.189370898013885380e+03
-2.189370898013885380e+03
-2.189370898013885380e+03
-2.189370898013885380e+03
-2.189370898013885380e+03
-2.189370898013885380e+03
-2.189370898013885380e+03
-2.189370898013885380e+03
-2.189370898013885380e+03
-2.189370898013885380e+03
-2.189370898013885380e+03
-2.189370898013885380e+03
-2.189370898013885380e+03
-2.189370898013885380e+03
-2.189370898013885380e+03
-2.189370898013885380e+03
-2.189370898013885380e+03
-2.189370898013885380e+03
-2.189370898013885380e+03
-2.189370898013885380e+03
-2.792290080583458803e+03
-2.792290080583458803e+03
-2.792290080583458803e+03
-2.792290080583458803e+03
-2.792290080583458803e+03
-2.792290080583458803e+03
-2.792290080583458803e+03
-2.792290080583458803e+03
-2.792290080583458803e+03
-2.792290080583458803e+03
-2.792290080583458803e+03
-2.792290080583458803e+03
-2.792290080583458803e+03
-2.792290080583458803e+03
-2.792290080583458803e+03
-2.792290080583458803e+03
-2.792290080583458803e+03
-2.792290080583458803e+03
-2.792290080583458803e+03
-2.792290080583458803e+03
-2.792290080583458803e+03
-2.792290080583458803e+03
-2.792290080583458803e+03
-2.792290080583458803e+03
-2.792290080583458803e+03
-2.056205812047102881e+03
-2.056205812047102881e+03
-2.056205812047102881e+03
-2.056205812047102881e+03
-2.056205812047102881e+03
-2.056205812047102881e+03
-2.056205812047102881e+03
-2.056205812047102881e+03
-2.056205812047102881e+03
-2.056205812047102881e+03
-2.056205812047102881e+03
-2.056205812047102881e+03
-2.056205812047102881e+03
-2.056205812047102881e+03
-2.056205812047102881e+03
-2.056205812047102881e+03
-2.056205812047102881e+03
-2.056205812047102881e+03
-2.056205812047102881e+03
-2.056205812047102881e+03
-2.056205812047102881e+03
-2.056205812047102881e+03
-2.056205812047102881e+03
-2.056205812047102881e+03
-2.056205812047102881e+03
-3.978502979550340569e+03
-3.978502979550340569e+03
-3.978502979550340569e+03
-3.978502979550340569e+03
-3.978502979550340569e+03
-3.978502979550340569e+03
-3.978502979550340569e+03
-3.978502979550340569e+03
-3.978502979550340569e+03
-3.978502979550340569e+03
-3.978502979550340569e+03
-3.978502979550340569e+03
-3.978502979550340569e+03
-3.978502979550340569e+03
-3.978502979550340569e+03
-3.978502979550340569e+03
-3.978502979550340569e+03
-3.978502979550340569e+03
-3.978502979550340569e+03
-3.978502979550340569e+03
-3.978502979550340569e+03
-3.978502979550340569e+03
-3.978502979550340569e+03
-3.978502979550340569e+03
-3.978502979550340569e+03
-3.382533154949086565e+03
-3.382533154949086565e+03
-3.382533154949086565e+03
-3.382533154949086565e+03
-3.382533154949086565e+03
-3.382533154949086565e+03
-3.382533154949086565e+03
-3.382533154949086565e+03
-3.382533154949086565e+03
-3.382533154949086565e+03
-3.382533154949086565e+03
-3.382533154949086565e+03
-3.382533154949086565e+03
-3.382533154949086565e+03
-3.382533154949086565e+03
-3.382533154949086565e+03
-3.382533154949086565e+03
-3.382533154949086565e+03
-3.382533154949086565e+03
-3.382533154949086565e+03
-3.382533154949086565e+03
-3.382533154949086565e+03
-3.382533154949086565e+03
-3.382533154949086565e+03
-3.382533154949086565e+03
-3.568641041942235006e+03
-3.568641041942235006e+03
-3.568641041942235006e+03
-3.568641041942235006e+03
-3.568641041942235006e+03
-3.568641041942235006e+03
-3.568641041942235006e+03
-3.568641041942235006e+03
-3.568641041942235006e+03
-3.568641041942235006e+03
-3.568641041942235006e+03
-3.568641041942235006e+03
-3.568641041942235006e+03
-3.568641041942235006e+03
-3.568641041942235006e+03
-3.568641041942235006e+03
-3.568641041942235006e+03
-3.568641041942235006e+03
-3.568641041942235006e+03
-3.568641041942235006e+03
-3.568641041942235006e+03
-3.568641041942235006e+03
-3.568641041942235006e+03
-3.568641041942235006e+03
-3.568641041942235006e+03
-3.087083043088003251e+03
-3.087083043088003251e+03
-3.087083043088003251e+03
-3.087083043088003251e+03
-3.087083043088003251e+03
-3.087083043088003251e+03
-3.087083043088003251e+03
-3.087083043088003251e+03
-3.087083043088003251e+03
-3.087083043088003251e+03
-3.087083043088003251e+03
-3.087083043088003251e+03
-3.087083043088003251e+03
-3.087083043088003251e+03
-3.087083043088003251e+03
-3.087083043088003251e+03
-3.087083043088003251e+03
-3.087083043088003251e+03
-3.087083043088003251e+03
-3.087083043088003251e+03
-3.087083043088003251e+03
-3.087083043088003251e+03
-3.087083043088003251e+03
-3.087083043088003251e+03
-3.087083043088003251e+03
-3.735861039601355969e+03
-3.735861039601355969e+03
-3.735861039601355969e+03
-3.735861039601355969e+03
-3.735861039601355969e+03
-3.735861039601355969e+03
-3.735861039601355969e+03
-3.735861039601355969e+03
-3.735861039601355969e+03
-3.735861039601355969e+03
-3.735861039601355969e+03
-3.735861039601355969e+03
-3.735861039601355969e+03
-3.735861039601355969e+03
-3.735861039601355969e+03
-3.735861039601355969e+03
-3.735861039601355969e+03
-3.735861039601355969e+03
-3.735861039601355969e+03
-3.735861039601355969e+03
-3.735861039601355969e+03
-3.735861039601355969e+03
-3.735861039601355969e+03
-3.735861039601355969e+03
-3.735861039601355969e+03
-3.216707158273709865e+03
-3.216707158273709865e+03
-3.216707158273709865e+03
-3.216707158273709865e+03
-3.216707158273709865e+03
-3.216707158273709865e+03
-3.216707158273709865e+03
-3.216707158273709865e+03
-3.216707158273709865e+03
-3.216707158273709865e+03
-3.216707158273709865e+03
-3.216707158273709865e+03
-3.216707158273709865e+03
-3.216707158273709865e+03
-3.216707158273709865e+03
-3.216707158273709865e+03
-3.216707158273709865e+03
-3.216707158273709865e+03
-3.216707158273709865e+03
-3.216707158273709865e+03
-3.216707158273709865e+03
-3.216707158273709865e+03
-3.216707158273709865e+03
-3.216707158273709865e+03
-3.216707158273709865e+03
-3.021660167088897651e+03
-3.021660167088897651e+03
-3.021660167088897651e+03
-3.021660167088897651e+03
-3.021660167088897651e+03
-3.021660167088897651e+03
-3.021660167088897651e+03
-3.021660167088897651e+03
-3.021660167088897651e+03
-3.021660167088897651e+03
-3.021660167088897651e+03
-3.021660167088897651e+03
-3.021660167088897651e+03
-3.021660167088897651e+03
-3.021660167088897651e+03
-3.021660167088897651e+03
-3.021660167088897651e+03
-3.021660167088897651e+03
-3.021660167088897651e+03
-3.021660167088897651e+03
-3.021660167088897651e+03
-3.021660167088897651e+03
-3.021660167088897651e+03
-3.021660167088897651e+03
-3.021660167088897651e+03
-3.887143180472619861e+03
-3.887143180472619861e+03
-3.887143180472619861e+03
-3.887143180472619861e+03
-3.887143180472619861e+03
-3.887143180472619861e+03
-3.887143180472619861e+03
-3.887143180472619861e+03
-3.887143180472619861e+03
-3.887143180472619861e+03
-3.887143180472619861e+03
-3.887143180472619861e+03
-3.887143180472619861e+03
-3.887143180472619861e+03
-3.887143180472619861e+03
-3.887143180472619861e+03
-3.887143180472619861e+03
-3.887143180472619861e+03
-3.887143180472619861e+03
-3.887143180472619861e+03
-3.887143180472619861e+03
-3.887143180472619861e+03
-3.887143180472619861e+03
-3.887143180472619861e+03
-3.887143180472619861e+03
-3.020476787953396524e+03
-3.020476787953396524e+03
-3.020476787953396524e+03
-3.020476787953396524e+03
-3.020476787953396524e+03
-3.020476787953396524e+03
-3.020476787953396524e+03
-3.020476787953396524e+03
-3.020476787953396524e+03
-3.020476787953396524e+03
-3.020476787953396524e+03
-3.020476787953396524e+03
-3.020476787953396524e+03
-3.020476787953396524e+03
-3.020476787953396524e+03
-3.020476787953396524e+03
-3.020476787953396524e+03
-3.020476787953396524e+03
-3.020476787953396524e+03
-3.020476787953396524e+03
-3.020476787953396524e+03
-3.020476787953396524e+03
-3.020476787953396524e+03
-3.020476787953396524e+03
-3.020476787953396524e+03
-4.802299232484605454e+03
-4.802299232484605454e+03
-4.802299232484605454e+03
-4.802299232484605454e+03
-4.802299232484605454e+03
-4.802299232484605454e+03
-4.802299232484605454e+03
-4.802299232484605454e+03
-4.802299232484605454e+03
-4.802299232484605454e+03
-4.802299232484605454e+03
-4.802299232484605454e+03
-4.802299232484605454e+03
-4.802299232484605454e+03
-4.802299232484605454e+03
-4.802299232484605454e+03
-4.802299232484605454e+03
-4.802299232484605454e+03
-4.802299232484605454e+03
-4.802299232484605454e+03
-4.802299232484605454e+03
-4.802299232484605454e+03
-4.802299232484605454e+03
-4.802299232484605454e+03
-4.802299232484605454e+03
-4.915203391806366199e+03
-4.915203391806366199e+03
-4.915203391806366199e+03
-4.915203391806366199e+03
-4.915203391806366199e+03
-4.915203391806366199e+03
-4.915203391806366199e+03
-4.915203391806366199e+03
-4.915203391806366199e+03
-4.915203391806366199e+03
-4.915203391806366199e+03
-4.915203391806366199e+03
-4.915203391806366199e+03
-4.915203391806366199e+03
-4.915203391806366199e+03
-4.915203391806366199e+03
-4.915203391806366199e+03
-4.915203391806366199e+03
-4.915203391806366199e+03
-4.915203391806366199e+03
-4.915203391806366199e+03
-4.915203391806366199e+03
-4.915203391806366199e+03
-4.915203391806366199e+03
-4.915203391806366199e+03
-5.030800668104940996e+03
-5.030800668104940996e+03
-5.030800668104940996e+03
-5.030800668104940996e+03
-5.030800668104940996e+03
-5.030800668104940996e+03
-5.030800668104940996e+03
-5.030800668104940996e+03
-5.030800668104940996e+03
-5.030800668104940996e+03
-5.030800668104940996e+03
-5.030800668104940996e+03
-5.030800668104940996e+03
-5.030800668104940996e+03
-5.030800668104940996e+03
-5.030800668104940996e+03
-5.030800668104940996e+03
-5.030800668104940996e+03
-5.030800668104940996e+03
-5.030800668104940996e+03
-5.030800668104940996e+03
-5.030800668104940996e+03
-5.030800668104940996e+03
-5.030800668104940996e+03
-5.030800668104940996e+03
-5.376978621559917883e+03
-5.376978621559917883e+03
-5.376978621559917883e+03
-5.376978621559917883e+03
-5.376978621559917883e+03
-5.376978621559917883e+03
-5.376978621559917883e+03
-5.376978621559917883e+03
-5.376978621559917883e+03
-5.376978621559917883e+03
-5.376978621559917883e+03
-5.376978621559917883e+03
-5.376978621559917883e+03
-5.376978621559917883e+03
-5.376978621559917883e+03
-5.376978621559917883e+03
-5.376978621559917883e+03
-5.376978621559917883e+03
-5.376978621559917883e+03
-5.376978621559917883e+03
-5.376978621559917883e+03
-5.376978621559917883e+03
-5.376978621559917883e+03
-5.376978621559917883e+03
-5.376978621559917883e+03
-5.167497351737805729e+03
-5.167497351737805729e+03
-5.167497351737805729e+03
-5.167497351737805729e+03
-5.167497351737805729e+03
-5.167497351737805729e+03
-5.167497351737805729e+03
-5.167497351737805729e+03
-5.167497351737805729e+03
-5.167497351737805729e+03
-5.167497351737805729e+03
-5.167497351737805729e+03
-5.167497351737805729e+03
-5.167497351737805729e+03
-5.167497351737805729e+03
-5.167497351737805729e+03
-5.167497351737805729e+03
-5.167497351737805729e+03
-5.167497351737805729e+03
-5.167497351737805729e+03
-5.167497351737805729e+03
-5.167497351737805729e+03
-5.167497351737805729e+03
-5.167497351737805729e+03
-5.167497351737805729e+03
-5.841394585296830883e+03
-5.841394585296830883e+03
-5.841394585296830883e+03
-5.841394585296830883e+03
-5.841394585296830883e+03
-5.841394585296830883e+03
-5.841394585296830883e+03
-5.841394585296830883e+03
-5.841394585296830883e+03
-5.841394585296830883e+03
-5.841394585296830883e+03
-5.841394585296830883e+03
-5.841394585296830883e+03
-5.841394585296830883e+03
-5.841394585296830883e+03
-5.841394585296830883e+03
-5.841394585296830883e+03
-5.841394585296830883e+03
-5.841394585296830883e+03
-5.841394585296830883e+03
-5.841394585296830883e+03
-5.841394585296830883e+03
-5.841394585296830883e+03
-5.841394585296830883e+03
-5.841394585296830883e+03
-5.651861247156975878e+03
-5.651861247156975878e+03
-5.651861247156975878e+03
-5.651861247156975878e+03
-5.651861247156975878e+03
-5.651861247156975878e+03
-5.651861247156975878e+03
-5.651861247156975878e+03
-5.651861247156975878e+03
-5.651861247156975878e+03
-5.651861247156975878e+03
-5.651861247156975878e+03
-5.651861247156975878e+03
-5.651861247156975878e+03
-5.651861247156975878e+03
-5.651861247156975878e+03
-5.651861247156975878e+03
-5.651861247156975878e+03
-5.651861247156975878e+03
-5.651861247156975878e+03
-5.651861247156975878e+03
-5.651861247156975878e+03
-5.651861247156975878e+03
-5.651861247156975878e+03
-5.651861247156975878e+03
-4.705566844684023636e+03
-4.705566844684023636e+03
-4.705566844684023636e+03
-4.705566844684023636e+03
-4.705566844684023636e+03
-4.705566844684023636e+03
-4.705566844684023636e+03
-4.705566844684023636e+03
-4.705566844684023636e+03
-4.705566844684023636e+03
-4.705566844684023636e+03
-4.705566844684023636e+03
-4.705566844684023636e+03
-4.705566844684023636e+03
-4.705566844684023636e+03
-4.705566844684023636e+03
-4.705566844684023636e+03
-4.705566844684023636e+03
-4.705566844684023636e+03
-4.705566844684023636e+03
-4.705566844684023636e+03
-4.705566844684023636e+03
-4.705566844684023636e+03
-4.705566844684023636e+03
-4.705566844684023636e+03
-5.247598571783633815e+03
-5.247598571783633815e+03
-5.247598571783633815e+03
-5.247598571783633815e+03
-5.247598571783633815e+03
-5.247598571783633815e+03
-5.247598571783633815e+03
-5.247598571783633815e+03
-5.247598571783633815e+03
-5.247598571783633815e+03
-5.247598571783633815e+03
-5.247598571783633815e+03
-5.247598571783633815e+03
-5.247598571783633815e+03
-5.247598571783633815e+03
-5.247598571783633815e+03
-5.247598571783633815e+03
-5.247598571783633815e+03
-5.247598571783633815e+03
-5.247598571783633815e+03
-5.247598571783633815e+03
-5.247598571783633815e+03
-5.247598571783633815e+03
-5.247598571783633815e+03
-5.247598571783633815e+03
-5.210854983154130423e+03
-5.210854983154130423e+03
-5.210854983154130423e+03
-5.210854983154130423e+03
-5.210854983154130423e+03
-5.210854983154130423e+03
-5.210854983154130423e+03
-5.210854983154130423e+03
-5.210854983154130423e+03
-5.210854983154130423e+03
-5.210854983154130423e+03
-5.210854983154130423e+03
-5.210854983154130423e+03
-5.210854983154130423e+03
-5.210854983154130423e+03
-5.210854983154130423e+03
-5.210854983154130423e+03
-5.210854983154130423e+03
-5.210854983154130423e+03
-5.210854983154130423e+03
-5.210854983154130423e+03
-5.210854983154130423e+03
-5.210854983154130423e+03
-5.210854983154130423e+03
-5.210854983154130423e+03
-5.131821785850659580e+03
-5.131821785850659580e+03
-5.131821785850659580e+03
-5.131821785850659580e+03
-5.131821785850659580e+03
-5.131821785850659580e+03
-5.131821785850659580e+03
-5.131821785850659580e+03
-5.131821785850659580e+03
-5.131821785850659580e+03
-5.131821785850659580e+03
-5.131821785850659580e+03
-5.131821785850659580e+03
-5.131821785850659580e+03
-5.131821785850659580e+03
-5.131821785850659580e+03
-5.131821785850659580e+03
-5.131821785850659580e+03
-5.131821785850659580e+03
-5.131821785850659580e+03
-5.131821785850659580e+03
-5.131821785850659580e+03
-5.131821785850659580e+03
-5.131821785850659580e+03
-5.131821785850659580e+03
-5.822712608729983913e+03
-5.822712608729983913e+03
-5.822712608729983913e+03
-5.822712608729983913e+03
-5.822712608729983913e+03
-5.822712608729983913e+03
-5.822712608729983913e+03
-5.822712608729983913e+03
-5.822712608729983913e+03
-5.822712608729983913e+03
-5.822712608729983913e+03
-5.822712608729983913e+03
-5.822712608729983913e+03
-5.822712608729983913e+03
-5.822712608729983913e+03
-5.822712608729983913e+03
-5.822712608729983913e+03
-5.822712608729983913e+03
-5.822712608729983913e+03
-5.822712608729983913e+03
-5.822712608729983913e+03
-5.822712608729983913e+03
-5.822712608729983913e+03
-5.822712608729983913e+03
-5.822712608729983913e+03
-4.238322978803589649e+03
-4.238322978803589649e+03
-4.238322978803589649e+03
-4.238322978803589649e+03
-4.238322978803589649e+03
-4.238322978803589649e+03
-4.238322978803589649e+03
-4.238322978803589649e+03
-4.238322978803589649e+03
-4.238322978803589649e+03
-4.238322978803589649e+03
-4.238322978803589649e+03
-4.238322978803589649e+03
-4.238322978803589649e+03
-4.238322978803589649e+03
-4.238322978803589649e+03
-4.238322978803589649e+03
-4.238322978803589649e+03
-4.238322978803589649e+03
-4.238322978803589649e+03
-4.238322978803589649e+03
-4.238322978803589649e+03
-4.238322978803589649e+03
-4.238322978803589649e+03
-4.238322978803589649e+03
-7.454646304611860614e+03
-7.454646304611860614e+03
-7.454646304611860614e+03
-7.454646304611860614e+03
-7.454646304611860614e+03
-7.454646304611860614e+03
-7.454646304611860614e+03
-7.454646304611860614e+03
-7.454646304611860614e+03
-7.454646304611860614e+03
-7.454646304611860614e+03
-7.454646304611860614e+03
-7.454646304611860614e+03
-7.454646304611860614e+03
-7.454646304611860614e+03
-7.454646304611860614e+03
-7.454646304611860614e+03
-7.454646304611860614e+03
-7.454646304611860614e+03
-7.454646304611860614e+03
-7.454646304611860614e+03
-7.454646304611860614e+03
-7.454646304611860614e+03
-7.454646304611860614e+03
-7.454646304611860614e+03
-4.396959265138262708e+03
-4.396959265138262708e+03
-4.396959265138262708e+03
-4.396959265138262708e+03
-4.396959265138262708e+03
-4.396959265138262708e+03
-4.396959265138262708e+03
-4.396959265138262708e+03
-4.396959265138262708e+03
-4.396959265138262708e+03
-4.396959265138262708e+03
-4.396959265138262708e+03
-4.396959265138262708e+03
-4.396959265138262708e+03
-4.396959265138262708e+03
-4.396959265138262708e+03
-4.396959265138262708e+03
-4.396959265138262708e+03
-4.396959265138262708e+03
-4.396959265138262708e+03
-4.396959265138262708e+03
-4.396959265138262708e+03
-4.396959265138262708e+03
-4.396959265138262708e+03
-4.396959265138262708e+03
-7.829617280130286417e+03
-7.829617280130286417e+03
-7.829617280130286417e+03
-7.829617280130286417e+03
-7.829617280130286417e+03
-7.829617280130286417e+03
-7.829617280130286417e+03
-7.829617280130286417e+03
-7.829617280130286417e+03
-7.829617280130286417e+03
-7.829617280130286417e+03
-7.829617280130286417e+03
-7.829617280130286417e+03
-7.829617280130286417e+03
-7.829617280130286417e+03
-7.829617280130286417e+03
-7.829617280130286417e+03
-7.829617280130286417e+03
-7.829617280130286417e+03
-7.829617280130286417e+03
-7.829617280130286417e+03
-7.829617280130286417e+03
-7.829617280130286417e+03
-7.829617280130286417e+03
-7.829617280130286417e+03
-4.677379059128652443e+03
-4.677379059128652443e+03
-4.677379059128652443e+03
-4.677379059128652443e+03
-4.677379059128652443e+03
-4.677379059128652443e+03
-4.677379059128652443e+03
-4.677379059128652443e+03
-4.677379059128652443e+03
-4.677379059128652443e+03
-4.677379059128652443e+03
-4.677379059128652443e+03
-4.677379059128652443e+03
-4.677379059128652443e+03
-4.677379059128652443e+03
-4.677379059128652443e+03
-4.677379059128652443e+03
-4.677379059128652443e+03
-4.677379059128652443e+03
-4.677379059128652443e+03
-4.677379059128652443e+03
-4.677379059128652443e+03
-4.677379059128652443e+03
-4.677379059128652443e+03
-4.677379059128652443e+03
-8.001882227674334899e+03
-8.001882227674334899e+03
-8.001882227674334899e+03
-8.001882227674334899e+03
-8.001882227674334899e+03
-8.001882227674334899e+03
-8.001882227674334899e+03
-8.001882227674334899e+03
-8.001882227674334899e+03
-8.001882227674334899e+03
-8.001882227674334899e+03
-8.001882227674334899e+03
-8.001882227674334899e+03
-8.001882227674334899e+03
-8.001882227674334899e+03
-8.001882227674334899e+03
-8.001882227674334899e+03
-8.001882227674334899e+03
-8.001882227674334899e+03
-8.001882227674334899e+03
-8.001882227674334899e+03
-8.001882227674334899e+03
-8.001882227674334899e+03
-8.001882227674334899e+03
-8.001882227674334899e+03
-6.597181512460298109e+03
-6.597181512460298109e+03
-6.597181512460298109e+03
-6.597181512460298109e+03
-6.597181512460298109e+03
-6.597181512460298109e+03
-6.597181512460298109e+03
-6.597181512460298109e+03
-6.597181512460298109e+03
-6.597181512460298109e+03
-6.597181512460298109e+03
-6.597181512460298109e+03
-6.597181512460298109e+03
-6.597181512460298109e+03
-6.597181512460298109e+03
-6.597181512460298109e+03
-6.597181512460298109e+03
-6.597181512460298109e+03
-6.597181512460298109e+03
-6.597181512460298109e+03
-6.597181512460298109e+03
-6.597181512460298109e+03
-6.597181512460298109e+03
-6.597181512460298109e+03
-6.597181512460298109e+03
-5.111157123744737873e+03
-5.111157123744737873e+03
-5.111157123744737873e+03
-5.111157123744737873e+03
-5.111157123744737873e+03
-5.111157123744737873e+03
-5.111157123744737873e+03
-5.111157123744737873e+03
-5.111157123744737873e+03
-5.111157123744737873e+03
-5.111157123744737873e+03
-5.111157123744737873e+03
-5.111157123744737873e+03
-5.111157123744737873e+03
-5.111157123744737873e+03
-5.111157123744737873e+03
-5.111157123744737873e+03
-5.111157123744737873e+03
-5.111157123744737873e+03
-5.111157123744737873e+03
-5.111157123744737873e+03
-5.111157123744737873e+03
-5.111157123744737873e+03
-5.111157123744737873e+03
-5.111157123744737873e+03
-6.783805486237335572e+03
-6.783805486237335572e+03
-6.783805486237335572e+03
-6.783805486237335572e+03
-6.783805486237335572e+03
-6.783805486237335572e+03
-6.783805486237335572e+03
-6.783805486237335572e+03
-6.783805486237335572e+03
-6.783805486237335572e+03
-6.783805486237335572e+03
-6.783805486237335572e+03
-6.783805486237335572e+03
-6.783805486237335572e+03
-6.783805486237335572e+03
-6.783805486237335572e+03
-6.783805486237335572e+03
-6.783805486237335572e+03
-6.783805486237335572e+03
-6.783805486237335572e+03
-6.783805486237335572e+03
-6.783805486237335572e+03
-6.783805486237335572e+03
-6.783805486237335572e+03
-6.783805486237335572e+03
-5.400168677064722033e+03
-5.400168677064722033e+03
-5.400168677064722033e+03
-5.400168677064722033e+03
-5.400168677064722033e+03
-5.400168677064722033e+03
-5.400168677064722033e+03
-5.400168677064722033e+03
-5.400168677064722033e+03
-5.400168677064722033e+03
-5.400168677064722033e+03
-5.400168677064722033e+03
-5.400168677064722033e+03
-5.400168677064722033e+03
-5.400168677064722033e+03
-5.400168677064722033e+03
-5.400168677064722033e+03
-5.400168677064722033e+03
-5.400168677064722033e+03
-5.400168677064722033e+03
-5.400168677064722033e+03
-5.400168677064722033e+03
-5.400168677064722033e+03
-5.400168677064722033e+03
-5.400168677064722033e+03
-7.073743281106839277e+03
-7.073743281106839277e+03
-7.073743281106839277e+03
-7.073743281106839277e+03
-7.073743281106839277e+03
-7.073743281106839277e+03
-7.073743281106839277e+03
-7.073743281106839277e+03
-7.073743281106839277e+03
-7.073743281106839277e+03
-7.073743281106839277e+03
-7.073743281106839277e+03
-7.073743281106839277e+03
-7.073743281106839277e+03
-7.073743281106839277e+03
-7.073743281106839277e+03
-7.073743281106839277e+03
-7.073743281106839277e+03
-7.073743281106839277e+03
-7.073743281106839277e+03
-7.073743281106839277e+03
-7.073743281106839277e+03
-7.073743281106839277e+03
-7.073743281106839277e+03
-7.073743281106839277e+03
-7.266692972939844367e+03
-7.266692972939844367e+03
-7.266692972939844367e+03
-7.266692972939844367e+03
-7.266692972939844367e+03
-7.266692972939844367e+03
-7.266692972939844367e+03
-7.266692972939844367e+03
-7.266692972939844367e+03
-7.266692972939844367e+03
-7.266692972939844367e+03
-7.266692972939844367e+03
-7.266692972939844367e+03
-7.266692972939844367e+03
-7.266692972939844367e+03
-7.266692972939844367e+03
-7.266692972939844367e+03
-7.266692972939844367e+03
-7.266692972939844367e+03
-7.266692972939844367e+03
-7.266692972939844367e+03
-7.266692972939844367e+03
-7.266692972939844367e+03
-7.266692972939844367e+03
-7.266692972939844367e+03
-6.549504582242167089e+03
-6.549504582242167089e+03
-6.549504582242167089e+03
-6.549504582242167089e+03
-6.549504582242167089e+03
-6.549504582242167089e+03
-6.549504582242167089e+03
-6.549504582242167089e+03
-6.549504582242167089e+03
-6.549504582242167089e+03
-6.549504582242167089e+03
-6.549504582242167089e+03
-6.549504582242167089e+03
-6.549504582242167089e+03
-6.549504582242167089e+03
-6.549504582242167089e+03
-6.549504582242167089e+03
-6.549504582242167089e+03
-6.549504582242167089e+03
-6.549504582242167089e+03
-6.549504582242167089e+03
-6.549504582242167089e+03
-6.549504582242167089e+03
-6.549504582242167089e+03
-6.549504582242167089e+03
-8.035963291499680054e+03
-8.035963291499680054e+03
-8.035963291499680054e+03
-8.035963291499680054e+03
-8.035963291499680054e+03
-8.035963291499680054e+03
-8.035963291499680054e+03
-8.035963291499680054e+03
-8.035963291499680054e+03
-8.035963291499680054e+03
-8.035963291499680054e+03
-8.035963291499680054e+03
-8.035963291499680054e+03
-8.035963291499680054e+03
-8.035963291499680054e+03
-8.035963291499680054e+03
-8.035963291499680054e+03
-8.035963291499680054e+03
-8.035963291499680054e+03
-8.035963291499680054e+03
-8.035963291499680054e+03
-8.035963291499680054e+03
-8.035963291499680054e+03
-8.035963291499680054e+03
-8.035963291499680054e+03
-6.894732019386545289e+03
-6.894732019386545289e+03
-6.894732019386545289e+03
-6.894732019386545289e+03
-6.894732019386545289e+03
-6.894732019386545289e+03
-6.894732019386545289e+03
-6.894732019386545289e+03
-6.894732019386545289e+03
-6.894732019386545289e+03
-6.894732019386545289e+03
-6.894732019386545289e+03
-6.894732019386545289e+03
-6.894732019386545289e+03
-6.894732019386545289e+03
-6.894732019386545289e+03
-6.894732019386545289e+03
-6.894732019386545289e+03
-6.894732019386545289e+03
-6.894732019386545289e+03
-6.894732019386545289e+03
-6.894732019386545289e+03
-6.894732019386545289e+03
-6.894732019386545289e+03
-6.894732019386545289e+03
-8.664160333954436283e+03
-8.664160333954436283e+03
-8.664160333954436283e+03
-8.664160333954436283e+03
-8.664160333954436283e+03
-8.664160333954436283e+03
-8.664160333954436283e+03
-8.664160333954436283e+03
-8.664160333954436283e+03
-8.664160333954436283e+03
-8.664160333954436283e+03
-8.664160333954436283e+03
-8.664160333954436283e+03
-8.664160333954436283e+03
-8.664160333954436283e+03
-8.664160333954436283e+03
-8.664160333954436283e+03
-8.664160333954436283e+03
-8.664160333954436283e+03
-8.664160333954436283e+03
-8.664160333954436283e+03
-8.664160333954436283e+03
-8.664160333954436283e+03
-8.664160333954436283e+03
-8.664160333954436283e+03
-7.467664711794444884e+03
-7.467664711794444884e+03
-7.467664711794444884e+03
-7.467664711794444884e+03
-7.467664711794444884e+03
-7.467664711794444884e+03
-7.467664711794444884e+03
-7.467664711794444884e+03
-7.467664711794444884e+03
-7.467664711794444884e+03
-7.467664711794444884e+03
-7.467664711794444884e+03
-7.467664711794444884e+03
-7.467664711794444884e+03
-7.467664711794444884e+03
-7.467664711794444884e+03
-7.467664711794444884e+03
-7.467664711794444884e+03
-7.467664711794444884e+03
-7.467664711794444884e+03
-7.467664711794444884e+03
-7.467664711794444884e+03
-7.467664711794444884e+03
-7.467664711794444884e+03
-7.467664711794444884e+03
-6.956134472394796830e+03
-6.956134472394796830e+03
-6.956134472394796830e+03
-6.956134472394796830e+03
-6.956134472394796830e+03
-6.956134472394796830e+03
-6.956134472394796830e+03
-6.956134472394796830e+03
-6.956134472394796830e+03
-6.956134472394796830e+03
-6.956134472394796830e+03
-6.956134472394796830e+03
-6.956134472394796830e+03
-6.956134472394796830e+03
-6.956134472394796830e+03
-6.956134472394796830e+03
-6.956134472394796830e+03
-6.956134472394796830e+03
-6.956134472394796830e+03
-6.956134472394796830e+03
-6.956134472394796830e+03
-6.956134472394796830e+03
-6.956134472394796830e+03
-6.956134472394796830e+03
-6.956134472394796830e+03
-8.159930687914682494e+03
-8.159930687914682494e+03
-8.159930687914682494e+03
-8.159930687914682494e+03
-8.159930687914682494e+03
-8.159930687914682494e+03
-8.159930687914682494e+03
-8.159930687914682494e+03
-8.159930687914682494e+03
-8.159930687914682494e+03
-8.159930687914682494e+03
-8.159930687914682494e+03
-8.159930687914682494e+03
-8.159930687914682494e+03
-8.159930687914682494e+03
-8.159930687914682494e+03
-8.159930687914682494e+03
-8.159930687914682494e+03
-8.159930687914682494e+03
-8.159930687914682494e+03
-8.159930687914682494e+03
-8.159930687914682494e+03
-8.159930687914682494e+03
-8.159930687914682494e+03
-8.159930687914682494e+03
-8.381194715058305519e+03
-8.381194715058305519e+03
-8.381194715058305519e+03
-8.381194715058305519e+03
-8.381194715058305519e+03
-8.381194715058305519e+03
-8.381194715058305519e+03
-8.381194715058305519e+03
-8.381194715058305519e+03
-8.381194715058305519e+03
-8.381194715058305519e+03
-8.381194715058305519e+03
-8.381194715058305519e+03
-8.381194715058305519e+03
-8.381194715058305519e+03
-8.381194715058305519e+03
-8.381194715058305519e+03
-8.381194715058305519e+03
-8.381194715058305519e+03
-8.381194715058305519e+03
-8.381194715058305519e+03
-8.381194715058305519e+03
-8.381194715058305519e+03
-8.381194715058305519e+03
-8.381194715058305519e+03
-7.550101037711996469e+03
-7.550101037711996469e+03
-7.550101037711996469e+03
-7.550101037711996469e+03
-7.550101037711996469e+03
-7.550101037711996469e+03
-7.550101037711996469e+03
-7.550101037711996469e+03
-7.550101037711996469e+03
-7.550101037711996469e+03
-7.550101037711996469e+03
-7.550101037711996469e+03
-7.550101037711996469e+03
-7.550101037711996469e+03
-7.550101037711996469e+03
-7.550101037711996469e+03
-7.550101037711996469e+03
-7.550101037711996469e+03
-7.550101037711996469e+03
-7.550101037711996469e+03
-7.550101037711996469e+03
-7.550101037711996469e+03
-7.550101037711996469e+03
-7.550101037711996469e+03
-7.550101037711996469e+03
-9.752889229858858016e+03
-9.752889229858858016e+03
-9.752889229858858016e+03
-9.752889229858858016e+03
-9.752889229858858016e+03
-9.752889229858858016e+03
-9.752889229858858016e+03
-9.752889229858858016e+03
-9.752889229858858016e+03
-9.752889229858858016e+03
-9.752889229858858016e+03
-9.752889229858858016e+03
-9.752889229858858016e+03
-9.752889229858858016e+03
-9.752889229858858016e+03
-9.752889229858858016e+03
-9.752889229858858016e+03
-9.752889229858858016e+03
-9.752889229858858016e+03
-9.752889229858858016e+03
-9.752889229858858016e+03
-9.752889229858858016e+03
-9.752889229858858016e+03
-9.752889229858858016e+03
-9.752889229858858016e+03
-7.688466580487875035e+03
-7.688466580487875035e+03
-7.688466580487875035e+03
-7.688466580487875035e+03
-7.688466580487875035e+03
-7.688466580487875035e+03
-7.688466580487875035e+03
-7.688466580487875035e+03
-7.688466580487875035e+03
-7.688466580487875035e+03
-7.688466580487875035e+03
-7.688466580487875035e+03
-7.688466580487875035e+03
-7.688466580487875035e+03
-7.688466580487875035e+03
-7.688466580487875035e+03
-7.688466580487875035e+03
-7.688466580487875035e+03
-7.688466580487875035e+03
-7.688466580487875035e+03
-7.688466580487875035e+03
-7.688466580487875035e+03
-7.688466580487875035e+03
-7.688466580487875035e+03
-7.688466580487875035e+03
-9.630634332884765172e+03
-9.630634332884765172e+03
-9.630634332884765172e+03
-9.630634332884765172e+03
-9.630634332884765172e+03
-9.630634332884765172e+03
-9.630634332884765172e+03
-9.630634332884765172e+03
-9.630634332884765172e+03
-9.630634332884765172e+03
-9.630634332884765172e+03
-9.630634332884765172e+03
-9.630634332884765172e+03
-9.630634332884765172e+03
-9.630634332884765172e+03
-9.630634332884765172e+03
-9.630634332884765172e+03
-9.630634332884765172e+03
-9.630634332884765172e+03
-9.630634332884765172e+03
-9.630634332884765172e+03
-9.630634332884765172e+03
-9.630634332884765172e+03
-9.630634332884765172e+03
-9.630634332884765172e+03
-8.714384547320696583e+03
-8.714384547320696583e+03
-8.714384547320696583e+03
-8.714384547320696583e+03
-8.714384547320696583e+03
-8.714384547320696583e+03
-8.714384547320696583e+03
-8.714384547320696583e+03
-8.714384547320696583e+03
-8.714384547320696583e+03
-8.714384547320696583e+03
-8.714384547320696583e+03
-8.714384547320696583e+03
-8.714384547320696583e+03
-8.714384547320696583e+03
-8.714384547320696583e+03
-8.714384547320696583e+03
-8.714384547320696583e+03
-8.714384547320696583e+03
-8.714384547320696583e+03
-8.714384547320696583e+03
-8.714384547320696583e+03
-8.714384547320696583e+03
-8.714384547320696583e+03
-8.714384547320696583e+03
-9.411541838054015898e+03
-9.411541838054015898e+03
-9.411541838054015898e+03
-9.411541838054015898e+03
-9.411541838054015898e+03
-9.411541838054015898e+03
-9.411541838054015898e+03
-9.411541838054015898e+03
-9.411541838054015898e+03
-9.411541838054015898e+03
-9.411541838054015898e+03
-9.411541838054015898e+03
-9.411541838054015898e+03
-9.411541838054015898e+03
-9.411541838054015898e+03
-9.411541838054015898e+03
-9.411541838054015898e+03
-9.411541838054015898e+03
-9.411541838054015898e+03
-9.411541838054015898e+03
-9.411541838054015898e+03
-9.411541838054015898e+03
-9.411541838054015898e+03
-9.411541838054015898e+03
-9.411541838054015898e+03
-8.299280648686981294e+03
-8.299280648686981294e+03
-8.299280648686981294e+03
-8.299280648686981294e+03
-8.299280648686981294e+03
-8.299280648686981294e+03
-8.299280648686981294e+03
-8.299280648686981294e+03
-8.299280648686981294e+03
-8.299280648686981294e+03
-8.299280648686981294e+03
-8.299280648686981294e+03
-8.299280648686981294e+03
-8.299280648686981294e+03
-8.299280648686981294e+03
-8.299280648686981294e+03
-8.299280648686981294e+03
-8.299280648686981294e+03
-8.299280648686981294e+03
-8.299280648686981294e+03
-8.299280648686981294e+03
-8.299280648686981294e+03
-8.299280648686981294e+03
-8.299280648686981294e+03
-8.299280648686981294e+03
-9.766315134510376083e+03
-9.766315134510376083e+03
-9.766315134510376083e+03
-9.766315134510376083e+03
-9.766315134510376083e+03
-9.766315134510376083e+03
-9.766315134510376083e+03
-9.766315134510376083e+03
-9.766315134510376083e+03
-9.766315134510376083e+03
-9.766315134510376083e+03
-9.766315134510376083e+03
-9.766315134510376083e+03
-9.766315134510376083e+03
-9.766315134510376083e+03
-9.766315134510376083e+03
-9.766315134510376083e+03
-9.766315134510376083e+03
-9.766315134510376083e+03
-9.766315134510376083e+03
-9.766315134510376083e+03
-9.766315134510376083e+03
-9.766315134510376083e+03
-9.766315134510376083e+03
-9.766315134510376083e+03
-8.632070959596414468e+03
-8.632070959596414468e+03
-8.632070959596414468e+03
-8.632070959596414468e+03
-8.632070959596414468e+03
-8.632070959596414468e+03
-8.632070959596414468e+03
-8.632070959596414468e+03
-8.632070959596414468e+03
-8.632070959596414468e+03
-8.632070959596414468e+03
-8.632070959596414468e+03
-8.632070959596414468e+03
-8.632070959596414468e+03
-8.632070959596414468e+03
-8.632070959596414468e+03
-8.632070959596414468e+03
-8.632070959596414468e+03
-8.632070959596414468e+03
-8.632070959596414468e+03
-8.632070959596414468e+03
-8.632070959596414468e+03
-8.632070959596414468e+03
-8.632070959596414468e+03
-8.632070959596414468e+03
-1.040030681903126606e+04
-1.040030681903126606e+04
-1.040030681903126606e+04
-1.040030681903126606e+04
-1.040030681903126606e+04
-1.040030681903126606e+04
-1.040030681903126606e+04
-1.040030681903126606e+04
-1.040030681903126606e+04
-1.040030681903126606e+04
-1.040030681903126606e+04
-1.040030681903126606e+04
-1.040030681903126606e+04
-1.040030681903126606e+04
-1.040030681903126606e+04
-1.040030681903126606e+04
-1.040030681903126606e+04
-1.040030681903126606e+04
-1.040030681903126606e+04
-1.040030681903126606e+04
-1.040030681903126606e+04
-1.040030681903126606e+04
-1.040030681903126606e+04
-1.040030681903126606e+04
-1.040030681903126606e+04
-8.882102169358826359e+03
-8.882102169358826359e+03
-8.882102169358826359e+03
-8.882102169358826359e+03
-8.882102169358826359e+03
-8.882102169358826359e+03
-8.882102169358826359e+03
-8.882102169358826359e+03
-8.882102169358826359e+03
-8.882102169358826359e+03
-8.882102169358826359e+03
-8.882102169358826359e+03
-8.882102169358826359e+03
-8.882102169358826359e+03
-8.882102169358826359e+03
-8.882102169358826359e+03
-8.882102169358826359e+03
-8.882102169358826359e+03
-8.882102169358826359e+03
-8.882102169358826359e+03
-8.882102169358826359e+03
-8.882102169358826359e+03
-8.882102169358826359e+03
-8.882102169358826359e+03
-8.882102169358826359e+03
-1.051683613042045909e+04
-1.051683613042045909e+04
-1.051683613042045909e+04
-1.051683613042045909e+04
-1.051683613042045909e+04
-1.051683613042045909e+04
-1.051683613042045909e+04
-1.051683613042045909e+04
-1.051683613042045909e+04
-1.051683613042045909e+04
-1.051683613042045909e+04
-1.051683613042045909e+04
-1.051683613042045909e+04
-1.051683613042045909e+04
-1.051683613042045909e+04
-1.051683613042045909e+04
-1.051683613042045909e+04
-1.051683613042045909e+04
-1.051683613042045909e+04
-1.051683613042045909e+04
-1.051683613042045909e+04
-1.051683613042045909e+04
-1.051683613042045909e+04
-1.051683613042045909e+04
-1.051683613042045909e+04
-1.006966522979913134e+04
-1.006966522979913134e+04
-1.006966522979913134e+04
-1.006966522979913134e+04
-1.006966522979913134e+04
-1.006966522979913134e+04
-1.006966522979913134e+04
-1.006966522979913134e+04
-1.006966522979913134e+04
-1.006966522979913134e+04
-1.006966522979913134e+04
-1.006966522979913134e+04
-1.006966522979913134e+04
-1.006966522979913134e+04
-1.006966522979913134e+04
-1.006966522979913134e+04
-1.006966522979913134e+04
-1.006966522979913134e+04
-1.006966522979913134e+04
-1.006966522979913134e+04
-1.006966522979913134e+04
-1.006966522979913134e+04
-1.006966522979913134e+04
-1.006966522979913134e+04
-1.006966522979913134e+04
-9.863014221627241568e+03
-9.863014221627241568e+03
-9.863014221627241568e+03
-9.863014221627241568e+03
-9.863014221627241568e+03
-9.863014221627241568e+03
-9.863014221627241568e+03
-9.863014221627241568e+03
-9.863014221627241568e+03
-9.863014221627241568e+03
-9.863014221627241568e+03
-9.863014221627241568e+03
-9.863014221627241568e+03
-9.863014221627241568e+03
-9.863014221627241568e+03
-9.863014221627241568e+03
-9.863014221627241568e+03
-9.863014221627241568e+03
-9.863014221627241568e+03
-9.863014221627241568e+03
-9.863014221627241568e+03
-9.863014221627241568e+03
-9.863014221627241568e+03
-9.863014221627241568e+03
-9.863014221627241568e+03
-9.992926885518743802e+03
-9.992926885518743802e+03
-9.992926885518743802e+03
-9.992926885518743802e+03
-9.992926885518743802e+03
-9.992926885518743802e+03
-9.992926885518743802e+03
-9.992926885518743802e+03
-9.992926885518743802e+03
-9.992926885518743802e+03
-9.992926885518743802e+03
-9.992926885518743802e+03
-9.992926885518743802e+03
-9.992926885518743802e+03
-9.992926885518743802e+03
-9.992926885518743802e+03
-9.992926885518743802e+03
-9.992926885518743802e+03
-9.992926885518743802e+03
-9.992926885518743802e+03
-9.992926885518743802e+03
-9.992926885518743802e+03
-9.992926885518743802e+03
-9.992926885518743802e+03
-9.992926885518743802e+03
-1.042022070735170564e+04
-1.042022070735170564e+04
-1.042022070735170564e+04
-1.042022070735170564e+04
-1.042022070735170564e+04
-1.042022070735170564e+04
-1.042022070735170564e+04
-1.042022070735170564e+04
-1.042022070735170564e+04
-1.042022070735170564e+04
-1.042022070735170564e+04
-1.042022070735170564e+04
-1.042022070735170564e+04
-1.042022070735170564e+04
-1.042022070735170564e+04
-1.042022070735170564e+04
-1.042022070735170564e+04
-1.042022070735170564e+04
-1.042022070735170564e+04
-1.042022070735170564e+04
-1.042022070735170564e+04
-1.042022070735170564e+04
-1.042022070735170564e+04
-1.042022070735170564e+04
-1.042022070735170564e+04
-1.007076850180527254e+04
-1.007076850180527254e+04
-1.007076850180527254e+04
-1.007076850180527254e+04
-1.007076850180527254e+04
-1.007076850180527254e+04
-1.007076850180527254e+04
-1.007076850180527254e+04
-1.007076850180527254e+04
-1.007076850180527254e+04
-1.007076850180527254e+04
-1.007076850180527254e+04
-1.007076850180527254e+04
-1.007076850180527254e+04
-1.007076850180527254e+04
-1.007076850180527254e+04
-1.007076850180527254e+04
-1.007076850180527254e+04
-1.007076850180527254e+04
-1.007076850180527254e+04
-1.007076850180527254e+04
-1.007076850180527254e+04
-1.007076850180527254e+04
-1.007076850180527254e+04
-1.007076850180527254e+04
-1.146854213035542489e+04
-1.146854213035542489e+04
-1.146854213035542489e+04
-1.146854213035542489e+04
-1.146854213035542489e+04
-1.146854213035542489e+04
-1.146854213035542489e+04
-1.146854213035542489e+04
-1.146854213035542489e+04
-1.146854213035542489e+04
-1.146854213035542489e+04
-1.146854213035542489e+04
-1.146854213035542489e+04
-1.146854213035542489e+04
-1.146854213035542489e+04
-1.146854213035542489e+04
-1.146854213035542489e+04
-1.146854213035542489e+04
-1.146854213035542489e+04
-1.146854213035542489e+04
-1.146854213035542489e+04
-1.146854213035542489e+04
-1.146854213035542489e+04
-1.146854213035542489e+04
-1.146854213035542489e+04
-1.009533035655398271e+04
-1.009533035655398271e+04
-1.009533035655398271e+04
-1.009533035655398271e+04
-1.009533035655398271e+04
-1.009533035655398271e+04
-1.009533035655398271e+04
-1.009533035655398271e+04
-1.009533035655398271e+04
-1.009533035655398271e+04
-1.009533035655398271e+04
-1.009533035655398271e+04
-1.009533035655398271e+04
-1.009533035655398271e+04
-1.009533035655398271e+04
-1.009533035655398271e+04
-1.009533035655398271e+04
-1.009533035655398271e+04
-1.009533035655398271e+04
-1.009533035655398271e+04
-1.009533035655398271e+04
-1.009533035655398271e+04
-1.009533035655398271e+04
-1.009533035655398271e+04
-1.009533035655398271e+04
-1.251499866032700447e+04
-1.251499866032700447e+04
-1.251499866032700447e+04
-1.251499866032700447e+04
-1.251499866032700447e+04
-1.251499866032700447e+04
-1.251499866032700447e+04
-1.251499866032700447e+04
-1.251499866032700447e+04
-1.251499866032700447e+04
-1.251499866032700447e+04
-1.251499866032700447e+04
-1.251499866032700447e+04
-1.251499866032700447e+04
-1.251499866032700447e+04
-1.251499866032700447e+04
-1.251499866032700447e+04
-1.251499866032700447e+04
-1.251499866032700447e+04
-1.251499866032700447e+04
-1.251499866032700447e+04
-1.251499866032700447e+04
-1.251499866032700447e+04
-1.251499866032700447e+04
-1.251499866032700447e+04
-1.061564171006398101e+04
-1.061564171006398101e+04
-1.061564171006398101e+04
-1.061564171006398101e+04
-1.061564171006398101e+04
-1.061564171006398101e+04
-1.061564171006398101e+04
-1.061564171006398101e+04
-1.061564171006398101e+04
-1.061564171006398101e+04
-1.061564171006398101e+04
-1.061564171006398101e+04
-1.061564171006398101e+04
-1.061564171006398101e+04
-1.061564171006398101e+04
-1.061564171006398101e+04
-1.061564171006398101e+04
-1.061564171006398101e+04
-1.061564171006398101e+04
-1.061564171006398101e+04
-1.061564171006398101e+04
-1.061564171006398101e+04
-1.061564171006398101e+04
-1.061564171006398101e+04
-1.061564171006398101e+04
-1.195608533928254474e+04
-1.195608533928254474e+04
-1.195608533928254474e+04
-1.195608533928254474e+04
-1.195608533928254474e+04
-1.195608533928254474e+04
-1.195608533928254474e+04
-1.195608533928254474e+04
-1.195608533928254474e+04
-1.195608533928254474e+04
-1.195608533928254474e+04
-1.195608533928254474e+04
-1.195608533928254474e+04
-1.195608533928254474e+04
-1.195608533928254474e+04
-1.195608533928254474e+04
-1.195608533928254474e+04
-1.195608533928254474e+04
-1.195608533928254474e+04
-1.195608533928254474e+04
-1.195608533928254474e+04
-1.195608533928254474e+04
-1.195608533928254474e+04
-1.195608533928254474e+04
-1.195608533928254474e+04
-1.110847012918644759e+04
-1.110847012918644759e+04
-1.110847012918644759e+04
-1.110847012918644759e+04
-1.110847012918644759e+04
-1.110847012918644759e+04
-1.110847012918644759e+04
-1.110847012918644759e+04
-1.110847012918644759e+04
-1.110847012918644759e+04
-1.110847012918644759e+04
-1.110847012918644759e+04
-1.110847012918644759e+04
-1.110847012918644759e+04
-1.110847012918644759e+04
-1.110847012918644759e+04
-1.110847012918644759e+04
-1.110847012918644759e+04
-1.110847012918644759e+04
-1.110847012918644759e+04
-1.110847012918644759e+04
-1.110847012918644759e+04
-1.110847012918644759e+04
-1.110847012918644759e+04
-1.110847012918644759e+04
-1.281359873759444235e+04
-1.281359873759444235e+04
-1.281359873759444235e+04
-1.281359873759444235e+04
-1.281359873759444235e+04
-1.281359873759444235e+04
-1.281359873759444235e+04
-1.281359873759444235e+04
-1.281359873759444235e+04
-1.281359873759444235e+04
-1.281359873759444235e+04
-1.281359873759444235e+04
-1.281359873759444235e+04
-1.281359873759444235e+04
-1.281359873759444235e+04
-1.281359873759444235e+04
-1.281359873759444235e+04
-1.281359873759444235e+04
-1.281359873759444235e+04
-1.281359873759444235e+04
-1.281359873759444235e+04
-1.281359873759444235e+04
-1.281359873759444235e+04
-1.281359873759444235e+04
-1.281359873759444235e+04
-1.138203963870958978e+04
-1.138203963870958978e+04
-1.138203963870958978e+04
-1.138203963870958978e+04
-1.138203963870958978e+04
-1.138203963870958978e+04
-1.138203963870958978e+04
-1.138203963870958978e+04
-1.138203963870958978e+04
-1.138203963870958978e+04
-1.138203963870958978e+04
-1.138203963870958978e+04
-1.138203963870958978e+04
-1.138203963870958978e+04
-1.138203963870958978e+04
-1.138203963870958978e+04
-1.138203963870958978e+04
-1.138203963870958978e+04
-1.138203963870958978e+04
-1.138203963870958978e+04
-1.138203963870958978e+04
-1.138203963870958978e+04
-1.138203963870958978e+04
-1.138203963870958978e+04
-1.138203963870958978e+04
-1.207418000743202902e+04
-1.207418000743202902e+04
-1.207418000743202902e+04
-1.207418000743202902e+04
-1.207418000743202902e+04
-1.207418000743202902e+04
-1.207418000743202902e+04
-1.207418000743202902e+04
-1.207418000743202902e+04
-1.207418000743202902e+04
-1.207418000743202902e+04
-1.207418000743202902e+04
-1.207418000743202902e+04
-1.207418000743202902e+04
-1.207418000743202902e+04
-1.207418000743202902e+04
-1.207418000743202902e+04
-1.207418000743202902e+04
-1.207418000743202902e+04
-1.207418000743202902e+04
-1.207418000743202902e+04
-1.207418000743202902e+04
-1.207418000743202902e+04
-1.207418000743202902e+04
-1.207418000743202902e+04
