-2.926349613792229320e+03
-2.926349613792229320e+03
-2.926349613792229320e+03
-2.926349613792229320e+03
-2.926349613792229320e+03
-3.077354666745482518e+03
-3.077354666745482518e+03
-3.077354666745482518e+03
-3.077354666745482518e+03
-3.077354666745482518e+03
-3.077354666745482518e+03
-3.077354666745482518e+03
-3.077354666745482518e+03
-3.077354666745482518e+03
-3.049746564097176815e+03
-3.049746564097176815e+03
-3.049746564097176815e+03
-3.049746564097176815e+03
-3.049746564097176815e+03
-3.046632702285339292e+03
-3.046632702285339292e+03
-3.046632702285339292e+03
-3.046632702285339292e+03
-3.046632702285339292e+03
-3.046632702285339292e+03
-3.046632702285339292e+03
-3.046632702285339292e+03
-3.046632702285339292e+03
-3.046632702285339292e+03
-3.044264929130961264e+03
-3.044264929130961264e+03
-3.044264929130961264e+03
-3.044264929130961264e+03
-3.044264929130961264e+03
-2.976460757532994194e+03
-2.976460757532994194e+03
-2.976460757532994194e+03
-2.976460757532994194e+03
-2.976460757532994194e+03
-2.976460757532994194e+03
-2.976460757532994194e+03
-2.976460757532994194e+03
-2.976460757532994194e+03
-2.976460757532994194e+03
-2.944041338650109537e+03
-2.944041338650109537e+03
-2.944041338650109537e+03
-2.944041338650109537e+03
-2.944041338650109537e+03
-2.944041338650109537e+03
-2.942979687285723230e+03
-2.942979687285723230e+03
-2.942979687285723230e+03
-2.942979687285723230e+03
-2.942979687285723230e+03
-2.942979687285723230e+03
-2.942979687285723230e+03
-2.942979687285723230e+03
-2.942979687285723230e+03
-2.962968468785761161e+03
-2.962968468785761161e+03
-2.962968468785761161e+03
-2.962968468785761161e+03
-2.962968468785761161e+03
-2.962968468785761161e+03
-2.951135776108066239e+03
-2.951135776108066239e+03
-2.951135776108066239e+03
-2.951135776108066239e+03
-2.951135776108066239e+03
-2.951135776108066239e+03
-2.951135776108066239e+03
-2.951135776108066239e+03
-2.951135776108066239e+03
-2.989027018762695207e+03
-2.989027018762695207e+03
-2.989027018762695207e+03
-2.989027018762695207e+03
-2.989027018762695207e+03
-2.989027018762695207e+03
-2.940829265324787684e+03
-2.940829265324787684e+03
-2.940829265324787684e+03
-2.940829265324787684e+03
-2.940829265324787684e+03
-2.940829265324787684e+03
-2.940829265324787684e+03
-2.940829265324787684e+03
-2.940829265324787684e+03
-2.977953127061944542e+03
-2.977953127061944542e+03
-2.977953127061944542e+03
-2.977953127061944542e+03
-2.977953127061944542e+03
-2.977953127061944542e+03
-3.027550630765289498e+03
-3.027550630765289498e+03
-3.027550630765289498e+03
-3.027550630765289498e+03
-3.027550630765289498e+03
-3.027550630765289498e+03
-3.027550630765289498e+03
-3.027550630765289498e+03
-3.027550630765289498e+03
-2.973978358764954464e+03
-2.973978358764954464e+03
-2.973978358764954464e+03
-2.973978358764954464e+03
-2.973978358764954464e+03
-2.973978358764954464e+03
-2.998001187636496070e+03
-2.998001187636496070e+03
-2.998001187636496070e+03
-2.998001187636496070e+03
-2.998001187636496070e+03
-2.998001187636496070e+03
-2.998001187636496070e+03
-2.998001187636496070e+03
-2.998001187636496070e+03
-2.971760126055543878e+03
-2.971760126055543878e+03
-2.971760126055543878e+03
-2.971760126055543878e+03
-2.971760126055543878e+03
-2.971760126055543878e+03
-3.105888127093331150e+03
-3.105888127093331150e+03
-3.105888127093331150e+03
-3.105888127093331150e+03
-3.105888127093331150e+03
-3.105888127093331150e+03
-3.105888127093331150e+03
-3.105888127093331150e+03
-3.105888127093331150e+03
-3.046372580652015131e+03
-3.046372580652015131e+03
-3.046372580652015131e+03
-3.046372580652015131e+03
-3.046372580652015131e+03
-3.046372580652015131e+03
-3.046372580652015131e+03
-3.046372580652015131e+03
-3.046372580652015131e+03
-3.046372580652015131e+03
-3.046372580652015131e+03
-3.046372580652015131e+03
-3.046372580652015131e+03
-3.046372580652015131e+03
-3.046372580652015131e+03
-3.055606575345580040e+03
-3.055606575345580040e+03
-3.055606575345580040e+03
-3.055606575345580040e+03
-3.055606575345580040e+03
-3.055606575345580040e+03
-3.094071628017441526e+03
-3.094071628017441526e+03
-3.094071628017441526e+03
-3.094071628017441526e+03
-3.094071628017441526e+03
-3.094071628017441526e+03
-3.094071628017441526e+03
-3.094071628017441526e+03
-3.094071628017441526e+03
-3.080826629209397652e+03
-3.080826629209397652e+03
-3.080826629209397652e+03
-3.080826629209397652e+03
-3.080826629209397652e+03
-3.054660864645781658e+03
-3.054660864645781658e+03
-3.054660864645781658e+03
-3.054660864645781658e+03
-3.054660864645781658e+03
-3.054660864645781658e+03
-3.054660864645781658e+03
-3.054660864645781658e+03
-3.054660864645781658e+03
-3.054660864645781658e+03
-3.049847254838082335e+03
-3.049847254838082335e+03
-3.049847254838082335e+03
-3.049847254838082335e+03
-3.049847254838082335e+03
-3.010239061564922849e+03
-3.010239061564922849e+03
-3.010239061564922849e+03
-3.010239061564922849e+03
-3.010239061564922849e+03
-3.010239061564922849e+03
-3.010239061564922849e+03
-3.010239061564922849e+03
-3.010239061564922849e+03
-3.010239061564922849e+03
-2.959491963564293656e+03
-2.959491963564293656e+03
-2.959491963564293656e+03
-2.959491963564293656e+03
-2.959491963564293656e+03
-3.008927521021721532e+03
-3.008927521021721532e+03
-3.008927521021721532e+03
-3.008927521021721532e+03
-3.008927521021721532e+03
-3.008927521021721532e+03
-3.008927521021721532e+03
-3.008927521021721532e+03
-3.008927521021721532e+03
-3.008927521021721532e+03
-3.026692971411387134e+03
-3.026692971411387134e+03
-3.026692971411387134e+03
-3.026692971411387134e+03
-3.026692971411387134e+03
-2.944829635734857220e+03
-2.944829635734857220e+03
-2.944829635734857220e+03
-2.944829635734857220e+03
-2.944829635734857220e+03
-2.944829635734857220e+03
-2.944829635734857220e+03
-2.944829635734857220e+03
-2.944829635734857220e+03
-2.944829635734857220e+03
-2.918995607963858674e+03
-2.918995607963858674e+03
-2.918995607963858674e+03
-2.918995607963858674e+03
-2.918995607963858674e+03
-2.950573280283651002e+03
-2.950573280283651002e+03
-2.950573280283651002e+03
-2.950573280283651002e+03
-2.950573280283651002e+03
-2.950573280283651002e+03
-2.950573280283651002e+03
-2.950573280283651002e+03
-2.950573280283651002e+03
-2.950573280283651002e+03
-2.932995102820657848e+03
-2.932995102820657848e+03
-2.932995102820657848e+03
-2.932995102820657848e+03
-2.932995102820657848e+03
-2.910831784754403088e+03
-2.910831784754403088e+03
-2.910831784754403088e+03
-2.910831784754403088e+03
-2.910831784754403088e+03
-2.910831784754403088e+03
-2.910831784754403088e+03
-2.910831784754403088e+03
-2.910831784754403088e+03
-2.910831784754403088e+03
-2.958231946999334468e+03
-2.958231946999334468e+03
-2.958231946999334468e+03
-2.958231946999334468e+03
-2.958231946999334468e+03
-2.976943193935574982e+03
-2.976943193935574982e+03
-2.976943193935574982e+03
-2.976943193935574982e+03
-2.976943193935574982e+03
-2.976943193935574982e+03
-2.976943193935574982e+03
-2.976943193935574982e+03
-2.976943193935574982e+03
-2.976943193935574982e+03
-3.004623527687683236e+03
-3.004623527687683236e+03
-3.004623527687683236e+03
-3.004623527687683236e+03
-3.004623527687683236e+03
-2.954291425720579355e+03
-2.954291425720579355e+03
-2.954291425720579355e+03
-2.954291425720579355e+03
-2.954291425720579355e+03
-2.954291425720579355e+03
-2.954291425720579355e+03
-2.954291425720579355e+03
-2.954291425720579355e+03
-2.954291425720579355e+03
-2.922797514055980173e+03
-2.922797514055980173e+03
-2.922797514055980173e+03
-2.922797514055980173e+03
-2.922797514055980173e+03
-2.922797514055980173e+03
-2.922797514055980173e+03
-2.922797514055980173e+03
-2.922797514055980173e+03
-2.922797514055980173e+03
-2.922797514055980173e+03
-2.922797514055980173e+03
-2.922797514055980173e+03
-2.922797514055980173e+03
-2.922797514055980173e+03
-2.947111052489619397e+03
-2.947111052489619397e+03
-2.947111052489619397e+03
-2.947111052489619397e+03
-2.947111052489619397e+03
-2.986425862776412941e+03
-2.986425862776412941e+03
-2.986425862776412941e+03
-2.986425862776412941e+03
-2.986425862776412941e+03
-2.986425862776412941e+03
-2.986425862776412941e+03
-2.986425862776412941e+03
-2.986425862776412941e+03
-2.986425862776412941e+03
-2.970311088219631529e+03
-2.970311088219631529e+03
-2.970311088219631529e+03
-2.970311088219631529e+03
-2.970311088219631529e+03
-2.945591517038327765e+03
-2.945591517038327765e+03
-2.945591517038327765e+03
-2.945591517038327765e+03
-2.945591517038327765e+03
-2.945591517038327765e+03
-2.945591517038327765e+03
-2.945591517038327765e+03
-2.945591517038327765e+03
-2.945591517038327765e+03
-2.936396679569597836e+03
-2.936396679569597836e+03
-2.936396679569597836e+03
-2.936396679569597836e+03
-2.936396679569597836e+03
-3.017246418825283399e+03
-3.017246418825283399e+03
-3.017246418825283399e+03
-3.017246418825283399e+03
-3.017246418825283399e+03
-3.017246418825283399e+03
-3.017246418825283399e+03
-3.017246418825283399e+03
-3.017246418825283399e+03
-3.017246418825283399e+03
-2.967399788577955860e+03
-2.967399788577955860e+03
-2.967399788577955860e+03
-2.967399788577955860e+03
-2.967399788577955860e+03
-2.934125266219934929e+03
-2.934125266219934929e+03
-2.934125266219934929e+03
-2.934125266219934929e+03
-2.934125266219934929e+03
-2.934125266219934929e+03
-2.934125266219934929e+03
-2.934125266219934929e+03
-2.934125266219934929e+03
-2.934125266219934929e+03
-2.972559809198265157e+03
-2.972559809198265157e+03
-2.972559809198265157e+03
-2.972559809198265157e+03
-2.972559809198265157e+03
-2.938443233875968872e+03
-2.938443233875968872e+03
-2.938443233875968872e+03
-2.938443233875968872e+03
-2.938443233875968872e+03
-2.938443233875968872e+03
-2.938443233875968872e+03
-2.938443233875968872e+03
-2.938443233875968872e+03
-2.938443233875968872e+03
-2.938596061634654689e+03
-2.938596061634654689e+03
-2.938596061634654689e+03
-2.938596061634654689e+03
-2.938596061634654689e+03
-2.938470304506621687e+03
-2.938470304506621687e+03
-2.938470304506621687e+03
-2.938470304506621687e+03
-2.938470304506621687e+03
-2.938470304506621687e+03
-2.938470304506621687e+03
-2.938470304506621687e+03
-2.938470304506621687e+03
-2.938470304506621687e+03
-2.904076999667402561e+03
-2.904076999667402561e+03
-2.904076999667402561e+03
-2.904076999667402561e+03
-2.904076999667402561e+03
-2.835404733711936387e+03
-2.835404733711936387e+03
-2.835404733711936387e+03
-2.835404733711936387e+03
-2.835404733711936387e+03
-2.835404733711936387e+03
-2.835404733711936387e+03
-2.835404733711936387e+03
-2.835404733711936387e+03
-2.835404733711936387e+03
-2.842624380108472906e+03
-2.842624380108472906e+03
-2.842624380108472906e+03
-2.842624380108472906e+03
-2.842624380108472906e+03
-2.855060399407519071e+03
-2.855060399407519071e+03
-2.855060399407519071e+03
-2.855060399407519071e+03
-2.855060399407519071e+03
-2.855060399407519071e+03
-2.855060399407519071e+03
-2.855060399407519071e+03
-2.855060399407519071e+03
-2.855060399407519071e+03
-2.841538356788839337e+03
-2.841538356788839337e+03
-2.841538356788839337e+03
-2.841538356788839337e+03
-2.841538356788839337e+03
-2.893750502965728174e+03
-2.893750502965728174e+03
-2.893750502965728174e+03
-2.893750502965728174e+03
-2.893750502965728174e+03
-2.893750502965728174e+03
-2.893750502965728174e+03
-2.893750502965728174e+03
-2.893750502965728174e+03
-2.893750502965728174e+03
-2.965454313459648802e+03
-2.965454313459648802e+03
-2.965454313459648802e+03
-2.965454313459648802e+03
-2.965454313459648802e+03
-2.965454313459648802e+03
-2.965454313459648802e+03
-2.965454313459648802e+03
-2.965454313459648802e+03
-2.965454313459648802e+03
-2.965454313459648802e+03
-2.965454313459648802e+03
-2.965454313459648802e+03
-2.965454313459648802e+03
-2.965454313459648802e+03
-2.949586928377394088e+03
-2.949586928377394088e+03
-2.949586928377394088e+03
-2.949586928377394088e+03
-2.949586928377394088e+03
-2.938173088978142005e+03
-2.938173088978142005e+03
-2.938173088978142005e+03
-2.938173088978142005e+03
-2.938173088978142005e+03
-2.938173088978142005e+03
-2.938173088978142005e+03
-2.938173088978142005e+03
-2.938173088978142005e+03
-2.938173088978142005e+03
-2.959296295633113914e+03
-2.959296295633113914e+03
-2.959296295633113914e+03
-2.959296295633113914e+03
-2.959296295633113914e+03
-2.914228089227919099e+03
-2.914228089227919099e+03
-2.914228089227919099e+03
-2.914228089227919099e+03
-2.914228089227919099e+03
-2.914228089227919099e+03
-2.914228089227919099e+03
-2.914228089227919099e+03
-2.914228089227919099e+03
-2.914228089227919099e+03
-2.884901331482328715e+03
-2.884901331482328715e+03
-2.884901331482328715e+03
-2.884901331482328715e+03
-2.884901331482328715e+03
-2.836203314979809875e+03
-2.836203314979809875e+03
-2.836203314979809875e+03
-2.836203314979809875e+03
-2.836203314979809875e+03
-2.836203314979809875e+03
-2.836203314979809875e+03
-2.836203314979809875e+03
-2.836203314979809875e+03
-2.836203314979809875e+03
-2.811658375085225998e+03
-2.811658375085225998e+03
-2.811658375085225998e+03
-2.811658375085225998e+03
-2.811658375085225998e+03
-2.762046253761733169e+03
-2.762046253761733169e+03
-2.762046253761733169e+03
-2.762046253761733169e+03
-2.762046253761733169e+03
-2.762046253761733169e+03
-2.762046253761733169e+03
-2.762046253761733169e+03
-2.762046253761733169e+03
-2.762046253761733169e+03
-2.737422401144014202e+03
-2.737422401144014202e+03
-2.737422401144014202e+03
-2.737422401144014202e+03
-2.737422401144014202e+03
-2.733913833842604163e+03
-2.733913833842604163e+03
-2.733913833842604163e+03
-2.733913833842604163e+03
-2.733913833842604163e+03
-2.733913833842604163e+03
-2.733913833842604163e+03
-2.733913833842604163e+03
-2.733913833842604163e+03
-2.733913833842604163e+03
-2.682041859668743655e+03
-2.682041859668743655e+03
-2.682041859668743655e+03
-2.682041859668743655e+03
-2.682041859668743655e+03
-2.672926699547060707e+03
-2.672926699547060707e+03
-2.672926699547060707e+03
-2.672926699547060707e+03
-2.672926699547060707e+03
-2.672926699547060707e+03
-2.672926699547060707e+03
-2.672926699547060707e+03
-2.672926699547060707e+03
-2.672926699547060707e+03
-2.712741189021593982e+03
-2.712741189021593982e+03
-2.712741189021593982e+03
-2.712741189021593982e+03
-2.712741189021593982e+03
-2.847860952590342094e+03
-2.847860952590342094e+03
-2.847860952590342094e+03
-2.847860952590342094e+03
-2.847860952590342094e+03
-2.847860952590342094e+03
-2.847860952590342094e+03
-2.847860952590342094e+03
-2.847860952590342094e+03
-2.847860952590342094e+03
-2.855869642944112456e+03
-2.855869642944112456e+03
-2.855869642944112456e+03
-2.855869642944112456e+03
-2.855869642944112456e+03
-2.832166333721997944e+03
-2.832166333721997944e+03
-2.832166333721997944e+03
-2.832166333721997944e+03
-2.832166333721997944e+03
-2.832166333721997944e+03
-2.832166333721997944e+03
-2.832166333721997944e+03
-2.832166333721997944e+03
-2.832166333721997944e+03
-2.898921013574041353e+03
-2.898921013574041353e+03
-2.898921013574041353e+03
-2.898921013574041353e+03
-2.898921013574041353e+03
-2.844958704427110661e+03
-2.844958704427110661e+03
-2.844958704427110661e+03
-2.844958704427110661e+03
-2.844958704427110661e+03
-2.844958704427110661e+03
-2.844958704427110661e+03
-2.844958704427110661e+03
-2.844958704427110661e+03
-2.844958704427110661e+03
-2.731626037718393491e+03
-2.731626037718393491e+03
-2.731626037718393491e+03
-2.731626037718393491e+03
-2.731626037718393491e+03
-2.731626037718393491e+03
-2.731626037718393491e+03
-2.731626037718393491e+03
-2.731626037718393491e+03
-2.731626037718393491e+03
-2.731626037718393491e+03
-2.731626037718393491e+03
-2.731626037718393491e+03
-2.731626037718393491e+03
-2.731626037718393491e+03
-2.724060278829066192e+03
-2.724060278829066192e+03
-2.724060278829066192e+03
-2.724060278829066192e+03
-2.724060278829066192e+03
-2.714732404845862675e+03
-2.714732404845862675e+03
-2.714732404845862675e+03
-2.714732404845862675e+03
-2.714732404845862675e+03
-2.714732404845862675e+03
-2.714732404845862675e+03
-2.714732404845862675e+03
-2.714732404845862675e+03
-2.714732404845862675e+03
-2.674033228528773634e+03
-2.674033228528773634e+03
-2.674033228528773634e+03
-2.674033228528773634e+03
-2.674033228528773634e+03
-2.617916410244757117e+03
-2.617916410244757117e+03
-2.617916410244757117e+03
-2.617916410244757117e+03
-2.617916410244757117e+03
-2.617916410244757117e+03
-2.617916410244757117e+03
-2.617916410244757117e+03
-2.617916410244757117e+03
-2.617916410244757117e+03
-2.547975676573936198e+03
-2.547975676573936198e+03
-2.547975676573936198e+03
-2.547975676573936198e+03
-2.547975676573936198e+03
-2.540720950942696618e+03
-2.540720950942696618e+03
-2.540720950942696618e+03
-2.540720950942696618e+03
-2.540720950942696618e+03
-2.540720950942696618e+03
-2.540720950942696618e+03
-2.540720950942696618e+03
-2.540720950942696618e+03
-2.540720950942696618e+03
-2.444188185218702074e+03
-2.444188185218702074e+03
-2.444188185218702074e+03
-2.444188185218702074e+03
-2.444188185218702074e+03
-2.444188185218702074e+03
-2.460364952492413977e+03
-2.460364952492413977e+03
-2.460364952492413977e+03
-2.460364952492413977e+03
-2.460364952492413977e+03
-2.460364952492413977e+03
-2.460364952492413977e+03
-2.460364952492413977e+03
-2.460364952492413977e+03
-2.423273750391440444e+03
-2.423273750391440444e+03
-2.423273750391440444e+03
-2.423273750391440444e+03
-2.423273750391440444e+03
-2.423273750391440444e+03
-2.390776264075629115e+03
-2.390776264075629115e+03
-2.390776264075629115e+03
-2.390776264075629115e+03
-2.390776264075629115e+03
-2.390776264075629115e+03
-2.390776264075629115e+03
-2.390776264075629115e+03
-2.390776264075629115e+03
-2.428579938291362396e+03
-2.428579938291362396e+03
-2.428579938291362396e+03
-2.428579938291362396e+03
-2.428579938291362396e+03
-2.428579938291362396e+03
-2.395204353892537256e+03
-2.395204353892537256e+03
-2.395204353892537256e+03
-2.395204353892537256e+03
-2.395204353892537256e+03
-2.395204353892537256e+03
-2.395204353892537256e+03
-2.395204353892537256e+03
-2.395204353892537256e+03
-2.352539867882660928e+03
-2.352539867882660928e+03
-2.352539867882660928e+03
-2.352539867882660928e+03
-2.352539867882660928e+03
-2.352539867882660928e+03
-2.331541259081965109e+03
-2.331541259081965109e+03
-2.331541259081965109e+03
-2.331541259081965109e+03
-2.331541259081965109e+03
-2.331541259081965109e+03
-2.331541259081965109e+03
-2.331541259081965109e+03
-2.331541259081965109e+03
-2.342757291255825294e+03
-2.342757291255825294e+03
-2.342757291255825294e+03
-2.342757291255825294e+03
-2.342757291255825294e+03
-2.342757291255825294e+03
-2.316585079104963825e+03
-2.316585079104963825e+03
-2.316585079104963825e+03
-2.316585079104963825e+03
-2.316585079104963825e+03
-2.316585079104963825e+03
-2.316585079104963825e+03
-2.316585079104963825e+03
-2.316585079104963825e+03
-2.256019448149574600e+03
-2.256019448149574600e+03
-2.256019448149574600e+03
-2.256019448149574600e+03
-2.256019448149574600e+03
-2.256019448149574600e+03
-2.242227211212288239e+03
-2.242227211212288239e+03
-2.242227211212288239e+03
-2.242227211212288239e+03
-2.242227211212288239e+03
-2.242227211212288239e+03
-2.242227211212288239e+03
-2.242227211212288239e+03
-2.242227211212288239e+03
-2.196593005759558764e+03
-2.196593005759558764e+03
-2.196593005759558764e+03
-2.196593005759558764e+03
-2.196593005759558764e+03
-2.196593005759558764e+03
-2.196593005759558764e+03
-2.196593005759558764e+03
-2.196593005759558764e+03
-2.196593005759558764e+03
-2.196593005759558764e+03
-2.196593005759558764e+03
-2.196593005759558764e+03
-2.196593005759558764e+03
-2.196593005759558764e+03
-2.147138510382760614e+03
-2.147138510382760614e+03
-2.147138510382760614e+03
-2.147138510382760614e+03
-2.147138510382760614e+03
-2.147138510382760614e+03
-2.065318034223538234e+03
-2.065318034223538234e+03
-2.065318034223538234e+03
-2.065318034223538234e+03
-2.065318034223538234e+03
-2.065318034223538234e+03
-2.065318034223538234e+03
-2.065318034223538234e+03
-2.065318034223538234e+03
-2.071239730005680030e+03
-2.071239730005680030e+03
-2.071239730005680030e+03
-2.071239730005680030e+03
-2.071239730005680030e+03
-2.071239730005680030e+03
-2.002383938849261085e+03
-2.002383938849261085e+03
-2.002383938849261085e+03
-2.002383938849261085e+03
-2.002383938849261085e+03
-2.002383938849261085e+03
-2.002383938849261085e+03
-2.002383938849261085e+03
-2.002383938849261085e+03
-1.996880106562774017e+03
-1.996880106562774017e+03
-1.996880106562774017e+03
-1.996880106562774017e+03
-1.996880106562774017e+03
-1.996880106562774017e+03
-1.914891233394758274e+03
-1.914891233394758274e+03
-1.914891233394758274e+03
-1.914891233394758274e+03
-1.914891233394758274e+03
-1.914891233394758274e+03
-1.914891233394758274e+03
-1.914891233394758274e+03
-1.914891233394758274e+03
-1.871173445546372477e+03
-1.871173445546372477e+03
-1.871173445546372477e+03
-1.871173445546372477e+03
-1.871173445546372477e+03
-1.871173445546372477e+03
-1.910763843454466041e+03
-1.910763843454466041e+03
-1.910763843454466041e+03
-1.910763843454466041e+03
-1.910763843454466041e+03
-1.910763843454466041e+03
-1.910763843454466041e+03
-1.910763843454466041e+03
-1.910763843454466041e+03
-1.837699772499405299e+03
-1.837699772499405299e+03
-1.837699772499405299e+03
-1.837699772499405299e+03
-1.837699772499405299e+03
-1.837699772499405299e+03
-1.760440961703086487e+03
-1.760440961703086487e+03
-1.760440961703086487e+03
-1.760440961703086487e+03
-1.760440961703086487e+03
-1.760440961703086487e+03
-1.760440961703086487e+03
-1.760440961703086487e+03
-1.760440961703086487e+03
-1.749262923149880180e+03
-1.749262923149880180e+03
-1.749262923149880180e+03
-1.749262923149880180e+03
-1.749262923149880180e+03
-1.749262923149880180e+03
-1.676814154525044842e+03
-1.676814154525044842e+03
-1.676814154525044842e+03
-1.676814154525044842e+03
-1.676814154525044842e+03
-1.676814154525044842e+03
-1.676814154525044842e+03
-1.676814154525044842e+03
-1.676814154525044842e+03
-1.632000235963456362e+03
-1.632000235963456362e+03
-1.632000235963456362e+03
-1.632000235963456362e+03
-1.632000235963456362e+03
-1.632000235963456362e+03
-1.534081639866992418e+03
-1.534081639866992418e+03
-1.534081639866992418e+03
-1.534081639866992418e+03
-1.534081639866992418e+03
-1.534081639866992418e+03
-1.534081639866992418e+03
-1.534081639866992418e+03
-1.534081639866992418e+03
-1.516538109972262191e+03
-1.516538109972262191e+03
-1.516538109972262191e+03
-1.516538109972262191e+03
-1.516538109972262191e+03
-1.516538109972262191e+03
-1.464850757262971683e+03
-1.464850757262971683e+03
-1.464850757262971683e+03
-1.464850757262971683e+03
-1.464850757262971683e+03
-1.464850757262971683e+03
-1.464850757262971683e+03
-1.464850757262971683e+03
-1.464850757262971683e+03
-1.391875102130990399e+03
-1.391875102130990399e+03
-1.391875102130990399e+03
-1.391875102130990399e+03
-1.391875102130990399e+03
-1.391875102130990399e+03
-1.387512217158997828e+03
-1.387512217158997828e+03
-1.387512217158997828e+03
-1.387512217158997828e+03
-1.387512217158997828e+03
-1.387512217158997828e+03
-1.387512217158997828e+03
-1.387512217158997828e+03
-1.387512217158997828e+03
-1.289428931288405920e+03
-1.289428931288405920e+03
-1.289428931288405920e+03
-1.289428931288405920e+03
-1.289428931288405920e+03
-1.289428931288405920e+03
-1.289428931288405920e+03
-1.289428931288405920e+03
-1.289428931288405920e+03
-1.289428931288405920e+03
-1.289428931288405920e+03
-1.289428931288405920e+03
-1.289428931288405920e+03
-1.289428931288405920e+03
-1.289428931288405920e+03
-1.282272704938513016e+03
-1.282272704938513016e+03
-1.282272704938513016e+03
-1.282272704938513016e+03
-1.282272704938513016e+03
-1.282272704938513016e+03
-1.191058930957860184e+03
-1.191058930957860184e+03
-1.191058930957860184e+03
-1.191058930957860184e+03
-1.191058930957860184e+03
-1.191058930957860184e+03
-1.191058930957860184e+03
-1.191058930957860184e+03
-1.191058930957860184e+03
-1.170263847160452769e+03
-1.170263847160452769e+03
-1.170263847160452769e+03
-1.170263847160452769e+03
-1.170263847160452769e+03
-1.170263847160452769e+03
-1.129204619705701589e+03
-1.129204619705701589e+03
-1.129204619705701589e+03
-1.129204619705701589e+03
-1.129204619705701589e+03
-1.129204619705701589e+03
-1.129204619705701589e+03
-1.129204619705701589e+03
-1.129204619705701589e+03
-1.095220082129398634e+03
-1.095220082129398634e+03
-1.095220082129398634e+03
-1.095220082129398634e+03
-1.095220082129398634e+03
-1.095220082129398634e+03
-1.009641800066122983e+03
-1.009641800066122983e+03
-1.009641800066122983e+03
-1.009641800066122983e+03
-1.009641800066122983e+03
-1.009641800066122983e+03
-1.009641800066122983e+03
-1.009641800066122983e+03
-1.009641800066122983e+03
-9.261846778102504913e+02
-9.261846778102504913e+02
-9.261846778102504913e+02
-9.261846778102504913e+02
-9.261846778102504913e+02
-9.261846778102504913e+02
-9.480968961998412396e+02
-9.480968961998412396e+02
-9.480968961998412396e+02
-9.480968961998412396e+02
-9.480968961998412396e+02
-9.480968961998412396e+02
-9.480968961998412396e+02
-9.480968961998412396e+02
-9.480968961998412396e+02
-8.578530729797753338e+02
-8.578530729797753338e+02
-8.578530729797753338e+02
-8.578530729797753338e+02
-8.578530729797753338e+02
-8.578530729797753338e+02
-8.329637157712802491e+02
-8.329637157712802491e+02
-8.329637157712802491e+02
-8.329637157712802491e+02
-8.329637157712802491e+02
-8.329637157712802491e+02
-8.329637157712802491e+02
-8.329637157712802491e+02
-8.329637157712802491e+02
-8.295495855250386512e+02
-8.295495855250386512e+02
-8.295495855250386512e+02
-8.295495855250386512e+02
-8.295495855250386512e+02
-8.295495855250386512e+02
-8.053993326770747672e+02
-8.053993326770747672e+02
-8.053993326770747672e+02
-8.053993326770747672e+02
-8.053993326770747672e+02
-8.053993326770747672e+02
-8.053993326770747672e+02
-8.053993326770747672e+02
-8.053993326770747672e+02
-7.786415702413523832e+02
-7.786415702413523832e+02
-7.786415702413523832e+02
-7.786415702413523832e+02
-7.786415702413523832e+02
-7.786415702413523832e+02
-7.249210037350849234e+02
-7.249210037350849234e+02
-7.249210037350849234e+02
-7.249210037350849234e+02
-7.249210037350849234e+02
-7.249210037350849234e+02
-7.249210037350849234e+02
-7.249210037350849234e+02
-7.249210037350849234e+02
-7.067627612089578406e+02
-7.067627612089578406e+02
-7.067627612089578406e+02
-7.067627612089578406e+02
-7.067627612089578406e+02
-7.067627612089578406e+02
-6.610458059745833452e+02
-6.610458059745833452e+02
-6.610458059745833452e+02
-6.610458059745833452e+02
-6.610458059745833452e+02
-6.610458059745833452e+02
-6.610458059745833452e+02
-6.610458059745833452e+02
-6.610458059745833452e+02
-5.948929765418276929e+02
-5.948929765418276929e+02
-5.948929765418276929e+02
-5.948929765418276929e+02
-5.948929765418276929e+02
-5.948929765418276929e+02
-5.520860872743448908e+02
-5.520860872743448908e+02
-5.520860872743448908e+02
-5.520860872743448908e+02
-5.520860872743448908e+02
-5.520860872743448908e+02
-5.520860872743448908e+02
-5.520860872743448908e+02
-5.520860872743448908e+02
-5.003781948355322129e+02
-5.003781948355322129e+02
-5.003781948355322129e+02
-5.003781948355322129e+02
-5.003781948355322129e+02
-5.003781948355322129e+02
-5.003781948355322129e+02
-5.003781948355322129e+02
-5.003781948355322129e+02
-5.003781948355322129e+02
-5.003781948355322129e+02
-5.003781948355322129e+02
-5.003781948355322129e+02
-5.003781948355322129e+02
-5.003781948355322129e+02
-4.848777769243404236e+02
-4.848777769243404236e+02
-4.848777769243404236e+02
-4.848777769243404236e+02
-4.848777769243404236e+02
-4.848777769243404236e+02
-4.163908194787390471e+02
-4.163908194787390471e+02
-4.163908194787390471e+02
-4.163908194787390471e+02
-4.163908194787390471e+02
-4.163908194787390471e+02
-4.163908194787390471e+02
-4.163908194787390471e+02
-4.163908194787390471e+02
-3.775121248671804324e+02
-3.775121248671804324e+02
-3.775121248671804324e+02
-3.775121248671804324e+02
-3.775121248671804324e+02
-3.775121248671804324e+02
-3.362782235411677902e+02
-3.362782235411677902e+02
-3.362782235411677902e+02
-3.362782235411677902e+02
-3.362782235411677902e+02
-3.362782235411677902e+02
-3.362782235411677902e+02
-3.362782235411677902e+02
-3.362782235411677902e+02
-3.111636843031471926e+02
-3.111636843031471926e+02
-3.111636843031471926e+02
-3.111636843031471926e+02
-3.111636843031471926e+02
-3.111636843031471926e+02
-2.019519305025850144e+02
-2.019519305025850144e+02
-2.019519305025850144e+02
-2.019519305025850144e+02
-2.019519305025850144e+02
-2.019519305025850144e+02
-2.019519305025850144e+02
-2.019519305025850144e+02
-2.019519305025850144e+02
-1.122563998691489928e+02
-1.122563998691489928e+02
-1.122563998691489928e+02
-1.122563998691489928e+02
-1.122563998691489928e+02
-1.122563998691489928e+02
-1.221977359636979514e+02
-1.221977359636979514e+02
-1.221977359636979514e+02
-1.221977359636979514e+02
-1.221977359636979514e+02
-1.221977359636979514e+02
-1.221977359636979514e+02
-1.221977359636979514e+02
-1.221977359636979514e+02
-5.516756690154021214e+01
-5.516756690154021214e+01
-5.516756690154021214e+01
-5.516756690154021214e+01
-5.516756690154021214e+01
-5.516756690154021214e+01
-1.252113294223778439e+01
-1.252113294223778439e+01
-1.252113294223778439e+01
-1.252113294223778439e+01
-1.252113294223778439e+01
-1.252113294223778439e+01
-1.252113294223778439e+01
-1.252113294223778439e+01
-1.252113294223778439e+01
1.073432646935087931e+01
1.073432646935087931e+01
1.073432646935087931e+01
1.073432646935087931e+01
1.073432646935087931e+01
1.073432646935087931e+01
3.815265242312398897e+01
3.815265242312398897e+01
3.815265242312398897e+01
3.815265242312398897e+01
3.815265242312398897e+01
3.815265242312398897e+01
3.815265242312398897e+01
3.815265242312398897e+01
3.815265242312398897e+01
6.798125837664362336e+01
6.798125837664362336e+01
6.798125837664362336e+01
6.798125837664362336e+01
6.798125837664362336e+01
6.798125837664362336e+01
1.333605853525179725e+02
1.333605853525179725e+02
1.333605853525179725e+02
1.333605853525179725e+02
1.333605853525179725e+02
1.333605853525179725e+02
1.333605853525179725e+02
1.333605853525179725e+02
1.333605853525179725e+02
1.516125373807112453e+02
1.516125373807112453e+02
1.516125373807112453e+02
1.516125373807112453e+02
1.516125373807112453e+02
1.516125373807112453e+02
1.915753310859578846e+02
1.915753310859578846e+02
1.915753310859578846e+02
1.915753310859578846e+02
1.915753310859578846e+02
1.915753310859578846e+02
1.915753310859578846e+02
1.915753310859578846e+02
1.915753310859578846e+02
2.385108971438648666e+02
2.385108971438648666e+02
2.385108971438648666e+02
2.385108971438648666e+02
2.385108971438648666e+02
2.385108971438648666e+02
2.787775740225940240e+02
2.787775740225940240e+02
2.787775740225940240e+02
2.787775740225940240e+02
2.787775740225940240e+02
2.787775740225940240e+02
2.787775740225940240e+02
2.787775740225940240e+02
2.787775740225940240e+02
3.211997210488709129e+02
3.211997210488709129e+02
3.211997210488709129e+02
3.211997210488709129e+02
3.211997210488709129e+02
3.211997210488709129e+02
3.211997210488709129e+02
3.211997210488709129e+02
3.211997210488709129e+02
3.211997210488709129e+02
3.211997210488709129e+02
3.211997210488709129e+02
3.211997210488709129e+02
3.211997210488709129e+02
3.211997210488709129e+02
3.621279865268930962e+02
3.621279865268930962e+02
3.621279865268930962e+02
3.621279865268930962e+02
3.621279865268930962e+02
3.621279865268930962e+02
4.505761167337761890e+02
4.505761167337761890e+02
4.505761167337761890e+02
4.505761167337761890e+02
4.505761167337761890e+02
4.505761167337761890e+02
4.505761167337761890e+02
4.505761167337761890e+02
4.505761167337761890e+02
4.871879880694771714e+02
4.871879880694771714e+02
4.871879880694771714e+02
4.871879880694771714e+02
4.871879880694771714e+02
4.871879880694771714e+02
5.342804279778001728e+02
5.342804279778001728e+02
5.342804279778001728e+02
5.342804279778001728e+02
5.342804279778001728e+02
5.342804279778001728e+02
5.342804279778001728e+02
5.342804279778001728e+02
5.342804279778001728e+02
5.560112390415463324e+02
5.560112390415463324e+02
5.560112390415463324e+02
5.560112390415463324e+02
5.560112390415463324e+02
5.560112390415463324e+02
6.202153877950656806e+02
6.202153877950656806e+02
6.202153877950656806e+02
6.202153877950656806e+02
6.202153877950656806e+02
6.202153877950656806e+02
6.202153877950656806e+02
6.202153877950656806e+02
6.202153877950656806e+02
6.758654406893715532e+02
6.758654406893715532e+02
6.758654406893715532e+02
6.758654406893715532e+02
6.758654406893715532e+02
6.758654406893715532e+02
6.886989771007202989e+02
6.886989771007202989e+02
6.886989771007202989e+02
6.886989771007202989e+02
6.886989771007202989e+02
6.886989771007202989e+02
6.886989771007202989e+02
6.886989771007202989e+02
6.886989771007202989e+02
7.277943192738539437e+02
7.277943192738539437e+02
7.277943192738539437e+02
7.277943192738539437e+02
7.277943192738539437e+02
7.277943192738539437e+02
7.974580407444377670e+02
7.974580407444377670e+02
7.974580407444377670e+02
7.974580407444377670e+02
7.974580407444377670e+02
7.974580407444377670e+02
7.974580407444377670e+02
7.974580407444377670e+02
7.974580407444377670e+02
8.257509165118560759e+02
8.257509165118560759e+02
8.257509165118560759e+02
8.257509165118560759e+02
8.257509165118560759e+02
8.257509165118560759e+02
8.673409311641632939e+02
8.673409311641632939e+02
8.673409311641632939e+02
8.673409311641632939e+02
8.673409311641632939e+02
8.673409311641632939e+02
8.673409311641632939e+02
8.673409311641632939e+02
8.673409311641632939e+02
9.068621718407432581e+02
9.068621718407432581e+02
9.068621718407432581e+02
9.068621718407432581e+02
9.068621718407432581e+02
9.068621718407432581e+02
9.782766729177511706e+02
9.782766729177511706e+02
9.782766729177511706e+02
9.782766729177511706e+02
9.782766729177511706e+02
9.782766729177511706e+02
9.782766729177511706e+02
9.782766729177511706e+02
9.782766729177511706e+02
9.978107150890793946e+02
9.978107150890793946e+02
9.978107150890793946e+02
9.978107150890793946e+02
9.978107150890793946e+02
9.978107150890793946e+02
1.031770390583047401e+03
1.031770390583047401e+03
1.031770390583047401e+03
1.031770390583047401e+03
1.031770390583047401e+03
1.031770390583047401e+03
1.031770390583047401e+03
1.031770390583047401e+03
1.031770390583047401e+03
1.087651197636182133e+03
1.087651197636182133e+03
1.087651197636182133e+03
1.087651197636182133e+03
1.087651197636182133e+03
1.087651197636182133e+03
1.164286464235470021e+03
1.164286464235470021e+03
1.164286464235470021e+03
1.164286464235470021e+03
1.164286464235470021e+03
1.164286464235470021e+03
1.164286464235470021e+03
1.164286464235470021e+03
1.164286464235470021e+03
1.203563672992158899e+03
1.203563672992158899e+03
1.203563672992158899e+03
1.203563672992158899e+03
1.203563672992158899e+03
1.203563672992158899e+03
1.203563672992158899e+03
1.203563672992158899e+03
1.203563672992158899e+03
1.203563672992158899e+03
1.203563672992158899e+03
1.203563672992158899e+03
1.203563672992158899e+03
1.203563672992158899e+03
1.203563672992158899e+03
1.232454824413897086e+03
1.232454824413897086e+03
1.232454824413897086e+03
1.232454824413897086e+03
1.232454824413897086e+03
1.232454824413897086e+03
1.307112140302347598e+03
1.307112140302347598e+03
1.307112140302347598e+03
1.307112140302347598e+03
1.307112140302347598e+03
1.307112140302347598e+03
1.307112140302347598e+03
1.307112140302347598e+03
1.307112140302347598e+03
1.329793194939584055e+03
1.329793194939584055e+03
1.329793194939584055e+03
1.329793194939584055e+03
1.329793194939584055e+03
1.329793194939584055e+03
1.355894324662386225e+03
1.355894324662386225e+03
1.355894324662386225e+03
1.355894324662386225e+03
1.355894324662386225e+03
1.355894324662386225e+03
1.355894324662386225e+03
1.355894324662386225e+03
1.355894324662386225e+03
1.388413804848456039e+03
1.388413804848456039e+03
1.388413804848456039e+03
1.388413804848456039e+03
1.388413804848456039e+03
1.388413804848456039e+03
1.457143720060099213e+03
1.457143720060099213e+03
1.457143720060099213e+03
1.457143720060099213e+03
1.457143720060099213e+03
1.457143720060099213e+03
1.457143720060099213e+03
1.457143720060099213e+03
1.457143720060099213e+03
1.485063150687634334e+03
1.485063150687634334e+03
1.485063150687634334e+03
1.485063150687634334e+03
1.485063150687634334e+03
1.485063150687634334e+03
1.520103488372642687e+03
1.520103488372642687e+03
1.520103488372642687e+03
1.520103488372642687e+03
1.520103488372642687e+03
1.520103488372642687e+03
1.520103488372642687e+03
1.520103488372642687e+03
1.520103488372642687e+03
1.550557260991472276e+03
1.550557260991472276e+03
1.550557260991472276e+03
1.550557260991472276e+03
1.550557260991472276e+03
1.550557260991472276e+03
1.615107559679278438e+03
1.615107559679278438e+03
1.615107559679278438e+03
1.615107559679278438e+03
1.615107559679278438e+03
1.615107559679278438e+03
1.615107559679278438e+03
1.615107559679278438e+03
1.615107559679278438e+03
1.647564285229872212e+03
1.647564285229872212e+03
1.647564285229872212e+03
1.647564285229872212e+03
1.647564285229872212e+03
1.647564285229872212e+03
1.681360403463927469e+03
1.681360403463927469e+03
1.681360403463927469e+03
1.681360403463927469e+03
1.681360403463927469e+03
1.681360403463927469e+03
1.681360403463927469e+03
1.681360403463927469e+03
1.681360403463927469e+03
1.720026071181109728e+03
1.720026071181109728e+03
1.720026071181109728e+03
1.720026071181109728e+03
1.720026071181109728e+03
1.720026071181109728e+03
1.810755020015154969e+03
1.810755020015154969e+03
1.810755020015154969e+03
1.810755020015154969e+03
1.810755020015154969e+03
1.810755020015154969e+03
1.810755020015154969e+03
1.810755020015154969e+03
1.810755020015154969e+03
1.831604679932377621e+03
1.831604679932377621e+03
1.831604679932377621e+03
1.831604679932377621e+03
1.831604679932377621e+03
1.831604679932377621e+03
1.877174213983943673e+03
1.877174213983943673e+03
1.877174213983943673e+03
1.877174213983943673e+03
1.877174213983943673e+03
1.877174213983943673e+03
1.877174213983943673e+03
1.877174213983943673e+03
1.877174213983943673e+03
1.895952720414568603e+03
1.895952720414568603e+03
1.895952720414568603e+03
1.895952720414568603e+03
1.895952720414568603e+03
1.895952720414568603e+03
1.977664803047974146e+03
1.977664803047974146e+03
1.977664803047974146e+03
1.977664803047974146e+03
1.977664803047974146e+03
1.977664803047974146e+03
1.977664803047974146e+03
1.977664803047974146e+03
1.977664803047974146e+03
1.992833071217739871e+03
1.992833071217739871e+03
1.992833071217739871e+03
1.992833071217739871e+03
1.992833071217739871e+03
1.992833071217739871e+03
1.992833071217739871e+03
1.992833071217739871e+03
1.992833071217739871e+03
1.992833071217739871e+03
1.992833071217739871e+03
1.992833071217739871e+03
1.992833071217739871e+03
1.992833071217739871e+03
1.992833071217739871e+03
2.032268222774925562e+03
2.032268222774925562e+03
2.032268222774925562e+03
2.032268222774925562e+03
2.032268222774925562e+03
2.032268222774925562e+03
2.109514753047144040e+03
2.109514753047144040e+03
2.109514753047144040e+03
2.109514753047144040e+03
2.109514753047144040e+03
2.109514753047144040e+03
2.109514753047144040e+03
2.109514753047144040e+03
2.109514753047144040e+03
2.134047157188697383e+03
2.134047157188697383e+03
2.134047157188697383e+03
2.134047157188697383e+03
2.134047157188697383e+03
2.134047157188697383e+03
2.188308537751154745e+03
2.188308537751154745e+03
2.188308537751154745e+03
2.188308537751154745e+03
2.188308537751154745e+03
2.188308537751154745e+03
2.188308537751154745e+03
2.188308537751154745e+03
2.188308537751154745e+03
2.249332595149735425e+03
2.249332595149735425e+03
2.249332595149735425e+03
2.249332595149735425e+03
2.249332595149735425e+03
2.249332595149735425e+03
2.332402518854858499e+03
2.332402518854858499e+03
2.332402518854858499e+03
2.332402518854858499e+03
2.332402518854858499e+03
2.332402518854858499e+03
2.332402518854858499e+03
2.332402518854858499e+03
2.332402518854858499e+03
2.334359468522540283e+03
2.334359468522540283e+03
2.334359468522540283e+03
2.334359468522540283e+03
2.334359468522540283e+03
2.334359468522540283e+03
2.411806555165875579e+03
2.411806555165875579e+03
2.411806555165875579e+03
2.411806555165875579e+03
2.411806555165875579e+03
2.411806555165875579e+03
2.411806555165875579e+03
2.411806555165875579e+03
2.411806555165875579e+03
2.414566178510473037e+03
2.414566178510473037e+03
2.414566178510473037e+03
2.414566178510473037e+03
2.414566178510473037e+03
2.414566178510473037e+03
2.454425626985815597e+03
2.454425626985815597e+03
2.454425626985815597e+03
2.454425626985815597e+03
2.454425626985815597e+03
2.454425626985815597e+03
2.454425626985815597e+03
2.454425626985815597e+03
2.454425626985815597e+03
2.477382190406505288e+03
2.477382190406505288e+03
2.477382190406505288e+03
2.477382190406505288e+03
2.477382190406505288e+03
2.477382190406505288e+03
2.502161298600239661e+03
2.502161298600239661e+03
2.502161298600239661e+03
2.502161298600239661e+03
2.502161298600239661e+03
2.502161298600239661e+03
2.502161298600239661e+03
2.502161298600239661e+03
2.502161298600239661e+03
2.551640239491906868e+03
2.551640239491906868e+03
2.551640239491906868e+03
2.551640239491906868e+03
2.551640239491906868e+03
2.551640239491906868e+03
2.636755097077108985e+03
2.636755097077108985e+03
2.636755097077108985e+03
2.636755097077108985e+03
2.636755097077108985e+03
2.636755097077108985e+03
2.636755097077108985e+03
2.636755097077108985e+03
2.636755097077108985e+03
2.663320335691259970e+03
2.663320335691259970e+03
2.663320335691259970e+03
2.663320335691259970e+03
2.663320335691259970e+03
2.663320335691259970e+03
2.687771949555699393e+03
2.687771949555699393e+03
2.687771949555699393e+03
2.687771949555699393e+03
2.687771949555699393e+03
2.687771949555699393e+03
2.687771949555699393e+03
2.687771949555699393e+03
2.687771949555699393e+03
2.680729083684316265e+03
2.680729083684316265e+03
2.680729083684316265e+03
2.680729083684316265e+03
2.680729083684316265e+03
2.680729083684316265e+03
2.809552082022552440e+03
2.809552082022552440e+03
2.809552082022552440e+03
2.809552082022552440e+03
2.809552082022552440e+03
2.809552082022552440e+03
2.809552082022552440e+03
2.809552082022552440e+03
2.809552082022552440e+03
2.790846792868257580e+03
2.790846792868257580e+03
2.790846792868257580e+03
2.790846792868257580e+03
2.790846792868257580e+03
2.790846792868257580e+03
2.790846792868257580e+03
2.790846792868257580e+03
2.790846792868257580e+03
2.790846792868257580e+03
2.790846792868257580e+03
2.790846792868257580e+03
2.790846792868257580e+03
2.790846792868257580e+03
2.790846792868257580e+03
2.821387899180759632e+03
2.821387899180759632e+03
2.821387899180759632e+03
2.821387899180759632e+03
2.821387899180759632e+03
2.821387899180759632e+03
2.963241876502262130e+03
2.963241876502262130e+03
2.963241876502262130e+03
2.963241876502262130e+03
2.963241876502262130e+03
2.963241876502262130e+03
2.963241876502262130e+03
2.963241876502262130e+03
2.963241876502262130e+03
3.009283157680931254e+03
3.009283157680931254e+03
3.009283157680931254e+03
3.009283157680931254e+03
3.009283157680931254e+03
3.009283157680931254e+03
3.038009859094882813e+03
3.038009859094882813e+03
3.038009859094882813e+03
3.038009859094882813e+03
3.038009859094882813e+03
3.038009859094882813e+03
3.038009859094882813e+03
3.038009859094882813e+03
3.038009859094882813e+03
3.084570593574846953e+03
3.084570593574846953e+03
3.084570593574846953e+03
3.084570593574846953e+03
3.084570593574846953e+03
3.084570593574846953e+03
3.163675967160658729e+03
3.163675967160658729e+03
3.163675967160658729e+03
3.163675967160658729e+03
3.163675967160658729e+03
3.163675967160658729e+03
3.163675967160658729e+03
3.163675967160658729e+03
3.163675967160658729e+03
3.139400089294537793e+03
3.139400089294537793e+03
3.139400089294537793e+03
3.139400089294537793e+03
3.139400089294537793e+03
3.139400089294537793e+03
3.218381412977462787e+03
3.218381412977462787e+03
3.218381412977462787e+03
3.218381412977462787e+03
3.218381412977462787e+03
3.218381412977462787e+03
3.218381412977462787e+03
3.218381412977462787e+03
3.218381412977462787e+03
3.199213161112755188e+03
3.199213161112755188e+03
3.199213161112755188e+03
3.199213161112755188e+03
3.199213161112755188e+03
3.199213161112755188e+03
3.269200676773574287e+03
3.269200676773574287e+03
3.269200676773574287e+03
3.269200676773574287e+03
3.269200676773574287e+03
3.269200676773574287e+03
3.269200676773574287e+03
3.269200676773574287e+03
3.269200676773574287e+03
3.281334352466425116e+03
3.281334352466425116e+03
3.281334352466425116e+03
3.281334352466425116e+03
3.281334352466425116e+03
3.281334352466425116e+03
3.319793751314336532e+03
3.319793751314336532e+03
3.319793751314336532e+03
3.319793751314336532e+03
3.319793751314336532e+03
3.319793751314336532e+03
3.319793751314336532e+03
3.319793751314336532e+03
3.319793751314336532e+03
3.362679179503769319e+03
3.362679179503769319e+03
3.362679179503769319e+03
3.362679179503769319e+03
3.362679179503769319e+03
3.362679179503769319e+03
3.505164554433994454e+03
3.505164554433994454e+03
3.505164554433994454e+03
3.505164554433994454e+03
3.505164554433994454e+03
3.505164554433994454e+03
3.505164554433994454e+03
3.505164554433994454e+03
3.505164554433994454e+03
3.507653952997089164e+03
3.507653952997089164e+03
3.507653952997089164e+03
3.507653952997089164e+03
3.507653952997089164e+03
3.507653952997089164e+03
3.533850380610806496e+03
3.533850380610806496e+03
3.533850380610806496e+03
3.533850380610806496e+03
3.533850380610806496e+03
3.533850380610806496e+03
3.533850380610806496e+03
3.533850380610806496e+03
3.533850380610806496e+03
3.491749824082845407e+03
3.491749824082845407e+03
3.491749824082845407e+03
3.491749824082845407e+03
3.491749824082845407e+03
3.491749824082845407e+03
3.651858433792415326e+03
3.651858433792415326e+03
3.651858433792415326e+03
3.651858433792415326e+03
3.651858433792415326e+03
3.651858433792415326e+03
3.651858433792415326e+03
3.651858433792415326e+03
3.651858433792415326e+03
3.595767012681051710e+03
3.595767012681051710e+03
3.595767012681051710e+03
3.595767012681051710e+03
3.595767012681051710e+03
3.595767012681051710e+03
3.595767012681051710e+03
3.595767012681051710e+03
3.595767012681051710e+03
3.595767012681051710e+03
3.595767012681051710e+03
3.595767012681051710e+03
3.595767012681051710e+03
3.595767012681051710e+03
3.595767012681051710e+03
3.654941340448644951e+03
3.654941340448644951e+03
3.654941340448644951e+03
3.654941340448644951e+03
3.654941340448644951e+03
3.654941340448644951e+03
3.841797399927824245e+03
3.841797399927824245e+03
3.841797399927824245e+03
3.841797399927824245e+03
3.841797399927824245e+03
3.841797399927824245e+03
3.841797399927824245e+03
3.841797399927824245e+03
3.841797399927824245e+03
3.859617760316768909e+03
3.859617760316768909e+03
3.859617760316768909e+03
3.859617760316768909e+03
3.859617760316768909e+03
3.859617760316768909e+03
3.882733572529259618e+03
3.882733572529259618e+03
3.882733572529259618e+03
3.882733572529259618e+03
3.882733572529259618e+03
3.882733572529259618e+03
3.882733572529259618e+03
3.882733572529259618e+03
3.882733572529259618e+03
3.936622296272044878e+03
3.936622296272044878e+03
3.936622296272044878e+03
3.936622296272044878e+03
3.936622296272044878e+03
3.936622296272044878e+03
3.978668714423631172e+03
3.978668714423631172e+03
3.978668714423631172e+03
3.978668714423631172e+03
3.978668714423631172e+03
3.978668714423631172e+03
3.978668714423631172e+03
3.978668714423631172e+03
3.978668714423631172e+03
3.908085349392767057e+03
3.908085349392767057e+03
3.908085349392767057e+03
3.908085349392767057e+03
3.908085349392767057e+03
3.908085349392767057e+03
4.040589947440829746e+03
4.040589947440829746e+03
4.040589947440829746e+03
4.040589947440829746e+03
4.040589947440829746e+03
4.040589947440829746e+03
4.040589947440829746e+03
4.040589947440829746e+03
4.040589947440829746e+03
3.968018569086694697e+03
3.968018569086694697e+03
3.968018569086694697e+03
3.968018569086694697e+03
3.968018569086694697e+03
3.968018569086694697e+03
4.036883658188288791e+03
4.036883658188288791e+03
4.036883658188288791e+03
4.036883658188288791e+03
4.036883658188288791e+03
4.036883658188288791e+03
4.036883658188288791e+03
4.036883658188288791e+03
4.036883658188288791e+03
4.047836522449788390e+03
4.047836522449788390e+03
4.047836522449788390e+03
4.047836522449788390e+03
4.047836522449788390e+03
4.047836522449788390e+03
4.124888747354846601e+03
4.124888747354846601e+03
4.124888747354846601e+03
4.124888747354846601e+03
4.124888747354846601e+03
4.124888747354846601e+03
4.124888747354846601e+03
4.124888747354846601e+03
4.124888747354846601e+03
4.201934491297234672e+03
4.201934491297234672e+03
4.201934491297234672e+03
4.201934491297234672e+03
4.201934491297234672e+03
4.201934491297234672e+03
4.362382821938513189e+03
4.362382821938513189e+03
4.362382821938513189e+03
4.362382821938513189e+03
4.362382821938513189e+03
4.362382821938513189e+03
4.362382821938513189e+03
4.362382821938513189e+03
4.362382821938513189e+03
4.382691646308689087e+03
4.382691646308689087e+03
4.382691646308689087e+03
4.382691646308689087e+03
4.382691646308689087e+03
4.382691646308689087e+03
4.437348042106143112e+03
4.437348042106143112e+03
4.437348042106143112e+03
4.437348042106143112e+03
4.437348042106143112e+03
4.437348042106143112e+03
4.437348042106143112e+03
4.437348042106143112e+03
4.437348042106143112e+03
4.354674916609889806e+03
4.354674916609889806e+03
4.354674916609889806e+03
4.354674916609889806e+03
4.354674916609889806e+03
4.354674916609889806e+03
4.509528803776414861e+03
4.509528803776414861e+03
4.509528803776414861e+03
4.509528803776414861e+03
4.509528803776414861e+03
4.509528803776414861e+03
4.509528803776414861e+03
4.509528803776414861e+03
4.509528803776414861e+03
4.425332165667491608e+03
4.425332165667491608e+03
4.425332165667491608e+03
4.425332165667491608e+03
4.425332165667491608e+03
4.425332165667491608e+03
4.425332165667491608e+03
4.425332165667491608e+03
4.425332165667491608e+03
4.425332165667491608e+03
4.425332165667491608e+03
4.425332165667491608e+03
4.425332165667491608e+03
4.425332165667491608e+03
4.425332165667491608e+03
4.487917774441766596e+03
4.487917774441766596e+03
4.487917774441766596e+03
4.487917774441766596e+03
4.487917774441766596e+03
4.487917774441766596e+03
4.611518169421050516e+03
4.611518169421050516e+03
4.611518169421050516e+03
4.611518169421050516e+03
4.611518169421050516e+03
4.611518169421050516e+03
4.611518169421050516e+03
4.611518169421050516e+03
4.611518169421050516e+03
4.636331695539112843e+03
4.636331695539112843e+03
4.636331695539112843e+03
4.636331695539112843e+03
4.636331695539112843e+03
4.636331695539112843e+03
4.672039212605292050e+03
4.672039212605292050e+03
4.672039212605292050e+03
4.672039212605292050e+03
4.672039212605292050e+03
4.672039212605292050e+03
4.672039212605292050e+03
4.672039212605292050e+03
4.672039212605292050e+03
4.754303166078796494e+03
4.754303166078796494e+03
4.754303166078796494e+03
4.754303166078796494e+03
4.754303166078796494e+03
4.754303166078796494e+03
4.809484076090416238e+03
4.809484076090416238e+03
4.809484076090416238e+03
4.809484076090416238e+03
4.809484076090416238e+03
4.809484076090416238e+03
4.809484076090416238e+03
4.809484076090416238e+03
4.809484076090416238e+03
4.725003644491574960e+03
4.725003644491574960e+03
4.725003644491574960e+03
4.725003644491574960e+03
4.725003644491574960e+03
4.725003644491574960e+03
4.897781504971403592e+03
4.897781504971403592e+03
4.897781504971403592e+03
4.897781504971403592e+03
4.897781504971403592e+03
4.897781504971403592e+03
4.897781504971403592e+03
4.897781504971403592e+03
4.897781504971403592e+03
4.775445985287774420e+03
4.775445985287774420e+03
4.775445985287774420e+03
4.775445985287774420e+03
4.775445985287774420e+03
4.775445985287774420e+03
4.826596949212456821e+03
4.826596949212456821e+03
4.826596949212456821e+03
4.826596949212456821e+03
4.826596949212456821e+03
4.826596949212456821e+03
4.826596949212456821e+03
4.826596949212456821e+03
4.826596949212456821e+03
4.816564797455656844e+03
4.816564797455656844e+03
4.816564797455656844e+03
4.816564797455656844e+03
4.816564797455656844e+03
4.816564797455656844e+03
4.875704394324444365e+03
4.875704394324444365e+03
4.875704394324444365e+03
4.875704394324444365e+03
4.875704394324444365e+03
4.875704394324444365e+03
4.875704394324444365e+03
4.875704394324444365e+03
4.875704394324444365e+03
4.946739047555403886e+03
4.946739047555403886e+03
4.946739047555403886e+03
4.946739047555403886e+03
4.946739047555403886e+03
4.946739047555403886e+03
5.213959866553816937e+03
5.213959866553816937e+03
5.213959866553816937e+03
5.213959866553816937e+03
5.213959866553816937e+03
5.213959866553816937e+03
5.213959866553816937e+03
5.213959866553816937e+03
5.213959866553816937e+03
5.207322916165505376e+03
5.207322916165505376e+03
5.207322916165505376e+03
5.207322916165505376e+03
5.207322916165505376e+03
5.207322916165505376e+03
5.226947450782278793e+03
5.226947450782278793e+03
5.226947450782278793e+03
5.226947450782278793e+03
5.226947450782278793e+03
5.226947450782278793e+03
5.226947450782278793e+03
5.226947450782278793e+03
5.226947450782278793e+03
5.132050987271794838e+03
5.132050987271794838e+03
5.132050987271794838e+03
5.132050987271794838e+03
5.132050987271794838e+03
5.132050987271794838e+03
5.292552095309169999e+03
5.292552095309169999e+03
5.292552095309169999e+03
5.292552095309169999e+03
5.292552095309169999e+03
5.292552095309169999e+03
5.292552095309169999e+03
5.292552095309169999e+03
5.292552095309169999e+03
5.172292109936251109e+03
5.172292109936251109e+03
5.172292109936251109e+03
5.172292109936251109e+03
5.172292109936251109e+03
5.172292109936251109e+03
5.172292109936251109e+03
5.172292109936251109e+03
5.172292109936251109e+03
5.172292109936251109e+03
5.172292109936251109e+03
5.172292109936251109e+03
5.172292109936251109e+03
5.172292109936251109e+03
5.172292109936251109e+03
5.140990886743014926e+03
5.140990886743014926e+03
5.140990886743014926e+03
5.140990886743014926e+03
5.140990886743014926e+03
5.140990886743014926e+03
5.354240682449760243e+03
5.354240682449760243e+03
5.354240682449760243e+03
5.354240682449760243e+03
5.354240682449760243e+03
5.354240682449760243e+03
5.354240682449760243e+03
5.354240682449760243e+03
5.354240682449760243e+03
5.351035568607285313e+03
5.351035568607285313e+03
5.351035568607285313e+03
5.351035568607285313e+03
5.351035568607285313e+03
5.351035568607285313e+03
5.413441921516778166e+03
5.413441921516778166e+03
5.413441921516778166e+03
5.413441921516778166e+03
5.413441921516778166e+03
5.413441921516778166e+03
5.413441921516778166e+03
5.413441921516778166e+03
5.413441921516778166e+03
5.536722973702356285e+03
5.536722973702356285e+03
5.536722973702356285e+03
5.536722973702356285e+03
5.536722973702356285e+03
5.536722973702356285e+03
5.612933298500426645e+03
5.612933298500426645e+03
5.612933298500426645e+03
5.612933298500426645e+03
5.612933298500426645e+03
5.612933298500426645e+03
5.612933298500426645e+03
5.612933298500426645e+03
5.612933298500426645e+03
5.508135160602008000e+03
5.508135160602008000e+03
5.508135160602008000e+03
5.508135160602008000e+03
5.508135160602008000e+03
5.508135160602008000e+03
5.720110463075903681e+03
5.720110463075903681e+03
5.720110463075903681e+03
5.720110463075903681e+03
5.720110463075903681e+03
5.720110463075903681e+03
5.720110463075903681e+03
5.720110463075903681e+03
5.720110463075903681e+03
5.612739714238392480e+03
5.612739714238392480e+03
5.612739714238392480e+03
5.612739714238392480e+03
5.612739714238392480e+03
5.612739714238392480e+03
5.727481053624100241e+03
5.727481053624100241e+03
5.727481053624100241e+03
5.727481053624100241e+03
5.727481053624100241e+03
5.727481053624100241e+03
5.727481053624100241e+03
5.727481053624100241e+03
5.727481053624100241e+03
5.708096688221858130e+03
5.708096688221858130e+03
5.708096688221858130e+03
5.708096688221858130e+03
5.708096688221858130e+03
5.708096688221858130e+03
5.782599248264278685e+03
5.782599248264278685e+03
5.782599248264278685e+03
5.782599248264278685e+03
5.782599248264278685e+03
5.782599248264278685e+03
5.782599248264278685e+03
5.782599248264278685e+03
5.782599248264278685e+03
5.814476549031701325e+03
5.814476549031701325e+03
5.814476549031701325e+03
5.814476549031701325e+03
5.814476549031701325e+03
5.814476549031701325e+03
6.010404807847833581e+03
6.010404807847833581e+03
6.010404807847833581e+03
6.010404807847833581e+03
6.010404807847833581e+03
6.010404807847833581e+03
6.010404807847833581e+03
6.010404807847833581e+03
6.010404807847833581e+03
6.028029380014766502e+03
6.028029380014766502e+03
6.028029380014766502e+03
6.028029380014766502e+03
6.028029380014766502e+03
6.028029380014766502e+03
6.066732637857784539e+03
6.066732637857784539e+03
6.066732637857784539e+03
6.066732637857784539e+03
6.066732637857784539e+03
6.066732637857784539e+03
6.066732637857784539e+03
6.066732637857784539e+03
6.066732637857784539e+03
5.908018362392815106e+03
5.908018362392815106e+03
5.908018362392815106e+03
5.908018362392815106e+03
5.908018362392815106e+03
5.908018362392815106e+03
6.146722051953451228e+03
6.146722051953451228e+03
6.146722051953451228e+03
6.146722051953451228e+03
6.146722051953451228e+03
6.146722051953451228e+03
6.146722051953451228e+03
6.146722051953451228e+03
6.146722051953451228e+03
5.972289578854062711e+03
5.972289578854062711e+03
5.972289578854062711e+03
5.972289578854062711e+03
5.972289578854062711e+03
5.972289578854062711e+03
5.972289578854062711e+03
5.972289578854062711e+03
5.972289578854062711e+03
5.972289578854062711e+03
5.972289578854062711e+03
5.972289578854062711e+03
5.972289578854062711e+03
5.972289578854062711e+03
5.972289578854062711e+03
6.025844112039392712e+03
6.025844112039392712e+03
6.025844112039392712e+03
6.025844112039392712e+03
6.025844112039392712e+03
6.025844112039392712e+03
6.254218411951014787e+03
6.254218411951014787e+03
6.254218411951014787e+03
6.254218411951014787e+03
6.254218411951014787e+03
6.254218411951014787e+03
6.254218411951014787e+03
6.254218411951014787e+03
6.254218411951014787e+03
6.240607461763685023e+03
6.240607461763685023e+03
6.240607461763685023e+03
6.240607461763685023e+03
6.240607461763685023e+03
6.240607461763685023e+03
6.284831578594832536e+03
6.284831578594832536e+03
6.284831578594832536e+03
6.284831578594832536e+03
6.284831578594832536e+03
6.284831578594832536e+03
6.284831578594832536e+03
6.284831578594832536e+03
6.284831578594832536e+03
6.490969766962314679e+03
6.490969766962314679e+03
6.490969766962314679e+03
6.490969766962314679e+03
6.490969766962314679e+03
6.490969766962314679e+03
6.492733242516713290e+03
6.492733242516713290e+03
6.492733242516713290e+03
6.492733242516713290e+03
6.492733242516713290e+03
6.492733242516713290e+03
6.492733242516713290e+03
6.492733242516713290e+03
6.492733242516713290e+03
6.347792341719175965e+03
6.347792341719175965e+03
6.347792341719175965e+03
6.347792341719175965e+03
6.347792341719175965e+03
6.347792341719175965e+03
6.587353266079820969e+03
6.587353266079820969e+03
6.587353266079820969e+03
6.587353266079820969e+03
6.587353266079820969e+03
6.587353266079820969e+03
6.587353266079820969e+03
6.587353266079820969e+03
6.587353266079820969e+03
6.418201373808164135e+03
6.418201373808164135e+03
6.418201373808164135e+03
6.418201373808164135e+03
6.418201373808164135e+03
6.418201373808164135e+03
6.427943403863777348e+03
6.427943403863777348e+03
6.427943403863777348e+03
6.427943403863777348e+03
6.427943403863777348e+03
6.427943403863777348e+03
6.427943403863777348e+03
6.427943403863777348e+03
6.427943403863777348e+03
6.430982620773413146e+03
6.430982620773413146e+03
6.430982620773413146e+03
6.430982620773413146e+03
6.430982620773413146e+03
6.430982620773413146e+03
6.566320221643819423e+03
6.566320221643819423e+03
6.566320221643819423e+03
6.566320221643819423e+03
6.566320221643819423e+03
6.566320221643819423e+03
6.566320221643819423e+03
6.566320221643819423e+03
6.566320221643819423e+03
6.681078878025708946e+03
6.681078878025708946e+03
6.681078878025708946e+03
6.681078878025708946e+03
6.681078878025708946e+03
6.681078878025708946e+03
7.025113038432864414e+03
7.025113038432864414e+03
7.025113038432864414e+03
7.025113038432864414e+03
7.025113038432864414e+03
7.025113038432864414e+03
7.025113038432864414e+03
7.025113038432864414e+03
7.025113038432864414e+03
7.071923991471476256e+03
7.071923991471476256e+03
7.071923991471476256e+03
7.071923991471476256e+03
7.071923991471476256e+03
7.071923991471476256e+03
7.075612891664266499e+03
7.075612891664266499e+03
7.075612891664266499e+03
7.075612891664266499e+03
7.075612891664266499e+03
7.075612891664266499e+03
7.075612891664266499e+03
7.075612891664266499e+03
7.075612891664266499e+03
6.836219084242819008e+03
6.836219084242819008e+03
6.836219084242819008e+03
6.836219084242819008e+03
6.836219084242819008e+03
6.836219084242819008e+03
7.018196296094371974e+03
7.018196296094371974e+03
7.018196296094371974e+03
7.018196296094371974e+03
7.018196296094371974e+03
7.018196296094371974e+03
7.018196296094371974e+03
7.018196296094371974e+03
7.018196296094371974e+03
6.872283274754267040e+03
6.872283274754267040e+03
6.872283274754267040e+03
6.872283274754267040e+03
6.872283274754267040e+03
6.872283274754267040e+03
6.872283274754267040e+03
6.872283274754267040e+03
6.872283274754267040e+03
6.872283274754267040e+03
6.872283274754267040e+03
6.872283274754267040e+03
6.872283274754267040e+03
6.872283274754267040e+03
6.872283274754267040e+03
6.887323933759087595e+03
6.887323933759087595e+03
6.887323933759087595e+03
6.887323933759087595e+03
6.887323933759087595e+03
6.887323933759087595e+03
7.249050910530037072e+03
7.249050910530037072e+03
7.249050910530037072e+03
7.249050910530037072e+03
7.249050910530037072e+03
7.249050910530037072e+03
7.249050910530037072e+03
7.249050910530037072e+03
7.249050910530037072e+03
7.196832965310784857e+03
7.196832965310784857e+03
7.196832965310784857e+03
7.196832965310784857e+03
7.196832965310784857e+03
7.196832965310784857e+03
7.293262431381129318e+03
7.293262431381129318e+03
7.293262431381129318e+03
7.293262431381129318e+03
7.293262431381129318e+03
7.293262431381129318e+03
7.293262431381129318e+03
7.293262431381129318e+03
7.293262431381129318e+03
7.403408704469403347e+03
7.403408704469403347e+03
7.403408704469403347e+03
7.403408704469403347e+03
7.403408704469403347e+03
7.403408704469403347e+03
7.368873378539501573e+03
7.368873378539501573e+03
7.368873378539501573e+03
7.368873378539501573e+03
7.368873378539501573e+03
7.368873378539501573e+03
7.368873378539501573e+03
7.368873378539501573e+03
7.368873378539501573e+03
7.148665132215988706e+03
7.148665132215988706e+03
7.148665132215988706e+03
7.148665132215988706e+03
7.148665132215988706e+03
7.148665132215988706e+03
7.537904402139520244e+03
7.537904402139520244e+03
7.537904402139520244e+03
7.537904402139520244e+03
7.537904402139520244e+03
7.537904402139520244e+03
7.537904402139520244e+03
7.537904402139520244e+03
7.537904402139520244e+03
7.317848716859938577e+03
7.317848716859938577e+03
7.317848716859938577e+03
7.317848716859938577e+03
7.317848716859938577e+03
7.317848716859938577e+03
7.349291687516473758e+03
7.349291687516473758e+03
7.349291687516473758e+03
7.349291687516473758e+03
7.349291687516473758e+03
7.349291687516473758e+03
7.349291687516473758e+03
7.349291687516473758e+03
7.349291687516473758e+03
7.342586351267314058e+03
7.342586351267314058e+03
7.342586351267314058e+03
7.342586351267314058e+03
7.342586351267314058e+03
7.342586351267314058e+03
7.383492259492295489e+03
7.383492259492295489e+03
7.383492259492295489e+03
7.383492259492295489e+03
7.383492259492295489e+03
7.383492259492295489e+03
7.383492259492295489e+03
7.383492259492295489e+03
7.383492259492295489e+03
7.488017054063039723e+03
7.488017054063039723e+03
7.488017054063039723e+03
7.488017054063039723e+03
7.488017054063039723e+03
7.488017054063039723e+03
7.712126563702956446e+03
7.712126563702956446e+03
7.712126563702956446e+03
7.712126563702956446e+03
7.712126563702956446e+03
7.712126563702956446e+03
7.712126563702956446e+03
7.712126563702956446e+03
7.712126563702956446e+03
7.621173541219155595e+03
7.621173541219155595e+03
7.621173541219155595e+03
7.621173541219155595e+03
7.621173541219155595e+03
7.621173541219155595e+03
7.695428043431697006e+03
7.695428043431697006e+03
7.695428043431697006e+03
7.695428043431697006e+03
7.695428043431697006e+03
7.695428043431697006e+03
7.695428043431697006e+03
7.695428043431697006e+03
7.695428043431697006e+03
7.460583605727226313e+03
7.460583605727226313e+03
7.460583605727226313e+03
7.460583605727226313e+03
7.460583605727226313e+03
7.460583605727226313e+03
7.789846992973712986e+03
7.789846992973712986e+03
7.789846992973712986e+03
7.789846992973712986e+03
7.789846992973712986e+03
7.789846992973712986e+03
7.789846992973712986e+03
7.789846992973712986e+03
7.789846992973712986e+03
7.673277455341565656e+03
7.673277455341565656e+03
7.673277455341565656e+03
7.673277455341565656e+03
7.673277455341565656e+03
7.673277455341565656e+03
7.673277455341565656e+03
7.673277455341565656e+03
7.673277455341565656e+03
7.673277455341565656e+03
7.673277455341565656e+03
7.673277455341565656e+03
7.673277455341565656e+03
7.673277455341565656e+03
7.673277455341565656e+03
7.709600442233822832e+03
7.709600442233822832e+03
7.709600442233822832e+03
7.709600442233822832e+03
7.709600442233822832e+03
7.709600442233822832e+03
7.934647759287516237e+03
7.934647759287516237e+03
7.934647759287516237e+03
7.934647759287516237e+03
7.934647759287516237e+03
7.934647759287516237e+03
7.934647759287516237e+03
7.934647759287516237e+03
7.934647759287516237e+03
7.917132379147094071e+03
7.917132379147094071e+03
7.917132379147094071e+03
7.917132379147094071e+03
7.917132379147094071e+03
7.943005605231962363e+03
7.943005605231962363e+03
7.943005605231962363e+03
7.943005605231962363e+03
7.943005605231962363e+03
7.943005605231962363e+03
7.943005605231962363e+03
7.943005605231962363e+03
7.943005605231962363e+03
7.943005605231962363e+03
8.027115154091337899e+03
8.027115154091337899e+03
8.027115154091337899e+03
8.027115154091337899e+03
8.027115154091337899e+03
8.011219526693628723e+03
8.011219526693628723e+03
8.011219526693628723e+03
8.011219526693628723e+03
8.011219526693628723e+03
8.011219526693628723e+03
8.011219526693628723e+03
8.011219526693628723e+03
8.011219526693628723e+03
8.011219526693628723e+03
7.904825013645495346e+03
7.904825013645495346e+03
7.904825013645495346e+03
7.904825013645495346e+03
7.904825013645495346e+03
8.222247530596814613e+03
8.222247530596814613e+03
8.222247530596814613e+03
8.222247530596814613e+03
8.222247530596814613e+03
8.222247530596814613e+03
8.222247530596814613e+03
8.222247530596814613e+03
8.222247530596814613e+03
8.222247530596814613e+03
8.058393597206113554e+03
8.058393597206113554e+03
8.058393597206113554e+03
8.058393597206113554e+03
8.058393597206113554e+03
8.037151115165605006e+03
8.037151115165605006e+03
8.037151115165605006e+03
8.037151115165605006e+03
8.037151115165605006e+03
8.037151115165605006e+03
8.037151115165605006e+03
8.037151115165605006e+03
8.037151115165605006e+03
8.037151115165605006e+03
7.952204894911727024e+03
7.952204894911727024e+03
7.952204894911727024e+03
7.952204894911727024e+03
7.952204894911727024e+03
8.124714739938235653e+03
8.124714739938235653e+03
8.124714739938235653e+03
8.124714739938235653e+03
8.124714739938235653e+03
8.124714739938235653e+03
8.124714739938235653e+03
8.124714739938235653e+03
8.124714739938235653e+03
8.124714739938235653e+03
8.301949161478594760e+03
8.301949161478594760e+03
8.301949161478594760e+03
8.301949161478594760e+03
8.301949161478594760e+03
8.537831233210095888e+03
8.537831233210095888e+03
8.537831233210095888e+03
8.537831233210095888e+03
8.537831233210095888e+03
8.537831233210095888e+03
8.537831233210095888e+03
8.537831233210095888e+03
8.537831233210095888e+03
8.537831233210095888e+03
8.599474450605552192e+03
8.599474450605552192e+03
8.599474450605552192e+03
8.599474450605552192e+03
8.599474450605552192e+03
8.619810177864799698e+03
8.619810177864799698e+03
8.619810177864799698e+03
8.619810177864799698e+03
8.619810177864799698e+03
8.619810177864799698e+03
8.619810177864799698e+03
8.619810177864799698e+03
8.619810177864799698e+03
8.619810177864799698e+03
8.391267559646215886e+03
8.391267559646215886e+03
8.391267559646215886e+03
8.391267559646215886e+03
8.391267559646215886e+03
8.391913919942508073e+03
8.391913919942508073e+03
8.391913919942508073e+03
8.391913919942508073e+03
8.391913919942508073e+03
8.391913919942508073e+03
8.391913919942508073e+03
8.391913919942508073e+03
8.391913919942508073e+03
8.391913919942508073e+03
8.280852853667583986e+03
8.280852853667583986e+03
8.280852853667583986e+03
8.280852853667583986e+03
8.280852853667583986e+03
8.280852853667583986e+03
8.280852853667583986e+03
8.280852853667583986e+03
8.280852853667583986e+03
8.280852853667583986e+03
8.280852853667583986e+03
8.280852853667583986e+03
8.280852853667583986e+03
8.280852853667583986e+03
8.280852853667583986e+03
8.278766047553004682e+03
8.278766047553004682e+03
8.278766047553004682e+03
8.278766047553004682e+03
8.278766047553004682e+03
8.617004112805512705e+03
8.617004112805512705e+03
8.617004112805512705e+03
8.617004112805512705e+03
8.617004112805512705e+03
8.617004112805512705e+03
8.617004112805512705e+03
8.617004112805512705e+03
8.617004112805512705e+03
8.617004112805512705e+03
8.577603875434913789e+03
8.577603875434913789e+03
8.577603875434913789e+03
8.577603875434913789e+03
8.577603875434913789e+03
8.734213838654774008e+03
8.734213838654774008e+03
8.734213838654774008e+03
8.734213838654774008e+03
8.734213838654774008e+03
8.734213838654774008e+03
8.734213838654774008e+03
8.734213838654774008e+03
8.734213838654774008e+03
8.734213838654774008e+03
9.102313035328395927e+03
9.102313035328395927e+03
9.102313035328395927e+03
9.102313035328395927e+03
9.102313035328395927e+03
9.156833215498885693e+03
9.156833215498885693e+03
9.156833215498885693e+03
9.156833215498885693e+03
9.156833215498885693e+03
9.156833215498885693e+03
9.156833215498885693e+03
9.156833215498885693e+03
9.156833215498885693e+03
9.156833215498885693e+03
8.986246025725849904e+03
8.986246025725849904e+03
8.986246025725849904e+03
8.986246025725849904e+03
8.986246025725849904e+03
9.295187824319997162e+03
9.295187824319997162e+03
9.295187824319997162e+03
9.295187824319997162e+03
9.295187824319997162e+03
9.295187824319997162e+03
9.295187824319997162e+03
9.295187824319997162e+03
9.295187824319997162e+03
9.295187824319997162e+03
9.127836363216880272e+03
9.127836363216880272e+03
9.127836363216880272e+03
9.127836363216880272e+03
9.127836363216880272e+03
9.066941073339559807e+03
9.066941073339559807e+03
9.066941073339559807e+03
9.066941073339559807e+03
9.066941073339559807e+03
9.066941073339559807e+03
9.066941073339559807e+03
9.066941073339559807e+03
9.066941073339559807e+03
9.066941073339559807e+03
9.007502289180425578e+03
9.007502289180425578e+03
9.007502289180425578e+03
9.007502289180425578e+03
9.007502289180425578e+03
9.105276479157599169e+03
9.105276479157599169e+03
9.105276479157599169e+03
9.105276479157599169e+03
9.105276479157599169e+03
9.105276479157599169e+03
9.105276479157599169e+03
9.105276479157599169e+03
9.105276479157599169e+03
9.105276479157599169e+03
9.175886406951689423e+03
9.175886406951689423e+03
9.175886406951689423e+03
9.175886406951689423e+03
9.175886406951689423e+03
9.420559984592844557e+03
9.420559984592844557e+03
9.420559984592844557e+03
9.420559984592844557e+03
9.420559984592844557e+03
9.420559984592844557e+03
9.420559984592844557e+03
9.420559984592844557e+03
9.420559984592844557e+03
9.420559984592844557e+03
9.382466877675577052e+03
9.382466877675577052e+03
9.382466877675577052e+03
9.382466877675577052e+03
9.382466877675577052e+03
9.434132249535821757e+03
9.434132249535821757e+03
9.434132249535821757e+03
9.434132249535821757e+03
9.434132249535821757e+03
9.434132249535821757e+03
9.434132249535821757e+03
9.434132249535821757e+03
9.434132249535821757e+03
9.434132249535821757e+03
9.313615604631879251e+03
9.313615604631879251e+03
9.313615604631879251e+03
9.313615604631879251e+03
9.313615604631879251e+03
9.467161174259217660e+03
9.467161174259217660e+03
9.467161174259217660e+03
9.467161174259217660e+03
9.467161174259217660e+03
9.467161174259217660e+03
9.467161174259217660e+03
9.467161174259217660e+03
9.467161174259217660e+03
9.467161174259217660e+03
9.200983822185160534e+03
9.200983822185160534e+03
9.200983822185160534e+03
9.200983822185160534e+03
9.200983822185160534e+03
9.200983822185160534e+03
9.200983822185160534e+03
9.200983822185160534e+03
9.200983822185160534e+03
9.200983822185160534e+03
9.200983822185160534e+03
9.200983822185160534e+03
9.200983822185160534e+03
9.200983822185160534e+03
9.200983822185160534e+03
9.285068531431881638e+03
9.285068531431881638e+03
9.285068531431881638e+03
9.285068531431881638e+03
9.285068531431881638e+03
9.542222833730371349e+03
9.542222833730371349e+03
9.542222833730371349e+03
9.542222833730371349e+03
9.542222833730371349e+03
9.542222833730371349e+03
9.542222833730371349e+03
9.542222833730371349e+03
9.542222833730371349e+03
9.542222833730371349e+03
9.574428879589737335e+03
9.574428879589737335e+03
9.574428879589737335e+03
9.574428879589737335e+03
9.574428879589737335e+03
9.799569897481953376e+03
9.799569897481953376e+03
9.799569897481953376e+03
9.799569897481953376e+03
9.799569897481953376e+03
9.799569897481953376e+03
9.799569897481953376e+03
9.799569897481953376e+03
9.799569897481953376e+03
9.799569897481953376e+03
1.005884494344784252e+04
1.005884494344784252e+04
1.005884494344784252e+04
1.005884494344784252e+04
1.005884494344784252e+04
1.031790677014884750e+04
1.031790677014884750e+04
1.031790677014884750e+04
1.031790677014884750e+04
1.031790677014884750e+04
1.031790677014884750e+04
1.031790677014884750e+04
1.031790677014884750e+04
1.031790677014884750e+04
1.031790677014884750e+04
1.001993145329872277e+04
1.001993145329872277e+04
1.001993145329872277e+04
1.001993145329872277e+04
1.001993145329872277e+04
1.041522206153394654e+04
1.041522206153394654e+04
1.041522206153394654e+04
1.041522206153394654e+04
1.041522206153394654e+04
1.041522206153394654e+04
1.041522206153394654e+04
1.041522206153394654e+04
1.041522206153394654e+04
1.041522206153394654e+04
1.018917131756291565e+04
1.018917131756291565e+04
1.018917131756291565e+04
1.018917131756291565e+04
1.018917131756291565e+04
1.018132390904641943e+04
1.018132390904641943e+04
1.018132390904641943e+04
1.018132390904641943e+04
1.018132390904641943e+04
1.018132390904641943e+04
1.018132390904641943e+04
1.018132390904641943e+04
1.018132390904641943e+04
1.018132390904641943e+04
1.001388779372876525e+04
1.001388779372876525e+04
1.001388779372876525e+04
1.001388779372876525e+04
1.001388779372876525e+04
1.014651173067801938e+04
1.014651173067801938e+04
1.014651173067801938e+04
1.014651173067801938e+04
1.014651173067801938e+04
1.014651173067801938e+04
1.014651173067801938e+04
1.014651173067801938e+04
1.014651173067801938e+04
1.014651173067801938e+04
1.009313647699856665e+04
1.009313647699856665e+04
1.009313647699856665e+04
1.009313647699856665e+04
1.009313647699856665e+04
1.029134611113418396e+04
1.029134611113418396e+04
1.029134611113418396e+04
1.029134611113418396e+04
1.029134611113418396e+04
1.029134611113418396e+04
1.029134611113418396e+04
1.029134611113418396e+04
1.029134611113418396e+04
1.029134611113418396e+04
1.028989145625983656e+04
1.028989145625983656e+04
1.028989145625983656e+04
1.028989145625983656e+04
1.028989145625983656e+04
1.019968622295727619e+04
1.019968622295727619e+04
1.019968622295727619e+04
1.019968622295727619e+04
1.019968622295727619e+04
1.019968622295727619e+04
1.019968622295727619e+04
1.019968622295727619e+04
1.019968622295727619e+04
1.019968622295727619e+04
1.006548366567879202e+04
1.006548366567879202e+04
1.006548366567879202e+04
1.006548366567879202e+04
1.006548366567879202e+04
1.030410189240603904e+04
1.030410189240603904e+04
1.030410189240603904e+04
1.030410189240603904e+04
1.030410189240603904e+04
1.030410189240603904e+04
1.030410189240603904e+04
1.030410189240603904e+04
1.030410189240603904e+04
1.030410189240603904e+04
1.007699978422922868e+04
1.007699978422922868e+04
1.007699978422922868e+04
1.007699978422922868e+04
1.007699978422922868e+04
1.007699978422922868e+04
1.007699978422922868e+04
1.007699978422922868e+04
1.007699978422922868e+04
1.007699978422922868e+04
1.007699978422922868e+04
1.007699978422922868e+04
1.007699978422922868e+04
1.007699978422922868e+04
1.007699978422922868e+04
1.011820668477615982e+04
1.011820668477615982e+04
1.011820668477615982e+04
1.011820668477615982e+04
1.011820668477615982e+04
1.055652349757504999e+04
1.055652349757504999e+04
1.055652349757504999e+04
1.055652349757504999e+04
1.055652349757504999e+04
1.055652349757504999e+04
1.055652349757504999e+04
1.055652349757504999e+04
1.055652349757504999e+04
1.055652349757504999e+04
1.036658155043589068e+04
1.036658155043589068e+04
1.036658155043589068e+04
1.036658155043589068e+04
1.036658155043589068e+04
1.049430495533725843e+04
1.049430495533725843e+04
1.049430495533725843e+04
1.049430495533725843e+04
1.049430495533725843e+04
1.049430495533725843e+04
1.049430495533725843e+04
1.049430495533725843e+04
1.049430495533725843e+04
1.049430495533725843e+04
1.079821321975094907e+04
1.079821321975094907e+04
1.079821321975094907e+04
1.079821321975094907e+04
1.079821321975094907e+04
1.080676498657641059e+04
1.080676498657641059e+04
1.080676498657641059e+04
1.080676498657641059e+04
1.080676498657641059e+04
1.080676498657641059e+04
1.080676498657641059e+04
1.080676498657641059e+04
1.080676498657641059e+04
1.080676498657641059e+04
1.047499364605483788e+04
1.047499364605483788e+04
1.047499364605483788e+04
1.047499364605483788e+04
1.047499364605483788e+04
1.088762079531283598e+04
1.088762079531283598e+04
1.088762079531283598e+04
1.088762079531283598e+04
1.088762079531283598e+04
1.088762079531283598e+04
1.088762079531283598e+04
1.088762079531283598e+04
1.088762079531283598e+04
1.088762079531283598e+04
1.078112452825685978e+04
1.078112452825685978e+04
1.078112452825685978e+04
1.078112452825685978e+04
1.078112452825685978e+04
1.091879086649798046e+04
1.091879086649798046e+04
1.091879086649798046e+04
1.091879086649798046e+04
1.091879086649798046e+04
1.091879086649798046e+04
1.091879086649798046e+04
1.091879086649798046e+04
1.091879086649798046e+04
1.091879086649798046e+04
1.069157424049676229e+04
1.069157424049676229e+04
1.069157424049676229e+04
1.069157424049676229e+04
1.069157424049676229e+04
1.087522032370042871e+04
1.087522032370042871e+04
1.087522032370042871e+04
1.087522032370042871e+04
1.087522032370042871e+04
1.087522032370042871e+04
1.087522032370042871e+04
1.087522032370042871e+04
1.087522032370042871e+04
1.087522032370042871e+04
1.115056310393050808e+04
1.115056310393050808e+04
1.115056310393050808e+04
1.115056310393050808e+04
1.115056310393050808e+04
1.124706319713707489e+04
1.124706319713707489e+04
1.124706319713707489e+04
1.124706319713707489e+04
1.124706319713707489e+04
1.124706319713707489e+04
1.124706319713707489e+04
1.124706319713707489e+04
1.124706319713707489e+04
1.124706319713707489e+04
1.122715513232663216e+04
1.122715513232663216e+04
1.122715513232663216e+04
1.122715513232663216e+04
1.122715513232663216e+04
1.106079593637333164e+04
1.106079593637333164e+04
1.106079593637333164e+04
1.106079593637333164e+04
1.106079593637333164e+04
1.106079593637333164e+04
1.106079593637333164e+04
1.106079593637333164e+04
1.106079593637333164e+04
1.106079593637333164e+04
1.096933243962876804e+04
1.096933243962876804e+04
1.096933243962876804e+04
1.096933243962876804e+04
1.096933243962876804e+04
1.123419094912457149e+04
1.123419094912457149e+04
1.123419094912457149e+04
1.123419094912457149e+04
1.123419094912457149e+04
1.123419094912457149e+04
1.123419094912457149e+04
1.123419094912457149e+04
1.123419094912457149e+04
1.123419094912457149e+04
1.100861926782191949e+04
1.100861926782191949e+04
1.100861926782191949e+04
1.100861926782191949e+04
1.100861926782191949e+04
1.100861926782191949e+04
1.100861926782191949e+04
1.100861926782191949e+04
1.100861926782191949e+04
1.100861926782191949e+04
1.100861926782191949e+04
1.100861926782191949e+04
1.100861926782191949e+04
1.100861926782191949e+04
1.100861926782191949e+04
1.096438681440093205e+04
1.096438681440093205e+04
1.096438681440093205e+04
1.096438681440093205e+04
1.096438681440093205e+04
1.138835473201983768e+04
1.138835473201983768e+04
1.138835473201983768e+04
1.138835473201983768e+04
1.138835473201983768e+04
1.138835473201983768e+04
1.138835473201983768e+04
1.138835473201983768e+04
1.138835473201983768e+04
1.138835473201983768e+04
1.141750976916020954e+04
1.141750976916020954e+04
1.141750976916020954e+04
1.141750976916020954e+04
1.141750976916020954e+04
1.138874704011833819e+04
1.138874704011833819e+04
1.138874704011833819e+04
1.138874704011833819e+04
1.138874704011833819e+04
1.138874704011833819e+04
1.138874704011833819e+04
1.138874704011833819e+04
1.138874704011833819e+04
1.138874704011833819e+04
1.193873348365897982e+04
1.193873348365897982e+04
1.193873348365897982e+04
1.193873348365897982e+04
1.193873348365897982e+04
1.195494522810278067e+04
1.195494522810278067e+04
1.195494522810278067e+04
1.195494522810278067e+04
1.195494522810278067e+04
1.195494522810278067e+04
1.195494522810278067e+04
1.195494522810278067e+04
1.195494522810278067e+04
1.195494522810278067e+04
1.175121026852018986e+04
1.175121026852018986e+04
1.175121026852018986e+04
1.175121026852018986e+04
1.175121026852018986e+04
1.201251391270009481e+04
1.201251391270009481e+04
1.201251391270009481e+04
1.201251391270009481e+04
1.201251391270009481e+04
1.201251391270009481e+04
1.201251391270009481e+04
1.201251391270009481e+04
1.201251391270009481e+04
1.201251391270009481e+04
1.175445677767652160e+04
1.175445677767652160e+04
1.175445677767652160e+04
1.175445677767652160e+04
1.175445677767652160e+04
1.163225648576361709e+04
1.163225648576361709e+04
1.163225648576361709e+04
1.163225648576361709e+04
1.163225648576361709e+04
1.163225648576361709e+04
1.163225648576361709e+04
1.163225648576361709e+04
1.163225648576361709e+04
1.163225648576361709e+04
1.183476316483934352e+04
1.183476316483934352e+04
1.183476316483934352e+04
1.183476316483934352e+04
1.183476316483934352e+04
1.183411363909755528e+04
1.183411363909755528e+04
1.183411363909755528e+04
1.183411363909755528e+04
1.183411363909755528e+04
1.183411363909755528e+04
1.183411363909755528e+04
1.183411363909755528e+04
1.183411363909755528e+04
1.183411363909755528e+04
1.170709290782341486e+04
1.170709290782341486e+04
1.170709290782341486e+04
1.170709290782341486e+04
1.170709290782341486e+04
1.178846200403761213e+04
1.178846200403761213e+04
1.178846200403761213e+04
1.178846200403761213e+04
1.178846200403761213e+04
1.178846200403761213e+04
1.178846200403761213e+04
1.178846200403761213e+04
1.178846200403761213e+04
1.178846200403761213e+04
1.188021350184249241e+04
1.188021350184249241e+04
1.188021350184249241e+04
1.188021350184249241e+04
1.188021350184249241e+04
1.208602827320941651e+04
1.208602827320941651e+04
1.208602827320941651e+04
1.208602827320941651e+04
1.208602827320941651e+04
1.208602827320941651e+04
1.208602827320941651e+04
1.208602827320941651e+04
1.208602827320941651e+04
1.208602827320941651e+04
1.190180451254985019e+04
1.190180451254985019e+04
1.190180451254985019e+04
1.190180451254985019e+04
1.190180451254985019e+04
1.238946876143551344e+04
1.238946876143551344e+04
1.238946876143551344e+04
1.238946876143551344e+04
1.238946876143551344e+04
1.238946876143551344e+04
1.238946876143551344e+04
1.238946876143551344e+04
1.238946876143551344e+04
1.238946876143551344e+04
1.236511979246902774e+04
1.236511979246902774e+04
1.236511979246902774e+04
1.236511979246902774e+04
1.236511979246902774e+04
1.236511979246902774e+04
1.236511979246902774e+04
1.236511979246902774e+04
1.236511979246902774e+04
1.236511979246902774e+04
1.236511979246902774e+04
1.236511979246902774e+04
1.236511979246902774e+04
1.236511979246902774e+04
1.236511979246902774e+04
1.230238620800984063e+04
1.230238620800984063e+04
1.230238620800984063e+04
1.230238620800984063e+04
1.230238620800984063e+04
1.250987039717502012e+04
1.250987039717502012e+04
1.250987039717502012e+04
1.250987039717502012e+04
1.250987039717502012e+04
1.250987039717502012e+04
1.250987039717502012e+04
1.250987039717502012e+04
1.250987039717502012e+04
1.250987039717502012e+04
1.224804441345640043e+04
1.224804441345640043e+04
1.224804441345640043e+04
1.224804441345640043e+04
1.224804441345640043e+04
1.227262330898918663e+04
1.227262330898918663e+04
1.227262330898918663e+04
1.227262330898918663e+04
1.227262330898918663e+04
1.227262330898918663e+04
1.227262330898918663e+04
1.227262330898918663e+04
1.227262330898918663e+04
1.227262330898918663e+04
1.244279680185470352e+04
1.244279680185470352e+04
1.244279680185470352e+04
1.244279680185470352e+04
1.244279680185470352e+04
1.239153096658978029e+04
1.239153096658978029e+04
1.239153096658978029e+04
1.239153096658978029e+04
1.239153096658978029e+04
1.239153096658978029e+04
1.239153096658978029e+04
1.239153096658978029e+04
1.239153096658978029e+04
1.239153096658978029e+04
1.191640772097951776e+04
1.191640772097951776e+04
1.191640772097951776e+04
1.191640772097951776e+04
1.191640772097951776e+04
1.191864577384699805e+04
1.191864577384699805e+04
1.191864577384699805e+04
1.191864577384699805e+04
1.191864577384699805e+04
1.191864577384699805e+04
1.191864577384699805e+04
1.191864577384699805e+04
1.191864577384699805e+04
1.191864577384699805e+04
1.193708008041842550e+04
1.193708008041842550e+04
1.193708008041842550e+04
1.193708008041842550e+04
1.193708008041842550e+04
1.217693129561489332e+04
1.217693129561489332e+04
1.217693129561489332e+04
1.217693129561489332e+04
1.217693129561489332e+04
1.217693129561489332e+04
1.217693129561489332e+04
1.217693129561489332e+04
1.217693129561489332e+04
1.217693129561489332e+04
1.202404733831978592e+04
1.202404733831978592e+04
1.202404733831978592e+04
1.202404733831978592e+04
1.202404733831978592e+04
1.212631604500723188e+04
1.212631604500723188e+04
1.212631604500723188e+04
1.212631604500723188e+04
1.212631604500723188e+04
1.212631604500723188e+04
1.212631604500723188e+04
1.212631604500723188e+04
1.212631604500723188e+04
1.212631604500723188e+04
1.217607694250327404e+04
1.217607694250327404e+04
1.217607694250327404e+04
1.217607694250327404e+04
1.217607694250327404e+04
1.307797771156888302e+04
1.307797771156888302e+04
1.307797771156888302e+04
1.307797771156888302e+04
1.307797771156888302e+04
1.307797771156888302e+04
1.307797771156888302e+04
1.307797771156888302e+04
1.307797771156888302e+04
1.307797771156888302e+04
1.303337962742103264e+04
1.303337962742103264e+04
1.303337962742103264e+04
1.303337962742103264e+04
1.303337962742103264e+04
1.297036168056629685e+04
1.297036168056629685e+04
1.297036168056629685e+04
1.297036168056629685e+04
1.297036168056629685e+04
1.297036168056629685e+04
1.297036168056629685e+04
1.297036168056629685e+04
1.297036168056629685e+04
1.297036168056629685e+04
1.284368845380860876e+04
1.284368845380860876e+04
1.284368845380860876e+04
1.284368845380860876e+04
1.284368845380860876e+04
1.317974983392523791e+04
1.317974983392523791e+04
1.317974983392523791e+04
1.317974983392523791e+04
1.317974983392523791e+04
1.317974983392523791e+04
1.317974983392523791e+04
1.317974983392523791e+04
1.317974983392523791e+04
1.317974983392523791e+04
1.260094784177625115e+04
1.260094784177625115e+04
1.260094784177625115e+04
1.260094784177625115e+04
1.260094784177625115e+04
1.260094784177625115e+04
1.260094784177625115e+04
1.260094784177625115e+04
1.260094784177625115e+04
1.260094784177625115e+04
1.260094784177625115e+04
1.260094784177625115e+04
1.260094784177625115e+04
1.260094784177625115e+04
1.260094784177625115e+04
1.247880137638764791e+04
1.247880137638764791e+04
1.247880137638764791e+04
1.247880137638764791e+04
1.247880137638764791e+04
1.232040625695446215e+04
1.232040625695446215e+04
1.232040625695446215e+04
1.232040625695446215e+04
1.232040625695446215e+04
1.232040625695446215e+04
1.232040625695446215e+04
1.232040625695446215e+04
1.232040625695446215e+04
1.232040625695446215e+04
1.231168227846632180e+04
1.231168227846632180e+04
1.231168227846632180e+04
1.231168227846632180e+04
1.231168227846632180e+04
1.227566114744217703e+04
1.227566114744217703e+04
1.227566114744217703e+04
1.227566114744217703e+04
1.227566114744217703e+04
1.227566114744217703e+04
1.227566114744217703e+04
1.227566114744217703e+04
1.227566114744217703e+04
1.227566114744217703e+04
1.263035768482316053e+04
1.263035768482316053e+04
1.263035768482316053e+04
1.263035768482316053e+04
1.263035768482316053e+04
1.302279675930221129e+04
1.302279675930221129e+04
1.302279675930221129e+04
1.302279675930221129e+04
1.302279675930221129e+04
1.302279675930221129e+04
1.302279675930221129e+04
1.302279675930221129e+04
1.302279675930221129e+04
1.302279675930221129e+04
1.309325891598017188e+04
1.309325891598017188e+04
1.309325891598017188e+04
1.309325891598017188e+04
1.309325891598017188e+04
