1.321889677898313664e+02
1.648416381863914921e+02
2.018934859650561862e+02
2.293926992991848124e+02
2.666425179451082954e+02
2.986014970919195548e+02
3.264754549816676104e+02
3.592703513063885907e+02
3.961654683863663422e+02
4.284661219421735154e+02
4.667454767845945867e+02
5.072023754682248864e+02
5.383274884210624123e+02
5.697995547535888363e+02
6.058281086954889361e+02
6.362372286449372041e+02
6.728424881831367657e+02
7.106501558189494290e+02
7.440934908847145834e+02
7.843735528095738800e+02
8.175295336603397800e+02
8.546334562041770369e+02
8.808147521477051214e+02
9.139270175303136057e+02
9.480888258150714591e+02
9.751152303613209824e+02
1.013042595042761718e+03
1.039966796444866532e+03
1.070433272916762235e+03
1.099385207051118186e+03
1.130602022725178813e+03
1.165724792111873057e+03
1.197418688440086044e+03
1.235307083670165184e+03
