1.148652423117929857e+03
1.148652423117929857e+03
1.148652423117929857e+03
1.148652423117929857e+03
1.148652423117929857e+03
1.148652423117929857e+03
1.148652423117929857e+03
1.148652423117929857e+03
1.173602239790303202e+03
1.173602239790303202e+03
1.173602239790303202e+03
1.173602239790303202e+03
1.173602239790303202e+03
1.173602239790303202e+03
1.173602239790303202e+03
1.173602239790303202e+03
1.194233868728406151e+03
1.194233868728406151e+03
1.194233868728406151e+03
1.194233868728406151e+03
1.194233868728406151e+03
1.194233868728406151e+03
1.194233868728406151e+03
1.194233868728406151e+03
1.190893178995553853e+03
1.190893178995553853e+03
1.190893178995553853e+03
1.190893178995553853e+03
1.190893178995553853e+03
1.190893178995553853e+03
1.190893178995553853e+03
1.190893178995553853e+03
1.142351227289208509e+03
1.142351227289208509e+03
1.142351227289208509e+03
1.142351227289208509e+03
1.142351227289208509e+03
1.142351227289208509e+03
1.142351227289208509e+03
1.142351227289208509e+03
1.173690442520769466e+03
1.173690442520769466e+03
1.173690442520769466e+03
1.173690442520769466e+03
1.173690442520769466e+03
1.173690442520769466e+03
1.173690442520769466e+03
1.173690442520769466e+03
1.219335769081500757e+03
1.219335769081500757e+03
1.219335769081500757e+03
1.219335769081500757e+03
1.219335769081500757e+03
1.219335769081500757e+03
1.219335769081500757e+03
1.219335769081500757e+03
1.168906853152011536e+03
1.168906853152011536e+03
1.168906853152011536e+03
1.168906853152011536e+03
1.168906853152011536e+03
1.168906853152011536e+03
1.168906853152011536e+03
1.168906853152011536e+03
1.158576425884643868e+03
1.158576425884643868e+03
1.158576425884643868e+03
1.158576425884643868e+03
1.158576425884643868e+03
1.158576425884643868e+03
1.158576425884643868e+03
1.158576425884643868e+03
1.118116869744037331e+03
1.118116869744037331e+03
1.118116869744037331e+03
1.118116869744037331e+03
1.118116869744037331e+03
1.118116869744037331e+03
1.118116869744037331e+03
1.118116869744037331e+03
1.102915533869017736e+03
1.102915533869017736e+03
1.102915533869017736e+03
1.102915533869017736e+03
1.102915533869017736e+03
1.102915533869017736e+03
1.102915533869017736e+03
1.102915533869017736e+03
1.161886499270789272e+03
1.161886499270789272e+03
1.161886499270789272e+03
1.161886499270789272e+03
1.161886499270789272e+03
1.161886499270789272e+03
1.161886499270789272e+03
1.161886499270789272e+03
1.165290885390692665e+03
1.165290885390692665e+03
1.165290885390692665e+03
1.165290885390692665e+03
1.165290885390692665e+03
1.165290885390692665e+03
1.165290885390692665e+03
1.165290885390692665e+03
1.182157159408894131e+03
1.182157159408894131e+03
1.182157159408894131e+03
1.182157159408894131e+03
1.182157159408894131e+03
1.182157159408894131e+03
1.182157159408894131e+03
1.182157159408894131e+03
1.176802218505497876e+03
1.176802218505497876e+03
1.176802218505497876e+03
1.176802218505497876e+03
1.176802218505497876e+03
1.176802218505497876e+03
1.176802218505497876e+03
1.176802218505497876e+03
1.209824980177600537e+03
1.209824980177600537e+03
1.209824980177600537e+03
1.209824980177600537e+03
1.209824980177600537e+03
1.209824980177600537e+03
1.209824980177600537e+03
1.209824980177600537e+03
1.172969995900371941e+03
1.172969995900371941e+03
1.172969995900371941e+03
1.172969995900371941e+03
1.172969995900371941e+03
1.172969995900371941e+03
1.172969995900371941e+03
1.172969995900371941e+03
1.174260265900434206e+03
1.174260265900434206e+03
1.174260265900434206e+03
1.174260265900434206e+03
1.174260265900434206e+03
1.174260265900434206e+03
1.174260265900434206e+03
1.174260265900434206e+03
1.166341765380749393e+03
1.166341765380749393e+03
1.166341765380749393e+03
1.166341765380749393e+03
1.166341765380749393e+03
1.166341765380749393e+03
1.166341765380749393e+03
1.166341765380749393e+03
1.162266903378288134e+03
1.162266903378288134e+03
1.162266903378288134e+03
1.162266903378288134e+03
1.162266903378288134e+03
1.162266903378288134e+03
1.162266903378288134e+03
1.162266903378288134e+03
1.166593324502083988e+03
1.166593324502083988e+03
1.166593324502083988e+03
1.166593324502083988e+03
1.166593324502083988e+03
1.166593324502083988e+03
1.166593324502083988e+03
1.166593324502083988e+03
1.186235722058989268e+03
1.186235722058989268e+03
1.186235722058989268e+03
1.186235722058989268e+03
1.186235722058989268e+03
1.186235722058989268e+03
1.186235722058989268e+03
1.186235722058989268e+03
1.208553239467127241e+03
1.208553239467127241e+03
1.208553239467127241e+03
1.208553239467127241e+03
1.208553239467127241e+03
1.208553239467127241e+03
1.208553239467127241e+03
1.208553239467127241e+03
1.206593030594868651e+03
1.206593030594868651e+03
1.206593030594868651e+03
1.206593030594868651e+03
1.206593030594868651e+03
1.206593030594868651e+03
1.206593030594868651e+03
1.206593030594868651e+03
1.188332205221565118e+03
1.188332205221565118e+03
1.188332205221565118e+03
1.188332205221565118e+03
1.188332205221565118e+03
1.188332205221565118e+03
1.188332205221565118e+03
1.188332205221565118e+03
1.179882744304502694e+03
1.179882744304502694e+03
1.179882744304502694e+03
1.179882744304502694e+03
1.179882744304502694e+03
1.179882744304502694e+03
1.179882744304502694e+03
1.179882744304502694e+03
1.186501351689365038e+03
1.186501351689365038e+03
1.186501351689365038e+03
1.186501351689365038e+03
1.186501351689365038e+03
1.186501351689365038e+03
1.186501351689365038e+03
1.186501351689365038e+03
1.175469761156404502e+03
1.175469761156404502e+03
1.175469761156404502e+03
1.175469761156404502e+03
1.175469761156404502e+03
1.175469761156404502e+03
1.175469761156404502e+03
1.175469761156404502e+03
1.174273400208336625e+03
1.174273400208336625e+03
1.174273400208336625e+03
1.174273400208336625e+03
1.174273400208336625e+03
1.174273400208336625e+03
1.174273400208336625e+03
1.174273400208336625e+03
1.168569788362012787e+03
1.168569788362012787e+03
1.168569788362012787e+03
1.168569788362012787e+03
1.168569788362012787e+03
1.168569788362012787e+03
1.168569788362012787e+03
1.168569788362012787e+03
1.162540495485245174e+03
1.162540495485245174e+03
1.162540495485245174e+03
1.162540495485245174e+03
1.162540495485245174e+03
1.162540495485245174e+03
1.162540495485245174e+03
1.162540495485245174e+03
1.178798120996666967e+03
1.178798120996666967e+03
1.178798120996666967e+03
1.178798120996666967e+03
1.178798120996666967e+03
1.178798120996666967e+03
1.178798120996666967e+03
1.178798120996666967e+03
1.170574501114559553e+03
1.170574501114559553e+03
1.170574501114559553e+03
1.170574501114559553e+03
1.170574501114559553e+03
1.170574501114559553e+03
1.170574501114559553e+03
1.170574501114559553e+03
1.189108847319347433e+03
1.189108847319347433e+03
1.189108847319347433e+03
1.189108847319347433e+03
1.189108847319347433e+03
1.189108847319347433e+03
1.189108847319347433e+03
1.189108847319347433e+03
1.176105552756697307e+03
1.176105552756697307e+03
1.176105552756697307e+03
1.176105552756697307e+03
1.176105552756697307e+03
1.176105552756697307e+03
1.176105552756697307e+03
1.176105552756697307e+03
1.185826332888417255e+03
1.185826332888417255e+03
1.185826332888417255e+03
1.185826332888417255e+03
1.185826332888417255e+03
1.185826332888417255e+03
1.185826332888417255e+03
1.185826332888417255e+03
1.197824564266535390e+03
1.197824564266535390e+03
1.197824564266535390e+03
1.197824564266535390e+03
1.197824564266535390e+03
1.197824564266535390e+03
1.197824564266535390e+03
1.197824564266535390e+03
1.208063175167043710e+03
1.208063175167043710e+03
1.208063175167043710e+03
1.208063175167043710e+03
1.208063175167043710e+03
1.208063175167043710e+03
1.208063175167043710e+03
1.208063175167043710e+03
1.197384259944521091e+03
1.197384259944521091e+03
1.197384259944521091e+03
1.197384259944521091e+03
1.197384259944521091e+03
1.197384259944521091e+03
1.197384259944521091e+03
1.197384259944521091e+03
1.218476255443904165e+03
1.218476255443904165e+03
1.218476255443904165e+03
1.218476255443904165e+03
1.218476255443904165e+03
1.218476255443904165e+03
1.218476255443904165e+03
1.218476255443904165e+03
1.189483568221592805e+03
1.189483568221592805e+03
1.189483568221592805e+03
1.189483568221592805e+03
1.189483568221592805e+03
1.189483568221592805e+03
1.189483568221592805e+03
1.189483568221592805e+03
1.200493416366423389e+03
1.200493416366423389e+03
1.200493416366423389e+03
1.200493416366423389e+03
1.200493416366423389e+03
1.200493416366423389e+03
1.200493416366423389e+03
1.200493416366423389e+03
1.179051322552797956e+03
1.179051322552797956e+03
1.179051322552797956e+03
1.179051322552797956e+03
1.179051322552797956e+03
1.179051322552797956e+03
1.179051322552797956e+03
1.179051322552797956e+03
1.201463927134778487e+03
1.201463927134778487e+03
1.201463927134778487e+03
1.201463927134778487e+03
1.201463927134778487e+03
1.201463927134778487e+03
1.201463927134778487e+03
1.201463927134778487e+03
1.165084292998289584e+03
1.165084292998289584e+03
1.165084292998289584e+03
1.165084292998289584e+03
1.165084292998289584e+03
1.165084292998289584e+03
1.165084292998289584e+03
1.165084292998289584e+03
1.200586494484964760e+03
1.200586494484964760e+03
1.200586494484964760e+03
1.200586494484964760e+03
1.200586494484964760e+03
1.200586494484964760e+03
1.200586494484964760e+03
1.200586494484964760e+03
1.220682388599542492e+03
1.220682388599542492e+03
1.220682388599542492e+03
1.220682388599542492e+03
1.220682388599542492e+03
1.220682388599542492e+03
1.220682388599542492e+03
1.220682388599542492e+03
1.221002005978051784e+03
1.221002005978051784e+03
1.221002005978051784e+03
1.221002005978051784e+03
1.221002005978051784e+03
1.221002005978051784e+03
1.221002005978051784e+03
1.221002005978051784e+03
1.197285462862119175e+03
1.197285462862119175e+03
1.197285462862119175e+03
1.197285462862119175e+03
1.197285462862119175e+03
1.197285462862119175e+03
1.197285462862119175e+03
1.197285462862119175e+03
1.173545949686354561e+03
1.173545949686354561e+03
1.173545949686354561e+03
1.173545949686354561e+03
1.173545949686354561e+03
1.173545949686354561e+03
1.173545949686354561e+03
1.173545949686354561e+03
1.185753313842420994e+03
1.185753313842420994e+03
1.185753313842420994e+03
1.185753313842420994e+03
1.185753313842420994e+03
1.185753313842420994e+03
1.185753313842420994e+03
1.185753313842420994e+03
1.203073639822540372e+03
1.203073639822540372e+03
1.203073639822540372e+03
1.203073639822540372e+03
1.203073639822540372e+03
1.203073639822540372e+03
1.203073639822540372e+03
1.203073639822540372e+03
1.174795052536586127e+03
1.174795052536586127e+03
1.174795052536586127e+03
1.174795052536586127e+03
1.174795052536586127e+03
1.174795052536586127e+03
1.174795052536586127e+03
1.174795052536586127e+03
1.190273788428115722e+03
1.190273788428115722e+03
1.190273788428115722e+03
1.190273788428115722e+03
1.190273788428115722e+03
1.190273788428115722e+03
1.190273788428115722e+03
1.190273788428115722e+03
1.209164648090035143e+03
1.209164648090035143e+03
1.209164648090035143e+03
1.209164648090035143e+03
1.209164648090035143e+03
1.209164648090035143e+03
1.209164648090035143e+03
1.209164648090035143e+03
1.195252562466166182e+03
1.195252562466166182e+03
1.195252562466166182e+03
1.195252562466166182e+03
1.195252562466166182e+03
1.195252562466166182e+03
1.195252562466166182e+03
1.195252562466166182e+03
1.171539722026665231e+03
1.171539722026665231e+03
1.171539722026665231e+03
1.171539722026665231e+03
1.171539722026665231e+03
1.171539722026665231e+03
1.171539722026665231e+03
1.171539722026665231e+03
1.125910558904120990e+03
1.125910558904120990e+03
1.125910558904120990e+03
1.125910558904120990e+03
1.125910558904120990e+03
1.125910558904120990e+03
1.125910558904120990e+03
1.125910558904120990e+03
1.143506959924933653e+03
1.143506959924933653e+03
1.143506959924933653e+03
1.143506959924933653e+03
1.143506959924933653e+03
1.143506959924933653e+03
1.143506959924933653e+03
1.143506959924933653e+03
1.182827027411139170e+03
1.182827027411139170e+03
1.182827027411139170e+03
1.182827027411139170e+03
1.182827027411139170e+03
1.182827027411139170e+03
1.182827027411139170e+03
1.182827027411139170e+03
1.182766786605183825e+03
1.182766786605183825e+03
1.182766786605183825e+03
1.182766786605183825e+03
1.182766786605183825e+03
1.182766786605183825e+03
1.182766786605183825e+03
1.182766786605183825e+03
1.161186752381036058e+03
1.161186752381036058e+03
1.161186752381036058e+03
1.161186752381036058e+03
1.161186752381036058e+03
1.161186752381036058e+03
1.161186752381036058e+03
1.161186752381036058e+03
1.144144413374860960e+03
1.144144413374860960e+03
1.144144413374860960e+03
1.144144413374860960e+03
1.144144413374860960e+03
1.144144413374860960e+03
1.144144413374860960e+03
1.144144413374860960e+03
1.145496689618977371e+03
1.145496689618977371e+03
1.145496689618977371e+03
1.145496689618977371e+03
1.145496689618977371e+03
1.145496689618977371e+03
1.145496689618977371e+03
1.145496689618977371e+03
1.136372300523560398e+03
1.136372300523560398e+03
1.136372300523560398e+03
1.136372300523560398e+03
1.136372300523560398e+03
1.136372300523560398e+03
1.136372300523560398e+03
1.136372300523560398e+03
1.162317024157656988e+03
1.162317024157656988e+03
1.162317024157656988e+03
1.162317024157656988e+03
1.162317024157656988e+03
1.162317024157656988e+03
1.162317024157656988e+03
1.162317024157656988e+03
1.172857434267307553e+03
1.172857434267307553e+03
1.172857434267307553e+03
1.172857434267307553e+03
1.172857434267307553e+03
1.172857434267307553e+03
1.172857434267307553e+03
1.172857434267307553e+03
1.147956627248467839e+03
1.147956627248467839e+03
1.147956627248467839e+03
1.147956627248467839e+03
1.147956627248467839e+03
1.147956627248467839e+03
1.147956627248467839e+03
1.147956627248467839e+03
1.141800997172459120e+03
1.141800997172459120e+03
1.141800997172459120e+03
1.141800997172459120e+03
1.141800997172459120e+03
1.141800997172459120e+03
1.141800997172459120e+03
1.141800997172459120e+03
1.158870526893260148e+03
1.158870526893260148e+03
1.158870526893260148e+03
1.158870526893260148e+03
1.158870526893260148e+03
1.158870526893260148e+03
1.158870526893260148e+03
1.158870526893260148e+03
1.146877986741892073e+03
1.146877986741892073e+03
1.146877986741892073e+03
1.146877986741892073e+03
1.146877986741892073e+03
1.146877986741892073e+03
1.146877986741892073e+03
1.146877986741892073e+03
1.201977118624071181e+03
1.201977118624071181e+03
1.201977118624071181e+03
1.201977118624071181e+03
1.201977118624071181e+03
1.201977118624071181e+03
1.201977118624071181e+03
1.201977118624071181e+03
1.184627238670153247e+03
1.184627238670153247e+03
1.184627238670153247e+03
1.184627238670153247e+03
1.184627238670153247e+03
1.184627238670153247e+03
1.184627238670153247e+03
1.184627238670153247e+03
1.176312879685039888e+03
1.176312879685039888e+03
1.176312879685039888e+03
1.176312879685039888e+03
1.176312879685039888e+03
1.176312879685039888e+03
1.176312879685039888e+03
1.176312879685039888e+03
1.220532261913820548e+03
1.220532261913820548e+03
1.220532261913820548e+03
1.220532261913820548e+03
1.220532261913820548e+03
1.220532261913820548e+03
1.220532261913820548e+03
1.220532261913820548e+03
1.209750805472540605e+03
1.209750805472540605e+03
1.209750805472540605e+03
1.209750805472540605e+03
1.209750805472540605e+03
1.209750805472540605e+03
1.209750805472540605e+03
1.209750805472540605e+03
1.159158016712441395e+03
1.159158016712441395e+03
1.159158016712441395e+03
1.159158016712441395e+03
1.159158016712441395e+03
1.159158016712441395e+03
1.159158016712441395e+03
1.159158016712441395e+03
1.151694228237472998e+03
1.151694228237472998e+03
1.151694228237472998e+03
1.151694228237472998e+03
1.151694228237472998e+03
1.151694228237472998e+03
1.151694228237472998e+03
1.151694228237472998e+03
1.121257257556955210e+03
1.121257257556955210e+03
1.121257257556955210e+03
1.121257257556955210e+03
1.121257257556955210e+03
1.121257257556955210e+03
1.121257257556955210e+03
1.121257257556955210e+03
1.164751234581643530e+03
1.164751234581643530e+03
1.164751234581643530e+03
1.164751234581643530e+03
1.164751234581643530e+03
1.164751234581643530e+03
1.164751234581643530e+03
1.164751234581643530e+03
1.127559148117332597e+03
1.127559148117332597e+03
1.127559148117332597e+03
1.127559148117332597e+03
1.127559148117332597e+03
1.127559148117332597e+03
1.127559148117332597e+03
1.127559148117332597e+03
1.131624119463927627e+03
1.131624119463927627e+03
1.131624119463927627e+03
1.131624119463927627e+03
1.131624119463927627e+03
1.131624119463927627e+03
1.131624119463927627e+03
1.131624119463927627e+03
1.136235256832994764e+03
1.136235256832994764e+03
1.136235256832994764e+03
1.136235256832994764e+03
1.136235256832994764e+03
1.136235256832994764e+03
1.136235256832994764e+03
1.136235256832994764e+03
1.154409807419858453e+03
1.154409807419858453e+03
1.154409807419858453e+03
1.154409807419858453e+03
1.154409807419858453e+03
1.154409807419858453e+03
1.154409807419858453e+03
1.154409807419858453e+03
1.144314633916522553e+03
1.144314633916522553e+03
1.144314633916522553e+03
1.144314633916522553e+03
1.144314633916522553e+03
1.144314633916522553e+03
1.144314633916522553e+03
1.144314633916522553e+03
1.101626027621402045e+03
1.101626027621402045e+03
1.101626027621402045e+03
1.101626027621402045e+03
1.101626027621402045e+03
1.101626027621402045e+03
1.101626027621402045e+03
1.101626027621402045e+03
1.098170401064790894e+03
1.098170401064790894e+03
1.098170401064790894e+03
1.098170401064790894e+03
1.098170401064790894e+03
1.098170401064790894e+03
1.098170401064790894e+03
1.098170401064790894e+03
1.105241425519971926e+03
1.105241425519971926e+03
1.105241425519971926e+03
1.105241425519971926e+03
1.105241425519971926e+03
1.105241425519971926e+03
1.105241425519971926e+03
1.105241425519971926e+03
1.107420450981923295e+03
1.107420450981923295e+03
1.107420450981923295e+03
1.107420450981923295e+03
1.107420450981923295e+03
1.107420450981923295e+03
1.107420450981923295e+03
1.107420450981923295e+03
1.117661388190426351e+03
1.117661388190426351e+03
1.117661388190426351e+03
1.117661388190426351e+03
1.117661388190426351e+03
1.117661388190426351e+03
1.117661388190426351e+03
1.117661388190426351e+03
1.103278243976350723e+03
1.103278243976350723e+03
1.103278243976350723e+03
1.103278243976350723e+03
1.103278243976350723e+03
1.103278243976350723e+03
1.103278243976350723e+03
1.103278243976350723e+03
1.123367650780122403e+03
1.123367650780122403e+03
1.123367650780122403e+03
1.123367650780122403e+03
1.123367650780122403e+03
1.123367650780122403e+03
1.123367650780122403e+03
1.123367650780122403e+03
1.108160385705296221e+03
1.108160385705296221e+03
1.108160385705296221e+03
1.108160385705296221e+03
1.108160385705296221e+03
1.108160385705296221e+03
