7.962567688342232032e+03
7.962567688342232032e+03
7.962567688342232032e+03
7.962567688342232032e+03
7.962567688342232032e+03
7.901174584249887630e+03
7.901174584249887630e+03
7.901174584249887630e+03
7.901174584249887630e+03
7.901174584249887630e+03
7.901174584249887630e+03
7.901174584249887630e+03
7.901174584249887630e+03
7.901174584249887630e+03
7.901174584249887630e+03
7.927220696902541022e+03
7.927220696902541022e+03
7.927220696902541022e+03
7.927220696902541022e+03
7.927220696902541022e+03
7.930641642131708068e+03
7.930641642131708068e+03
7.930641642131708068e+03
7.930641642131708068e+03
7.930641642131708068e+03
7.930641642131708068e+03
7.930641642131708068e+03
7.930641642131708068e+03
7.930641642131708068e+03
7.930641642131708068e+03
7.967682277709039226e+03
7.967682277709039226e+03
7.967682277709039226e+03
7.967682277709039226e+03
7.967682277709039226e+03
7.967682277709039226e+03
7.950947214400806843e+03
7.950947214400806843e+03
7.950947214400806843e+03
7.950947214400806843e+03
7.950947214400806843e+03
7.950947214400806843e+03
7.950947214400806843e+03
7.950947214400806843e+03
7.950947214400806843e+03
7.964571024932467481e+03
7.964571024932467481e+03
7.964571024932467481e+03
7.964571024932467481e+03
7.964571024932467481e+03
7.964571024932467481e+03
7.966629342676897068e+03
7.966629342676897068e+03
7.966629342676897068e+03
7.966629342676897068e+03
7.966629342676897068e+03
7.966629342676897068e+03
7.966629342676897068e+03
7.966629342676897068e+03
7.966629342676897068e+03
7.945366433324237732e+03
7.945366433324237732e+03
7.945366433324237732e+03
7.945366433324237732e+03
7.945366433324237732e+03
7.945366433324237732e+03
7.940680027909591445e+03
7.940680027909591445e+03
7.940680027909591445e+03
7.940680027909591445e+03
7.940680027909591445e+03
7.940680027909591445e+03
7.940680027909591445e+03
7.940680027909591445e+03
7.940680027909591445e+03
8.002323781934528597e+03
8.002323781934528597e+03
8.002323781934528597e+03
8.002323781934528597e+03
8.002323781934528597e+03
8.002323781934528597e+03
7.953298002739082222e+03
7.953298002739082222e+03
7.953298002739082222e+03
7.953298002739082222e+03
7.953298002739082222e+03
7.953298002739082222e+03
7.953298002739082222e+03
7.953298002739082222e+03
7.953298002739082222e+03
7.955220287975573228e+03
7.955220287975573228e+03
7.955220287975573228e+03
7.955220287975573228e+03
7.955220287975573228e+03
7.955220287975573228e+03
7.952097410631039565e+03
7.952097410631039565e+03
7.952097410631039565e+03
7.952097410631039565e+03
7.952097410631039565e+03
7.952097410631039565e+03
7.952097410631039565e+03
7.952097410631039565e+03
7.952097410631039565e+03
8.003534791211501215e+03
8.003534791211501215e+03
8.003534791211501215e+03
8.003534791211501215e+03
8.003534791211501215e+03
8.003534791211501215e+03
8.057448637941062771e+03
8.057448637941062771e+03
8.057448637941062771e+03
8.057448637941062771e+03
8.057448637941062771e+03
8.057448637941062771e+03
8.057448637941062771e+03
8.057448637941062771e+03
8.057448637941062771e+03
8.098948912726700655e+03
8.098948912726700655e+03
8.098948912726700655e+03
8.098948912726700655e+03
8.098948912726700655e+03
8.098948912726700655e+03
8.098948912726700655e+03
8.098948912726700655e+03
8.098948912726700655e+03
8.098948912726700655e+03
8.098948912726700655e+03
8.098948912726700655e+03
8.098948912726700655e+03
8.098948912726700655e+03
8.098948912726700655e+03
8.147544683358366456e+03
8.147544683358366456e+03
8.147544683358366456e+03
8.147544683358366456e+03
8.147544683358366456e+03
8.147544683358366456e+03
8.198450993279499016e+03
8.198450993279499016e+03
8.198450993279499016e+03
8.198450993279499016e+03
8.198450993279499016e+03
8.198450993279499016e+03
8.198450993279499016e+03
8.198450993279499016e+03
8.198450993279499016e+03
8.267214721762578847e+03
8.267214721762578847e+03
8.267214721762578847e+03
8.267214721762578847e+03
8.267214721762578847e+03
8.179698518609294297e+03
8.179698518609294297e+03
8.179698518609294297e+03
8.179698518609294297e+03
8.179698518609294297e+03
8.179698518609294297e+03
8.179698518609294297e+03
8.179698518609294297e+03
8.179698518609294297e+03
8.179698518609294297e+03
8.068038412303760197e+03
8.068038412303760197e+03
8.068038412303760197e+03
8.068038412303760197e+03
8.068038412303760197e+03
7.966452540519525428e+03
7.966452540519525428e+03
7.966452540519525428e+03
7.966452540519525428e+03
7.966452540519525428e+03
7.966452540519525428e+03
7.966452540519525428e+03
7.966452540519525428e+03
7.966452540519525428e+03
7.966452540519525428e+03
7.981455263341294085e+03
7.981455263341294085e+03
7.981455263341294085e+03
7.981455263341294085e+03
7.981455263341294085e+03
7.947846020387293720e+03
7.947846020387293720e+03
7.947846020387293720e+03
7.947846020387293720e+03
7.947846020387293720e+03
7.947846020387293720e+03
7.947846020387293720e+03
7.947846020387293720e+03
7.947846020387293720e+03
7.947846020387293720e+03
7.930909829283702493e+03
7.930909829283702493e+03
7.930909829283702493e+03
7.930909829283702493e+03
7.930909829283702493e+03
7.982666069161851738e+03
7.982666069161851738e+03
7.982666069161851738e+03
7.982666069161851738e+03
7.982666069161851738e+03
7.982666069161851738e+03
7.982666069161851738e+03
7.982666069161851738e+03
7.982666069161851738e+03
7.982666069161851738e+03
8.035460808568219363e+03
8.035460808568219363e+03
8.035460808568219363e+03
8.035460808568219363e+03
8.035460808568219363e+03
8.006425025429492962e+03
8.006425025429492962e+03
8.006425025429492962e+03
8.006425025429492962e+03
8.006425025429492962e+03
8.006425025429492962e+03
8.006425025429492962e+03
8.006425025429492962e+03
8.006425025429492962e+03
8.006425025429492962e+03
7.947589858674521565e+03
7.947589858674521565e+03
7.947589858674521565e+03
7.947589858674521565e+03
7.947589858674521565e+03
7.899719052493777781e+03
7.899719052493777781e+03
7.899719052493777781e+03
7.899719052493777781e+03
7.899719052493777781e+03
7.899719052493777781e+03
7.899719052493777781e+03
7.899719052493777781e+03
7.899719052493777781e+03
7.899719052493777781e+03
7.879587287270946035e+03
7.879587287270946035e+03
7.879587287270946035e+03
7.879587287270946035e+03
7.879587287270946035e+03
7.934282912650616709e+03
7.934282912650616709e+03
7.934282912650616709e+03
7.934282912650616709e+03
7.934282912650616709e+03
7.934282912650616709e+03
7.934282912650616709e+03
7.934282912650616709e+03
7.934282912650616709e+03
7.934282912650616709e+03
7.940938640157627560e+03
7.940938640157627560e+03
7.940938640157627560e+03
7.940938640157627560e+03
7.940938640157627560e+03
7.962102978500988684e+03
7.962102978500988684e+03
7.962102978500988684e+03
7.962102978500988684e+03
7.962102978500988684e+03
7.962102978500988684e+03
7.962102978500988684e+03
7.962102978500988684e+03
7.962102978500988684e+03
7.962102978500988684e+03
7.945959580588135395e+03
7.945959580588135395e+03
7.945959580588135395e+03
7.945959580588135395e+03
7.945959580588135395e+03
7.945959580588135395e+03
7.945959580588135395e+03
7.945959580588135395e+03
7.945959580588135395e+03
7.945959580588135395e+03
7.945959580588135395e+03
7.945959580588135395e+03
7.945959580588135395e+03
7.945959580588135395e+03
7.945959580588135395e+03
7.997669538832235048e+03
7.997669538832235048e+03
7.997669538832235048e+03
7.997669538832235048e+03
7.997669538832235048e+03
7.930649997430193253e+03
7.930649997430193253e+03
7.930649997430193253e+03
7.930649997430193253e+03
7.930649997430193253e+03
7.930649997430193253e+03
7.930649997430193253e+03
7.930649997430193253e+03
7.930649997430193253e+03
7.930649997430193253e+03
7.966012955877273271e+03
7.966012955877273271e+03
7.966012955877273271e+03
7.966012955877273271e+03
7.966012955877273271e+03
7.969854918631049259e+03
7.969854918631049259e+03
7.969854918631049259e+03
7.969854918631049259e+03
7.969854918631049259e+03
7.969854918631049259e+03
7.969854918631049259e+03
7.969854918631049259e+03
7.969854918631049259e+03
7.969854918631049259e+03
7.971540934665390523e+03
7.971540934665390523e+03
7.971540934665390523e+03
7.971540934665390523e+03
7.971540934665390523e+03
7.985368044355171151e+03
7.985368044355171151e+03
7.985368044355171151e+03
7.985368044355171151e+03
7.985368044355171151e+03
7.985368044355171151e+03
7.985368044355171151e+03
7.985368044355171151e+03
7.985368044355171151e+03
7.985368044355171151e+03
8.025225755582584497e+03
8.025225755582584497e+03
8.025225755582584497e+03
8.025225755582584497e+03
8.025225755582584497e+03
7.997836322376091630e+03
7.997836322376091630e+03
7.997836322376091630e+03
7.997836322376091630e+03
7.997836322376091630e+03
7.997836322376091630e+03
7.997836322376091630e+03
7.997836322376091630e+03
7.997836322376091630e+03
7.997836322376091630e+03
7.974377666894276445e+03
7.974377666894276445e+03
7.974377666894276445e+03
7.974377666894276445e+03
7.974377666894276445e+03
7.956094031610060483e+03
7.956094031610060483e+03
7.956094031610060483e+03
7.956094031610060483e+03
7.956094031610060483e+03
7.956094031610060483e+03
7.956094031610060483e+03
7.956094031610060483e+03
7.956094031610060483e+03
7.956094031610060483e+03
7.977650339980770696e+03
7.977650339980770696e+03
7.977650339980770696e+03
7.977650339980770696e+03
7.977650339980770696e+03
8.014163250963318205e+03
8.014163250963318205e+03
8.014163250963318205e+03
8.014163250963318205e+03
8.014163250963318205e+03
8.014163250963318205e+03
8.014163250963318205e+03
8.014163250963318205e+03
8.014163250963318205e+03
8.014163250963318205e+03
8.043408562358295967e+03
8.043408562358295967e+03
8.043408562358295967e+03
8.043408562358295967e+03
8.043408562358295967e+03
8.054329700919473908e+03
8.054329700919473908e+03
8.054329700919473908e+03
8.054329700919473908e+03
8.054329700919473908e+03
8.054329700919473908e+03
8.054329700919473908e+03
8.054329700919473908e+03
8.054329700919473908e+03
8.054329700919473908e+03
8.135014324266860058e+03
8.135014324266860058e+03
8.135014324266860058e+03
8.135014324266860058e+03
8.135014324266860058e+03
8.148838664691531449e+03
8.148838664691531449e+03
8.148838664691531449e+03
8.148838664691531449e+03
8.148838664691531449e+03
8.148838664691531449e+03
8.148838664691531449e+03
8.148838664691531449e+03
8.148838664691531449e+03
8.148838664691531449e+03
8.166067436057472150e+03
8.166067436057472150e+03
8.166067436057472150e+03
8.166067436057472150e+03
8.166067436057472150e+03
8.215862488981911156e+03
8.215862488981911156e+03
8.215862488981911156e+03
8.215862488981911156e+03
8.215862488981911156e+03
8.215862488981911156e+03
8.215862488981911156e+03
8.215862488981911156e+03
8.215862488981911156e+03
8.215862488981911156e+03
8.164048548594973909e+03
8.164048548594973909e+03
8.164048548594973909e+03
8.164048548594973909e+03
8.164048548594973909e+03
8.164048548594973909e+03
8.164048548594973909e+03
8.164048548594973909e+03
8.164048548594973909e+03
8.164048548594973909e+03
8.164048548594973909e+03
8.164048548594973909e+03
8.164048548594973909e+03
8.164048548594973909e+03
8.164048548594973909e+03
8.192590628235837357e+03
8.192590628235837357e+03
8.192590628235837357e+03
8.192590628235837357e+03
8.192590628235837357e+03
8.110703513039644349e+03
8.110703513039644349e+03
8.110703513039644349e+03
8.110703513039644349e+03
8.110703513039644349e+03
8.110703513039644349e+03
8.110703513039644349e+03
8.110703513039644349e+03
8.110703513039644349e+03
8.110703513039644349e+03
8.103693074831219747e+03
8.103693074831219747e+03
8.103693074831219747e+03
8.103693074831219747e+03
8.103693074831219747e+03
8.033317073621258714e+03
8.033317073621258714e+03
8.033317073621258714e+03
8.033317073621258714e+03
8.033317073621258714e+03
8.033317073621258714e+03
8.033317073621258714e+03
8.033317073621258714e+03
8.033317073621258714e+03
8.033317073621258714e+03
8.019531286052340874e+03
8.019531286052340874e+03
8.019531286052340874e+03
8.019531286052340874e+03
8.019531286052340874e+03
8.110429303028681716e+03
8.110429303028681716e+03
8.110429303028681716e+03
8.110429303028681716e+03
8.110429303028681716e+03
8.110429303028681716e+03
8.110429303028681716e+03
8.110429303028681716e+03
8.110429303028681716e+03
8.110429303028681716e+03
8.121336957691217322e+03
8.121336957691217322e+03
8.121336957691217322e+03
8.121336957691217322e+03
8.121336957691217322e+03
8.053178835585421439e+03
8.053178835585421439e+03
8.053178835585421439e+03
8.053178835585421439e+03
8.053178835585421439e+03
8.053178835585421439e+03
8.053178835585421439e+03
8.053178835585421439e+03
8.053178835585421439e+03
8.053178835585421439e+03
8.067760448701134010e+03
8.067760448701134010e+03
8.067760448701134010e+03
8.067760448701134010e+03
8.067760448701134010e+03
8.144378372486788066e+03
8.144378372486788066e+03
8.144378372486788066e+03
8.144378372486788066e+03
8.144378372486788066e+03
8.144378372486788066e+03
8.144378372486788066e+03
8.144378372486788066e+03
8.144378372486788066e+03
8.144378372486788066e+03
8.207002950202644570e+03
8.207002950202644570e+03
8.207002950202644570e+03
8.207002950202644570e+03
8.207002950202644570e+03
8.135258468188409097e+03
8.135258468188409097e+03
8.135258468188409097e+03
8.135258468188409097e+03
8.135258468188409097e+03
8.135258468188409097e+03
8.135258468188409097e+03
8.135258468188409097e+03
8.135258468188409097e+03
8.135258468188409097e+03
8.078021825235043252e+03
8.078021825235043252e+03
8.078021825235043252e+03
8.078021825235043252e+03
8.078021825235043252e+03
8.077115938725937667e+03
8.077115938725937667e+03
8.077115938725937667e+03
8.077115938725937667e+03
8.077115938725937667e+03
8.077115938725937667e+03
8.077115938725937667e+03
8.077115938725937667e+03
8.077115938725937667e+03
8.077115938725937667e+03
8.084473758175838157e+03
8.084473758175838157e+03
8.084473758175838157e+03
8.084473758175838157e+03
8.084473758175838157e+03
8.093302391494438780e+03
8.093302391494438780e+03
8.093302391494438780e+03
8.093302391494438780e+03
8.093302391494438780e+03
8.093302391494438780e+03
8.093302391494438780e+03
8.093302391494438780e+03
8.093302391494438780e+03
8.093302391494438780e+03
8.121843709824461257e+03
8.121843709824461257e+03
8.121843709824461257e+03
8.121843709824461257e+03
8.121843709824461257e+03
8.229176709158484300e+03
8.229176709158484300e+03
8.229176709158484300e+03
8.229176709158484300e+03
8.229176709158484300e+03
8.229176709158484300e+03
8.229176709158484300e+03
8.229176709158484300e+03
8.229176709158484300e+03
8.229176709158484300e+03
8.250958294277377718e+03
8.250958294277377718e+03
8.250958294277377718e+03
8.250958294277377718e+03
8.250958294277377718e+03
8.250958294277377718e+03
8.250958294277377718e+03
8.250958294277377718e+03
8.250958294277377718e+03
8.250958294277377718e+03
8.250958294277377718e+03
8.250958294277377718e+03
8.250958294277377718e+03
8.250958294277377718e+03
8.250958294277377718e+03
8.243279908916123532e+03
8.243279908916123532e+03
8.243279908916123532e+03
8.243279908916123532e+03
8.243279908916123532e+03
8.129740305810366408e+03
8.129740305810366408e+03
8.129740305810366408e+03
8.129740305810366408e+03
8.129740305810366408e+03
8.129740305810366408e+03
8.129740305810366408e+03
8.129740305810366408e+03
8.129740305810366408e+03
8.129740305810366408e+03
8.193973637760465863e+03
8.193973637760465863e+03
8.193973637760465863e+03
8.193973637760465863e+03
8.193973637760465863e+03
8.155627735891065640e+03
8.155627735891065640e+03
8.155627735891065640e+03
8.155627735891065640e+03
8.155627735891065640e+03
8.155627735891065640e+03
8.155627735891065640e+03
8.155627735891065640e+03
8.155627735891065640e+03
8.155627735891065640e+03
8.123612602976882044e+03
8.123612602976882044e+03
8.123612602976882044e+03
8.123612602976882044e+03
8.123612602976882044e+03
8.158201572704956561e+03
8.158201572704956561e+03
8.158201572704956561e+03
8.158201572704956561e+03
8.158201572704956561e+03
8.158201572704956561e+03
8.158201572704956561e+03
8.158201572704956561e+03
8.158201572704956561e+03
8.158201572704956561e+03
8.167497416306232481e+03
8.167497416306232481e+03
8.167497416306232481e+03
8.167497416306232481e+03
8.167497416306232481e+03
8.167497416306232481e+03
8.085545612156234711e+03
8.085545612156234711e+03
8.085545612156234711e+03
8.085545612156234711e+03
8.085545612156234711e+03
8.085545612156234711e+03
8.085545612156234711e+03
8.085545612156234711e+03
8.085545612156234711e+03
8.149190772919120718e+03
8.149190772919120718e+03
8.149190772919120718e+03
8.149190772919120718e+03
8.149190772919120718e+03
8.149190772919120718e+03
8.169220332356848303e+03
8.169220332356848303e+03
8.169220332356848303e+03
8.169220332356848303e+03
8.169220332356848303e+03
8.169220332356848303e+03
8.169220332356848303e+03
8.169220332356848303e+03
8.169220332356848303e+03
8.221264364113749252e+03
8.221264364113749252e+03
8.221264364113749252e+03
8.221264364113749252e+03
8.221264364113749252e+03
8.221264364113749252e+03
8.127113142680111196e+03
8.127113142680111196e+03
8.127113142680111196e+03
8.127113142680111196e+03
8.127113142680111196e+03
8.127113142680111196e+03
8.127113142680111196e+03
8.127113142680111196e+03
8.127113142680111196e+03
8.155006598901038160e+03
8.155006598901038160e+03
8.155006598901038160e+03
8.155006598901038160e+03
8.155006598901038160e+03
8.155006598901038160e+03
8.083073649241873682e+03
8.083073649241873682e+03
8.083073649241873682e+03
8.083073649241873682e+03
8.083073649241873682e+03
8.083073649241873682e+03
8.083073649241873682e+03
8.083073649241873682e+03
8.083073649241873682e+03
8.137720887285733625e+03
8.137720887285733625e+03
8.137720887285733625e+03
8.137720887285733625e+03
8.137720887285733625e+03
8.137720887285733625e+03
8.112947978794711162e+03
8.112947978794711162e+03
8.112947978794711162e+03
8.112947978794711162e+03
8.112947978794711162e+03
8.112947978794711162e+03
8.112947978794711162e+03
8.112947978794711162e+03
8.112947978794711162e+03
8.195437004299716136e+03
8.195437004299716136e+03
8.195437004299716136e+03
8.195437004299716136e+03
8.195437004299716136e+03
8.195437004299716136e+03
8.172161834482560153e+03
8.172161834482560153e+03
8.172161834482560153e+03
8.172161834482560153e+03
8.172161834482560153e+03
8.172161834482560153e+03
8.172161834482560153e+03
8.172161834482560153e+03
8.172161834482560153e+03
8.221650198918083333e+03
8.221650198918083333e+03
8.221650198918083333e+03
8.221650198918083333e+03
8.221650198918083333e+03
8.221650198918083333e+03
8.221650198918083333e+03
8.221650198918083333e+03
8.221650198918083333e+03
8.221650198918083333e+03
8.221650198918083333e+03
8.221650198918083333e+03
8.221650198918083333e+03
8.221650198918083333e+03
8.221650198918083333e+03
8.191909193584712739e+03
8.191909193584712739e+03
8.191909193584712739e+03
8.191909193584712739e+03
8.191909193584712739e+03
8.191909193584712739e+03
8.102466253199390849e+03
8.102466253199390849e+03
8.102466253199390849e+03
8.102466253199390849e+03
8.102466253199390849e+03
8.102466253199390849e+03
8.102466253199390849e+03
8.102466253199390849e+03
8.102466253199390849e+03
8.171131187672022861e+03
8.171131187672022861e+03
8.171131187672022861e+03
8.171131187672022861e+03
8.171131187672022861e+03
8.171131187672022861e+03
8.110188634763602749e+03
8.110188634763602749e+03
8.110188634763602749e+03
8.110188634763602749e+03
8.110188634763602749e+03
8.110188634763602749e+03
8.110188634763602749e+03
8.110188634763602749e+03
8.110188634763602749e+03
8.108969943900345243e+03
8.108969943900345243e+03
8.108969943900345243e+03
8.108969943900345243e+03
8.108969943900345243e+03
8.108969943900345243e+03
8.156114099320310743e+03
8.156114099320310743e+03
8.156114099320310743e+03
8.156114099320310743e+03
8.156114099320310743e+03
8.156114099320310743e+03
8.156114099320310743e+03
8.156114099320310743e+03
8.156114099320310743e+03
8.185913112376339086e+03
8.185913112376339086e+03
8.185913112376339086e+03
8.185913112376339086e+03
8.185913112376339086e+03
8.185913112376339086e+03
8.042230421986478177e+03
8.042230421986478177e+03
8.042230421986478177e+03
8.042230421986478177e+03
8.042230421986478177e+03
8.042230421986478177e+03
8.042230421986478177e+03
8.042230421986478177e+03
8.042230421986478177e+03
8.146945928254863247e+03
8.146945928254863247e+03
8.146945928254863247e+03
8.146945928254863247e+03
8.146945928254863247e+03
8.146945928254863247e+03
8.114273161074735071e+03
8.114273161074735071e+03
8.114273161074735071e+03
8.114273161074735071e+03
8.114273161074735071e+03
8.114273161074735071e+03
8.114273161074735071e+03
8.114273161074735071e+03
8.114273161074735071e+03
8.235360577382642077e+03
8.235360577382642077e+03
8.235360577382642077e+03
8.235360577382642077e+03
8.235360577382642077e+03
8.235360577382642077e+03
8.187140195400999801e+03
8.187140195400999801e+03
8.187140195400999801e+03
8.187140195400999801e+03
8.187140195400999801e+03
8.187140195400999801e+03
8.187140195400999801e+03
8.187140195400999801e+03
8.187140195400999801e+03
8.180242848414380205e+03
8.180242848414380205e+03
8.180242848414380205e+03
8.180242848414380205e+03
8.180242848414380205e+03
8.180242848414380205e+03
8.159794940278945433e+03
8.159794940278945433e+03
8.159794940278945433e+03
8.159794940278945433e+03
8.159794940278945433e+03
8.159794940278945433e+03
8.159794940278945433e+03
8.159794940278945433e+03
8.159794940278945433e+03
8.327464573549797933e+03
8.327464573549797933e+03
8.327464573549797933e+03
8.327464573549797933e+03
8.327464573549797933e+03
8.327464573549797933e+03
8.274841208048519547e+03
8.274841208048519547e+03
8.274841208048519547e+03
8.274841208048519547e+03
8.274841208048519547e+03
8.274841208048519547e+03
8.274841208048519547e+03
8.274841208048519547e+03
8.274841208048519547e+03
8.350691384385314450e+03
8.350691384385314450e+03
8.350691384385314450e+03
8.350691384385314450e+03
8.350691384385314450e+03
8.350691384385314450e+03
8.393376808744940718e+03
8.393376808744940718e+03
8.393376808744940718e+03
8.393376808744940718e+03
8.393376808744940718e+03
8.393376808744940718e+03
8.393376808744940718e+03
8.393376808744940718e+03
8.393376808744940718e+03
8.446187472607740347e+03
8.446187472607740347e+03
8.446187472607740347e+03
8.446187472607740347e+03
8.446187472607740347e+03
8.446187472607740347e+03
8.446187472607740347e+03
8.446187472607740347e+03
8.446187472607740347e+03
8.446187472607740347e+03
8.446187472607740347e+03
8.446187472607740347e+03
8.446187472607740347e+03
8.446187472607740347e+03
8.446187472607740347e+03
8.461181546571346189e+03
8.461181546571346189e+03
8.461181546571346189e+03
8.461181546571346189e+03
8.461181546571346189e+03
8.461181546571346189e+03
8.269286979327618610e+03
8.269286979327618610e+03
8.269286979327618610e+03
8.269286979327618610e+03
8.269286979327618610e+03
8.269286979327618610e+03
8.269286979327618610e+03
8.269286979327618610e+03
8.269286979327618610e+03
8.399471629736361137e+03
8.399471629736361137e+03
8.399471629736361137e+03
8.399471629736361137e+03
8.399471629736361137e+03
8.399471629736361137e+03
8.335532085516093503e+03
8.335532085516093503e+03
8.335532085516093503e+03
8.335532085516093503e+03
8.335532085516093503e+03
8.335532085516093503e+03
8.335532085516093503e+03
8.335532085516093503e+03
8.335532085516093503e+03
8.270260359395568230e+03
8.270260359395568230e+03
8.270260359395568230e+03
8.270260359395568230e+03
8.270260359395568230e+03
8.270260359395568230e+03
8.396576666983808536e+03
8.396576666983808536e+03
8.396576666983808536e+03
8.396576666983808536e+03
8.396576666983808536e+03
8.396576666983808536e+03
8.396576666983808536e+03
8.396576666983808536e+03
8.396576666983808536e+03
8.422366348135807129e+03
8.422366348135807129e+03
8.422366348135807129e+03
8.422366348135807129e+03
8.422366348135807129e+03
8.422366348135807129e+03
8.318909916676371722e+03
8.318909916676371722e+03
8.318909916676371722e+03
8.318909916676371722e+03
8.318909916676371722e+03
8.318909916676371722e+03
8.318909916676371722e+03
8.318909916676371722e+03
8.318909916676371722e+03
8.422345860352785166e+03
8.422345860352785166e+03
8.422345860352785166e+03
8.422345860352785166e+03
8.422345860352785166e+03
8.422345860352785166e+03
8.386353638217889966e+03
8.386353638217889966e+03
8.386353638217889966e+03
8.386353638217889966e+03
8.386353638217889966e+03
8.386353638217889966e+03
8.386353638217889966e+03
8.386353638217889966e+03
8.386353638217889966e+03
8.551961236915019981e+03
8.551961236915019981e+03
8.551961236915019981e+03
8.551961236915019981e+03
8.551961236915019981e+03
8.551961236915019981e+03
8.427997244476307969e+03
8.427997244476307969e+03
8.427997244476307969e+03
8.427997244476307969e+03
8.427997244476307969e+03
8.427997244476307969e+03
8.427997244476307969e+03
8.427997244476307969e+03
8.427997244476307969e+03
8.380128476467951259e+03
8.380128476467951259e+03
8.380128476467951259e+03
8.380128476467951259e+03
8.380128476467951259e+03
8.380128476467951259e+03
8.359385052914258267e+03
8.359385052914258267e+03
8.359385052914258267e+03
8.359385052914258267e+03
8.359385052914258267e+03
8.359385052914258267e+03
8.359385052914258267e+03
8.359385052914258267e+03
8.359385052914258267e+03
8.554167177194154647e+03
8.554167177194154647e+03
8.554167177194154647e+03
8.554167177194154647e+03
8.554167177194154647e+03
8.554167177194154647e+03
8.407885852500670808e+03
8.407885852500670808e+03
8.407885852500670808e+03
8.407885852500670808e+03
8.407885852500670808e+03
8.407885852500670808e+03
8.407885852500670808e+03
8.407885852500670808e+03
8.407885852500670808e+03
8.481252996789451572e+03
8.481252996789451572e+03
8.481252996789451572e+03
8.481252996789451572e+03
8.481252996789451572e+03
8.481252996789451572e+03
8.490804182609001145e+03
8.490804182609001145e+03
8.490804182609001145e+03
8.490804182609001145e+03
8.490804182609001145e+03
8.490804182609001145e+03
8.490804182609001145e+03
8.490804182609001145e+03
8.490804182609001145e+03
8.574951610915279161e+03
8.574951610915279161e+03
8.574951610915279161e+03
8.574951610915279161e+03
8.574951610915279161e+03
8.574951610915279161e+03
8.574951610915279161e+03
8.574951610915279161e+03
8.574951610915279161e+03
8.574951610915279161e+03
8.574951610915279161e+03
8.574951610915279161e+03
8.574951610915279161e+03
8.574951610915279161e+03
8.574951610915279161e+03
8.518367401921157580e+03
8.518367401921157580e+03
8.518367401921157580e+03
8.518367401921157580e+03
8.518367401921157580e+03
8.518367401921157580e+03
8.491892410697326341e+03
8.491892410697326341e+03
8.491892410697326341e+03
8.491892410697326341e+03
8.491892410697326341e+03
8.491892410697326341e+03
8.491892410697326341e+03
8.491892410697326341e+03
8.491892410697326341e+03
8.719999213163195236e+03
8.719999213163195236e+03
8.719999213163195236e+03
8.719999213163195236e+03
8.719999213163195236e+03
8.719999213163195236e+03
8.602441639775910517e+03
8.602441639775910517e+03
8.602441639775910517e+03
8.602441639775910517e+03
8.602441639775910517e+03
8.602441639775910517e+03
8.602441639775910517e+03
8.602441639775910517e+03
8.602441639775910517e+03
8.546951988921402517e+03
8.546951988921402517e+03
8.546951988921402517e+03
8.546951988921402517e+03
8.546951988921402517e+03
8.546951988921402517e+03
8.626438935690150174e+03
8.626438935690150174e+03
8.626438935690150174e+03
8.626438935690150174e+03
8.626438935690150174e+03
8.626438935690150174e+03
8.626438935690150174e+03
8.626438935690150174e+03
8.626438935690150174e+03
8.703639356707653860e+03
8.703639356707653860e+03
8.703639356707653860e+03
8.703639356707653860e+03
8.703639356707653860e+03
8.703639356707653860e+03
8.493197754688040732e+03
8.493197754688040732e+03
8.493197754688040732e+03
8.493197754688040732e+03
8.493197754688040732e+03
8.493197754688040732e+03
8.493197754688040732e+03
8.493197754688040732e+03
8.493197754688040732e+03
8.610609129257551103e+03
8.610609129257551103e+03
8.610609129257551103e+03
8.610609129257551103e+03
8.610609129257551103e+03
8.610609129257551103e+03
8.549567827394897904e+03
8.549567827394897904e+03
8.549567827394897904e+03
8.549567827394897904e+03
8.549567827394897904e+03
8.549567827394897904e+03
8.549567827394897904e+03
8.549567827394897904e+03
8.549567827394897904e+03
8.803842421161480161e+03
8.803842421161480161e+03
8.803842421161480161e+03
8.803842421161480161e+03
8.803842421161480161e+03
8.803842421161480161e+03
8.574883963985064838e+03
8.574883963985064838e+03
8.574883963985064838e+03
8.574883963985064838e+03
8.574883963985064838e+03
8.574883963985064838e+03
8.574883963985064838e+03
8.574883963985064838e+03
8.574883963985064838e+03
8.517882477749692043e+03
8.517882477749692043e+03
8.517882477749692043e+03
8.517882477749692043e+03
8.517882477749692043e+03
8.517882477749692043e+03
8.476496188676972452e+03
8.476496188676972452e+03
8.476496188676972452e+03
8.476496188676972452e+03
8.476496188676972452e+03
8.476496188676972452e+03
8.476496188676972452e+03
8.476496188676972452e+03
8.476496188676972452e+03
8.715375446821262813e+03
8.715375446821262813e+03
8.715375446821262813e+03
8.715375446821262813e+03
8.715375446821262813e+03
8.715375446821262813e+03
8.561062534391481677e+03
8.561062534391481677e+03
8.561062534391481677e+03
8.561062534391481677e+03
8.561062534391481677e+03
8.561062534391481677e+03
8.561062534391481677e+03
8.561062534391481677e+03
8.561062534391481677e+03
8.675495641062498180e+03
8.675495641062498180e+03
8.675495641062498180e+03
8.675495641062498180e+03
8.675495641062498180e+03
8.675495641062498180e+03
8.726330851222335696e+03
8.726330851222335696e+03
8.726330851222335696e+03
8.726330851222335696e+03
8.726330851222335696e+03
8.726330851222335696e+03
8.726330851222335696e+03
8.726330851222335696e+03
8.726330851222335696e+03
8.790989993651319310e+03
8.790989993651319310e+03
8.790989993651319310e+03
8.790989993651319310e+03
8.790989993651319310e+03
8.790989993651319310e+03
8.790989993651319310e+03
8.790989993651319310e+03
8.790989993651319310e+03
8.790989993651319310e+03
8.790989993651319310e+03
8.790989993651319310e+03
8.790989993651319310e+03
8.790989993651319310e+03
8.790989993651319310e+03
8.743877539484152294e+03
8.743877539484152294e+03
8.743877539484152294e+03
8.743877539484152294e+03
8.743877539484152294e+03
8.743877539484152294e+03
8.634806266894842338e+03
8.634806266894842338e+03
8.634806266894842338e+03
8.634806266894842338e+03
8.634806266894842338e+03
8.634806266894842338e+03
8.634806266894842338e+03
8.634806266894842338e+03
8.634806266894842338e+03
8.855154139967211449e+03
8.855154139967211449e+03
8.855154139967211449e+03
8.855154139967211449e+03
8.855154139967211449e+03
8.855154139967211449e+03
8.699717364557027395e+03
8.699717364557027395e+03
8.699717364557027395e+03
8.699717364557027395e+03
8.699717364557027395e+03
8.699717364557027395e+03
8.699717364557027395e+03
8.699717364557027395e+03
8.699717364557027395e+03
8.627803081901600308e+03
8.627803081901600308e+03
8.627803081901600308e+03
8.627803081901600308e+03
8.627803081901600308e+03
8.627803081901600308e+03
8.988238706209041993e+03
8.988238706209041993e+03
8.988238706209041993e+03
8.988238706209041993e+03
8.988238706209041993e+03
8.988238706209041993e+03
8.988238706209041993e+03
8.988238706209041993e+03
8.988238706209041993e+03
9.039366311364356079e+03
9.039366311364356079e+03
9.039366311364356079e+03
9.039366311364356079e+03
9.039366311364356079e+03
9.039366311364356079e+03
8.733649849855264620e+03
8.733649849855264620e+03
8.733649849855264620e+03
8.733649849855264620e+03
8.733649849855264620e+03
8.733649849855264620e+03
8.733649849855264620e+03
8.733649849855264620e+03
8.733649849855264620e+03
8.912538062069837906e+03
8.912538062069837906e+03
8.912538062069837906e+03
8.912538062069837906e+03
8.912538062069837906e+03
8.912538062069837906e+03
8.824601547176007443e+03
8.824601547176007443e+03
8.824601547176007443e+03
8.824601547176007443e+03
8.824601547176007443e+03
8.824601547176007443e+03
8.824601547176007443e+03
8.824601547176007443e+03
8.824601547176007443e+03
9.031841739038742162e+03
9.031841739038742162e+03
9.031841739038742162e+03
9.031841739038742162e+03
9.031841739038742162e+03
9.031841739038742162e+03
8.743137983842785616e+03
8.743137983842785616e+03
8.743137983842785616e+03
8.743137983842785616e+03
8.743137983842785616e+03
8.743137983842785616e+03
8.743137983842785616e+03
8.743137983842785616e+03
8.743137983842785616e+03
8.649093104914141804e+03
8.649093104914141804e+03
8.649093104914141804e+03
8.649093104914141804e+03
8.649093104914141804e+03
8.649093104914141804e+03
8.577519568331392293e+03
8.577519568331392293e+03
8.577519568331392293e+03
8.577519568331392293e+03
8.577519568331392293e+03
8.577519568331392293e+03
8.577519568331392293e+03
8.577519568331392293e+03
8.577519568331392293e+03
8.811354585299939572e+03
8.811354585299939572e+03
8.811354585299939572e+03
8.811354585299939572e+03
8.811354585299939572e+03
8.811354585299939572e+03
8.699257920604582978e+03
8.699257920604582978e+03
8.699257920604582978e+03
8.699257920604582978e+03
8.699257920604582978e+03
8.699257920604582978e+03
8.699257920604582978e+03
8.699257920604582978e+03
8.699257920604582978e+03
8.933017883258367874e+03
8.933017883258367874e+03
8.933017883258367874e+03
8.933017883258367874e+03
8.933017883258367874e+03
8.933017883258367874e+03
8.911898705818068265e+03
8.911898705818068265e+03
8.911898705818068265e+03
8.911898705818068265e+03
8.911898705818068265e+03
8.911898705818068265e+03
8.911898705818068265e+03
8.911898705818068265e+03
8.911898705818068265e+03
9.000258771230566708e+03
9.000258771230566708e+03
9.000258771230566708e+03
9.000258771230566708e+03
9.000258771230566708e+03
9.000258771230566708e+03
9.000258771230566708e+03
9.000258771230566708e+03
9.000258771230566708e+03
9.000258771230566708e+03
9.000258771230566708e+03
9.000258771230566708e+03
9.000258771230566708e+03
9.000258771230566708e+03
9.000258771230566708e+03
8.981844406713980788e+03
8.981844406713980788e+03
8.981844406713980788e+03
8.981844406713980788e+03
8.981844406713980788e+03
8.981844406713980788e+03
8.879598989192123554e+03
8.879598989192123554e+03
8.879598989192123554e+03
8.879598989192123554e+03
8.879598989192123554e+03
8.879598989192123554e+03
8.879598989192123554e+03
8.879598989192123554e+03
8.879598989192123554e+03
9.189449610117606426e+03
9.189449610117606426e+03
9.189449610117606426e+03
9.189449610117606426e+03
9.189449610117606426e+03
9.189449610117606426e+03
8.937184399266006949e+03
8.937184399266006949e+03
8.937184399266006949e+03
8.937184399266006949e+03
8.937184399266006949e+03
8.937184399266006949e+03
8.937184399266006949e+03
8.937184399266006949e+03
8.937184399266006949e+03
8.877428523947111898e+03
8.877428523947111898e+03
8.877428523947111898e+03
8.877428523947111898e+03
8.877428523947111898e+03
8.877428523947111898e+03
9.209870517147739520e+03
9.209870517147739520e+03
9.209870517147739520e+03
9.209870517147739520e+03
9.209870517147739520e+03
9.209870517147739520e+03
9.209870517147739520e+03
9.209870517147739520e+03
9.209870517147739520e+03
9.285149801947363812e+03
9.285149801947363812e+03
9.285149801947363812e+03
9.285149801947363812e+03
9.285149801947363812e+03
9.285149801947363812e+03
8.945313520990268444e+03
8.945313520990268444e+03
8.945313520990268444e+03
8.945313520990268444e+03
8.945313520990268444e+03
8.945313520990268444e+03
8.945313520990268444e+03
8.945313520990268444e+03
8.945313520990268444e+03
9.152537957872980769e+03
9.152537957872980769e+03
9.152537957872980769e+03
9.152537957872980769e+03
9.152537957872980769e+03
9.152537957872980769e+03
9.111124915061374850e+03
9.111124915061374850e+03
9.111124915061374850e+03
9.111124915061374850e+03
9.111124915061374850e+03
9.111124915061374850e+03
9.111124915061374850e+03
9.111124915061374850e+03
9.111124915061374850e+03
9.413667116107657421e+03
9.413667116107657421e+03
9.413667116107657421e+03
9.413667116107657421e+03
9.413667116107657421e+03
9.413667116107657421e+03
9.091720976206606792e+03
9.091720976206606792e+03
9.091720976206606792e+03
9.091720976206606792e+03
9.091720976206606792e+03
9.091720976206606792e+03
9.091720976206606792e+03
9.091720976206606792e+03
9.091720976206606792e+03
8.989133091585321381e+03
8.989133091585321381e+03
8.989133091585321381e+03
8.989133091585321381e+03
8.989133091585321381e+03
8.989133091585321381e+03
8.914628733870275028e+03
8.914628733870275028e+03
8.914628733870275028e+03
8.914628733870275028e+03
8.914628733870275028e+03
8.914628733870275028e+03
8.914628733870275028e+03
8.914628733870275028e+03
8.914628733870275028e+03
9.218107386363193655e+03
9.218107386363193655e+03
9.218107386363193655e+03
9.218107386363193655e+03
9.218107386363193655e+03
9.218107386363193655e+03
9.035575236922386466e+03
9.035575236922386466e+03
9.035575236922386466e+03
9.035575236922386466e+03
9.035575236922386466e+03
9.035575236922386466e+03
9.035575236922386466e+03
9.035575236922386466e+03
9.035575236922386466e+03
9.250502659203360963e+03
9.250502659203360963e+03
9.250502659203360963e+03
9.250502659203360963e+03
9.250502659203360963e+03
9.250502659203360963e+03
9.272873610719681892e+03
9.272873610719681892e+03
9.272873610719681892e+03
9.272873610719681892e+03
9.272873610719681892e+03
9.272873610719681892e+03
9.272873610719681892e+03
9.272873610719681892e+03
9.272873610719681892e+03
9.383531278981025025e+03
9.383531278981025025e+03
9.383531278981025025e+03
9.383531278981025025e+03
9.383531278981025025e+03
9.383531278981025025e+03
9.383531278981025025e+03
9.383531278981025025e+03
9.383531278981025025e+03
9.383531278981025025e+03
9.383531278981025025e+03
9.383531278981025025e+03
9.383531278981025025e+03
9.383531278981025025e+03
9.383531278981025025e+03
9.308494814707768455e+03
9.308494814707768455e+03
9.308494814707768455e+03
9.308494814707768455e+03
9.308494814707768455e+03
9.308494814707768455e+03
9.194227417053687532e+03
9.194227417053687532e+03
9.194227417053687532e+03
9.194227417053687532e+03
9.194227417053687532e+03
9.194227417053687532e+03
9.194227417053687532e+03
9.194227417053687532e+03
9.194227417053687532e+03
9.502737929902990800e+03
9.502737929902990800e+03
9.502737929902990800e+03
9.502737929902990800e+03
9.502737929902990800e+03
9.502737929902990800e+03
9.271195617552819385e+03
9.271195617552819385e+03
9.271195617552819385e+03
9.271195617552819385e+03
9.271195617552819385e+03
9.271195617552819385e+03
9.271195617552819385e+03
9.271195617552819385e+03
9.271195617552819385e+03
9.183848870724639710e+03
9.183848870724639710e+03
9.183848870724639710e+03
9.183848870724639710e+03
9.183848870724639710e+03
9.183848870724639710e+03
9.468710763348168257e+03
9.468710763348168257e+03
9.468710763348168257e+03
9.468710763348168257e+03
9.468710763348168257e+03
9.468710763348168257e+03
9.468710763348168257e+03
9.468710763348168257e+03
9.468710763348168257e+03
9.608104236442359252e+03
9.608104236442359252e+03
9.608104236442359252e+03
9.608104236442359252e+03
9.608104236442359252e+03
9.608104236442359252e+03
9.226352528522340435e+03
9.226352528522340435e+03
9.226352528522340435e+03
9.226352528522340435e+03
9.226352528522340435e+03
9.226352528522340435e+03
9.226352528522340435e+03
9.226352528522340435e+03
9.226352528522340435e+03
9.538223773691765018e+03
9.538223773691765018e+03
9.538223773691765018e+03
9.538223773691765018e+03
9.538223773691765018e+03
9.538223773691765018e+03
9.537492170560832164e+03
9.537492170560832164e+03
9.537492170560832164e+03
9.537492170560832164e+03
9.537492170560832164e+03
9.537492170560832164e+03
9.537492170560832164e+03
9.537492170560832164e+03
9.537492170560832164e+03
9.885589890417013521e+03
9.885589890417013521e+03
9.885589890417013521e+03
9.885589890417013521e+03
9.885589890417013521e+03
9.885589890417013521e+03
9.511561191658340249e+03
9.511561191658340249e+03
9.511561191658340249e+03
9.511561191658340249e+03
9.511561191658340249e+03
9.511561191658340249e+03
9.511561191658340249e+03
9.511561191658340249e+03
9.511561191658340249e+03
9.393045373995271802e+03
9.393045373995271802e+03
9.393045373995271802e+03
9.393045373995271802e+03
9.393045373995271802e+03
9.393045373995271802e+03
9.202348790711001129e+03
9.202348790711001129e+03
9.202348790711001129e+03
9.202348790711001129e+03
9.202348790711001129e+03
9.202348790711001129e+03
9.202348790711001129e+03
9.202348790711001129e+03
9.202348790711001129e+03
9.515863970116235578e+03
9.515863970116235578e+03
9.515863970116235578e+03
9.515863970116235578e+03
9.515863970116235578e+03
9.515863970116235578e+03
9.313857880679795926e+03
9.313857880679795926e+03
9.313857880679795926e+03
9.313857880679795926e+03
9.313857880679795926e+03
9.313857880679795926e+03
9.313857880679795926e+03
9.313857880679795926e+03
9.313857880679795926e+03
9.610045894026603492e+03
9.610045894026603492e+03
9.610045894026603492e+03
9.610045894026603492e+03
9.610045894026603492e+03
9.610045894026603492e+03
9.559828527127274356e+03
9.559828527127274356e+03
9.559828527127274356e+03
9.559828527127274356e+03
9.559828527127274356e+03
9.559828527127274356e+03
9.559828527127274356e+03
9.559828527127274356e+03
9.559828527127274356e+03
9.708790548853552536e+03
9.708790548853552536e+03
9.708790548853552536e+03
9.708790548853552536e+03
9.708790548853552536e+03
9.708790548853552536e+03
9.708790548853552536e+03
9.708790548853552536e+03
9.708790548853552536e+03
9.708790548853552536e+03
9.708790548853552536e+03
9.708790548853552536e+03
9.708790548853552536e+03
9.708790548853552536e+03
9.708790548853552536e+03
9.631093627720565564e+03
9.631093627720565564e+03
9.631093627720565564e+03
9.631093627720565564e+03
9.631093627720565564e+03
9.631093627720565564e+03
9.425405129107537505e+03
9.425405129107537505e+03
9.425405129107537505e+03
9.425405129107537505e+03
9.425405129107537505e+03
9.425405129107537505e+03
9.425405129107537505e+03
9.425405129107537505e+03
9.425405129107537505e+03
9.825959364037436899e+03
9.825959364037436899e+03
9.825959364037436899e+03
9.825959364037436899e+03
9.825959364037436899e+03
9.825959364037436899e+03
9.588000610077437159e+03
9.588000610077437159e+03
9.588000610077437159e+03
9.588000610077437159e+03
9.588000610077437159e+03
9.588000610077437159e+03
9.588000610077437159e+03
9.588000610077437159e+03
9.588000610077437159e+03
9.489477533159872110e+03
9.489477533159872110e+03
9.489477533159872110e+03
9.489477533159872110e+03
9.489477533159872110e+03
9.489477533159872110e+03
9.819673770126122690e+03
9.819673770126122690e+03
9.819673770126122690e+03
9.819673770126122690e+03
9.819673770126122690e+03
9.819673770126122690e+03
9.819673770126122690e+03
9.819673770126122690e+03
9.819673770126122690e+03
9.919538442661820227e+03
9.919538442661820227e+03
9.919538442661820227e+03
9.919538442661820227e+03
9.919538442661820227e+03
9.919538442661820227e+03
9.617703898009909608e+03
9.617703898009909608e+03
9.617703898009909608e+03
9.617703898009909608e+03
9.617703898009909608e+03
9.617703898009909608e+03
9.617703898009909608e+03
9.617703898009909608e+03
9.617703898009909608e+03
9.869385367238784966e+03
9.869385367238784966e+03
9.869385367238784966e+03
9.869385367238784966e+03
9.869385367238784966e+03
9.869385367238784966e+03
9.831899153290391041e+03
9.831899153290391041e+03
9.831899153290391041e+03
9.831899153290391041e+03
9.831899153290391041e+03
9.831899153290391041e+03
9.831899153290391041e+03
9.831899153290391041e+03
9.831899153290391041e+03
1.018402463743697808e+04
1.018402463743697808e+04
1.018402463743697808e+04
1.018402463743697808e+04
1.018402463743697808e+04
1.018402463743697808e+04
9.771225195196291679e+03
9.771225195196291679e+03
9.771225195196291679e+03
9.771225195196291679e+03
9.771225195196291679e+03
9.771225195196291679e+03
9.771225195196291679e+03
9.771225195196291679e+03
9.771225195196291679e+03
9.684665659578329723e+03
9.684665659578329723e+03
9.684665659578329723e+03
9.684665659578329723e+03
9.684665659578329723e+03
9.684665659578329723e+03
9.497832918846132088e+03
9.497832918846132088e+03
9.497832918846132088e+03
9.497832918846132088e+03
9.497832918846132088e+03
9.497832918846132088e+03
9.497832918846132088e+03
9.497832918846132088e+03
9.497832918846132088e+03
9.790748362387985253e+03
9.790748362387985253e+03
9.790748362387985253e+03
9.790748362387985253e+03
9.790748362387985253e+03
9.790748362387985253e+03
9.621706607007577986e+03
9.621706607007577986e+03
9.621706607007577986e+03
9.621706607007577986e+03
9.621706607007577986e+03
9.621706607007577986e+03
9.621706607007577986e+03
9.621706607007577986e+03
9.621706607007577986e+03
9.890338628869252716e+03
9.890338628869252716e+03
9.890338628869252716e+03
9.890338628869252716e+03
9.890338628869252716e+03
9.890338628869252716e+03
9.958661950288418666e+03
9.958661950288418666e+03
9.958661950288418666e+03
9.958661950288418666e+03
9.958661950288418666e+03
9.958661950288418666e+03
9.958661950288418666e+03
9.958661950288418666e+03
9.958661950288418666e+03
1.010619940932262398e+04
1.010619940932262398e+04
1.010619940932262398e+04
1.010619940932262398e+04
1.010619940932262398e+04
1.010619940932262398e+04
1.010619940932262398e+04
1.010619940932262398e+04
1.010619940932262398e+04
1.010619940932262398e+04
1.010619940932262398e+04
1.010619940932262398e+04
1.010619940932262398e+04
1.010619940932262398e+04
1.010619940932262398e+04
1.004946096903393482e+04
1.004946096903393482e+04
1.004946096903393482e+04
1.004946096903393482e+04
1.004946096903393482e+04
1.004946096903393482e+04
9.857739469940715935e+03
9.857739469940715935e+03
9.857739469940715935e+03
9.857739469940715935e+03
9.857739469940715935e+03
9.857739469940715935e+03
9.857739469940715935e+03
9.857739469940715935e+03
9.857739469940715935e+03
1.022442995638742286e+04
1.022442995638742286e+04
1.022442995638742286e+04
1.022442995638742286e+04
1.022442995638742286e+04
1.022442995638742286e+04
9.982758368648992473e+03
9.982758368648992473e+03
9.982758368648992473e+03
9.982758368648992473e+03
9.982758368648992473e+03
9.982758368648992473e+03
9.982758368648992473e+03
9.982758368648992473e+03
9.982758368648992473e+03
9.851061062801021762e+03
9.851061062801021762e+03
9.851061062801021762e+03
9.851061062801021762e+03
9.851061062801021762e+03
9.851061062801021762e+03
1.010296536186250523e+04
1.010296536186250523e+04
1.010296536186250523e+04
1.010296536186250523e+04
1.010296536186250523e+04
1.010296536186250523e+04
1.010296536186250523e+04
1.010296536186250523e+04
1.010296536186250523e+04
1.021639207397767495e+04
1.021639207397767495e+04
1.021639207397767495e+04
1.021639207397767495e+04
1.021639207397767495e+04
1.021639207397767495e+04
9.821801464562369802e+03
9.821801464562369802e+03
9.821801464562369802e+03
9.821801464562369802e+03
9.821801464562369802e+03
9.821801464562369802e+03
9.821801464562369802e+03
9.821801464562369802e+03
9.821801464562369802e+03
1.005682646415948329e+04
1.005682646415948329e+04
1.005682646415948329e+04
1.005682646415948329e+04
1.005682646415948329e+04
1.005682646415948329e+04
9.935925507770250988e+03
9.935925507770250988e+03
9.935925507770250988e+03
9.935925507770250988e+03
9.935925507770250988e+03
9.935925507770250988e+03
9.935925507770250988e+03
9.935925507770250988e+03
9.935925507770250988e+03
1.028727549388521766e+04
1.028727549388521766e+04
1.028727549388521766e+04
1.028727549388521766e+04
1.028727549388521766e+04
1.028727549388521766e+04
1.003664191763167764e+04
1.003664191763167764e+04
1.003664191763167764e+04
1.003664191763167764e+04
1.003664191763167764e+04
1.003664191763167764e+04
1.003664191763167764e+04
1.003664191763167764e+04
1.003664191763167764e+04
9.926127444514731906e+03
9.926127444514731906e+03
9.926127444514731906e+03
9.926127444514731906e+03
9.926127444514731906e+03
9.926127444514731906e+03
9.751030227349994675e+03
9.751030227349994675e+03
9.751030227349994675e+03
9.751030227349994675e+03
9.751030227349994675e+03
9.751030227349994675e+03
9.751030227349994675e+03
9.751030227349994675e+03
9.751030227349994675e+03
1.003905463875546229e+04
1.003905463875546229e+04
1.003905463875546229e+04
1.003905463875546229e+04
1.003905463875546229e+04
1.003905463875546229e+04
9.838788300183183310e+03
9.838788300183183310e+03
9.838788300183183310e+03
9.838788300183183310e+03
9.838788300183183310e+03
9.838788300183183310e+03
9.838788300183183310e+03
9.838788300183183310e+03
9.838788300183183310e+03
1.011162421483649814e+04
1.011162421483649814e+04
1.011162421483649814e+04
1.011162421483649814e+04
1.011162421483649814e+04
1.011162421483649814e+04
1.019096966016291117e+04
1.019096966016291117e+04
1.019096966016291117e+04
1.019096966016291117e+04
1.019096966016291117e+04
1.019096966016291117e+04
1.019096966016291117e+04
1.019096966016291117e+04
1.019096966016291117e+04
1.032248297311749411e+04
1.032248297311749411e+04
1.032248297311749411e+04
1.032248297311749411e+04
1.032248297311749411e+04
1.032248297311749411e+04
1.032248297311749411e+04
1.032248297311749411e+04
1.032248297311749411e+04
1.032248297311749411e+04
1.032248297311749411e+04
1.032248297311749411e+04
1.032248297311749411e+04
1.032248297311749411e+04
1.032248297311749411e+04
1.028277957324811723e+04
1.028277957324811723e+04
1.028277957324811723e+04
1.028277957324811723e+04
1.028277957324811723e+04
1.028277957324811723e+04
1.014802051827493415e+04
1.014802051827493415e+04
1.014802051827493415e+04
1.014802051827493415e+04
1.014802051827493415e+04
1.014802051827493415e+04
1.014802051827493415e+04
1.014802051827493415e+04
1.014802051827493415e+04
1.049752764561233016e+04
1.049752764561233016e+04
1.049752764561233016e+04
1.049752764561233016e+04
1.049752764561233016e+04
1.049752764561233016e+04
1.021374480943086382e+04
1.021374480943086382e+04
1.021374480943086382e+04
1.021374480943086382e+04
1.021374480943086382e+04
1.021374480943086382e+04
1.021374480943086382e+04
1.021374480943086382e+04
1.021374480943086382e+04
1.005950699619634725e+04
1.005950699619634725e+04
1.005950699619634725e+04
1.005950699619634725e+04
1.005950699619634725e+04
1.005950699619634725e+04
1.030424964272972647e+04
1.030424964272972647e+04
1.030424964272972647e+04
1.030424964272972647e+04
1.030424964272972647e+04
1.030424964272972647e+04
1.030424964272972647e+04
1.030424964272972647e+04
1.030424964272972647e+04
1.042501438873552252e+04
1.042501438873552252e+04
1.042501438873552252e+04
1.042501438873552252e+04
1.042501438873552252e+04
1.042501438873552252e+04
1.012282554486340086e+04
1.012282554486340086e+04
1.012282554486340086e+04
1.012282554486340086e+04
1.012282554486340086e+04
1.012282554486340086e+04
1.012282554486340086e+04
1.012282554486340086e+04
1.012282554486340086e+04
1.038283311674805009e+04
1.038283311674805009e+04
1.038283311674805009e+04
1.038283311674805009e+04
1.038283311674805009e+04
1.038283311674805009e+04
1.033578314594034964e+04
1.033578314594034964e+04
1.033578314594034964e+04
1.033578314594034964e+04
1.033578314594034964e+04
1.033578314594034964e+04
1.033578314594034964e+04
1.033578314594034964e+04
1.033578314594034964e+04
1.064565915153532842e+04
1.064565915153532842e+04
1.064565915153532842e+04
1.064565915153532842e+04
1.064565915153532842e+04
1.064565915153532842e+04
1.044242181053291642e+04
1.044242181053291642e+04
1.044242181053291642e+04
1.044242181053291642e+04
1.044242181053291642e+04
1.044242181053291642e+04
1.044242181053291642e+04
1.044242181053291642e+04
1.044242181053291642e+04
1.039246527854709529e+04
1.039246527854709529e+04
1.039246527854709529e+04
1.039246527854709529e+04
1.039246527854709529e+04
1.039246527854709529e+04
1.019805026585910673e+04
1.019805026585910673e+04
1.019805026585910673e+04
1.019805026585910673e+04
1.019805026585910673e+04
1.019805026585910673e+04
1.019805026585910673e+04
1.019805026585910673e+04
1.019805026585910673e+04
1.043461569696544575e+04
1.043461569696544575e+04
1.043461569696544575e+04
1.043461569696544575e+04
1.043461569696544575e+04
1.043461569696544575e+04
1.023580538945331500e+04
1.023580538945331500e+04
1.023580538945331500e+04
1.023580538945331500e+04
1.023580538945331500e+04
1.023580538945331500e+04
1.023580538945331500e+04
1.023580538945331500e+04
1.023580538945331500e+04
1.050052323805368724e+04
1.050052323805368724e+04
1.050052323805368724e+04
1.050052323805368724e+04
1.050052323805368724e+04
1.050052323805368724e+04
1.050894477460655071e+04
1.050894477460655071e+04
1.050894477460655071e+04
1.050894477460655071e+04
1.050894477460655071e+04
1.050894477460655071e+04
1.050894477460655071e+04
1.050894477460655071e+04
1.050894477460655071e+04
1.058254774523834567e+04
1.058254774523834567e+04
1.058254774523834567e+04
1.058254774523834567e+04
1.058254774523834567e+04
1.058254774523834567e+04
1.058254774523834567e+04
1.058254774523834567e+04
1.058254774523834567e+04
1.058254774523834567e+04
1.058254774523834567e+04
1.058254774523834567e+04
1.058254774523834567e+04
1.058254774523834567e+04
1.058254774523834567e+04
1.055471456089374624e+04
1.055471456089374624e+04
1.055471456089374624e+04
1.055471456089374624e+04
1.055471456089374624e+04
1.055471456089374624e+04
1.045706882160738314e+04
1.045706882160738314e+04
1.045706882160738314e+04
1.045706882160738314e+04
1.045706882160738314e+04
1.045706882160738314e+04
1.045706882160738314e+04
1.045706882160738314e+04
1.045706882160738314e+04
1.070730330002117626e+04
1.070730330002117626e+04
1.070730330002117626e+04
1.070730330002117626e+04
1.070730330002117626e+04
1.070730330002117626e+04
1.041709229152982698e+04
1.041709229152982698e+04
1.041709229152982698e+04
1.041709229152982698e+04
1.041709229152982698e+04
1.041709229152982698e+04
1.041709229152982698e+04
1.041709229152982698e+04
1.041709229152982698e+04
1.033238787408896860e+04
1.033238787408896860e+04
1.033238787408896860e+04
1.033238787408896860e+04
1.033238787408896860e+04
1.033238787408896860e+04
1.070780063093237550e+04
1.070780063093237550e+04
1.070780063093237550e+04
1.070780063093237550e+04
1.070780063093237550e+04
1.070780063093237550e+04
1.070780063093237550e+04
1.070780063093237550e+04
1.070780063093237550e+04
1.084047338516698801e+04
1.084047338516698801e+04
1.084047338516698801e+04
1.084047338516698801e+04
1.084047338516698801e+04
1.084047338516698801e+04
1.046484954171574282e+04
1.046484954171574282e+04
1.046484954171574282e+04
1.046484954171574282e+04
1.046484954171574282e+04
1.046484954171574282e+04
1.046484954171574282e+04
1.046484954171574282e+04
1.046484954171574282e+04
1.066013522240513521e+04
1.066013522240513521e+04
1.066013522240513521e+04
1.066013522240513521e+04
1.066013522240513521e+04
1.066013522240513521e+04
1.064276079939488227e+04
1.064276079939488227e+04
1.064276079939488227e+04
1.064276079939488227e+04
1.064276079939488227e+04
1.064276079939488227e+04
1.064276079939488227e+04
1.064276079939488227e+04
1.064276079939488227e+04
1.091865204458896733e+04
1.091865204458896733e+04
1.091865204458896733e+04
1.091865204458896733e+04
1.091865204458896733e+04
1.091865204458896733e+04
1.069226487221239768e+04
1.069226487221239768e+04
1.069226487221239768e+04
1.069226487221239768e+04
1.069226487221239768e+04
1.069226487221239768e+04
1.069226487221239768e+04
1.069226487221239768e+04
1.069226487221239768e+04
1.056244775005647170e+04
1.056244775005647170e+04
1.056244775005647170e+04
1.056244775005647170e+04
1.056244775005647170e+04
1.056244775005647170e+04
1.047147357536520758e+04
1.047147357536520758e+04
1.047147357536520758e+04
1.047147357536520758e+04
1.047147357536520758e+04
1.047147357536520758e+04
1.047147357536520758e+04
1.047147357536520758e+04
1.047147357536520758e+04
1.069011794501543045e+04
1.069011794501543045e+04
1.069011794501543045e+04
1.069011794501543045e+04
1.069011794501543045e+04
1.069011794501543045e+04
1.056357442157732658e+04
1.056357442157732658e+04
1.056357442157732658e+04
1.056357442157732658e+04
1.056357442157732658e+04
1.056357442157732658e+04
1.056357442157732658e+04
1.056357442157732658e+04
1.056357442157732658e+04
1.075449649028619388e+04
1.075449649028619388e+04
1.075449649028619388e+04
1.075449649028619388e+04
1.075449649028619388e+04
1.075449649028619388e+04
1.065550660941911519e+04
1.065550660941911519e+04
1.065550660941911519e+04
1.065550660941911519e+04
1.065550660941911519e+04
1.065550660941911519e+04
1.065550660941911519e+04
1.065550660941911519e+04
1.065550660941911519e+04
1.073097348223358131e+04
1.073097348223358131e+04
1.073097348223358131e+04
1.073097348223358131e+04
1.073097348223358131e+04
1.073097348223358131e+04
1.073097348223358131e+04
1.073097348223358131e+04
1.073097348223358131e+04
1.073097348223358131e+04
1.073097348223358131e+04
1.073097348223358131e+04
1.073097348223358131e+04
1.073097348223358131e+04
1.073097348223358131e+04
1.070541260642534507e+04
1.070541260642534507e+04
1.070541260642534507e+04
1.070541260642534507e+04
1.070541260642534507e+04
1.070541260642534507e+04
1.069795797210944875e+04
1.069795797210944875e+04
1.069795797210944875e+04
1.069795797210944875e+04
1.069795797210944875e+04
1.069795797210944875e+04
1.069795797210944875e+04
1.069795797210944875e+04
1.069795797210944875e+04
1.101541766559540702e+04
1.101541766559540702e+04
1.101541766559540702e+04
1.101541766559540702e+04
1.101541766559540702e+04
1.101541766559540702e+04
1.084231461910510552e+04
1.084231461910510552e+04
1.084231461910510552e+04
1.084231461910510552e+04
1.084231461910510552e+04
1.084231461910510552e+04
1.084231461910510552e+04
1.084231461910510552e+04
1.084231461910510552e+04
1.079250764473490381e+04
1.079250764473490381e+04
1.079250764473490381e+04
1.079250764473490381e+04
1.079250764473490381e+04
1.079250764473490381e+04
1.105909582274806962e+04
1.105909582274806962e+04
1.105909582274806962e+04
1.105909582274806962e+04
1.105909582274806962e+04
1.105909582274806962e+04
1.105909582274806962e+04
1.105909582274806962e+04
1.105909582274806962e+04
1.114160504987781314e+04
1.114160504987781314e+04
1.114160504987781314e+04
1.114160504987781314e+04
1.114160504987781314e+04
1.114160504987781314e+04
1.081009026055966024e+04
1.081009026055966024e+04
1.081009026055966024e+04
1.081009026055966024e+04
1.081009026055966024e+04
1.081009026055966024e+04
1.081009026055966024e+04
1.081009026055966024e+04
1.081009026055966024e+04
1.094061389711509401e+04
1.094061389711509401e+04
1.094061389711509401e+04
1.094061389711509401e+04
1.094061389711509401e+04
1.094061389711509401e+04
1.080681934331853336e+04
1.080681934331853336e+04
1.080681934331853336e+04
1.080681934331853336e+04
1.080681934331853336e+04
1.080681934331853336e+04
1.080681934331853336e+04
1.080681934331853336e+04
1.080681934331853336e+04
1.096663209173425275e+04
1.096663209173425275e+04
1.096663209173425275e+04
1.096663209173425275e+04
1.096663209173425275e+04
1.096663209173425275e+04
1.084475120608904763e+04
1.084475120608904763e+04
1.084475120608904763e+04
1.084475120608904763e+04
1.084475120608904763e+04
1.084475120608904763e+04
1.084475120608904763e+04
1.084475120608904763e+04
1.084475120608904763e+04
1.083137914880841890e+04
1.083137914880841890e+04
1.083137914880841890e+04
1.083137914880841890e+04
1.083137914880841890e+04
1.083137914880841890e+04
1.090310277498296637e+04
1.090310277498296637e+04
1.090310277498296637e+04
1.090310277498296637e+04
1.090310277498296637e+04
1.090310277498296637e+04
1.090310277498296637e+04
1.090310277498296637e+04
1.090310277498296637e+04
1.113856339471355386e+04
1.113856339471355386e+04
1.113856339471355386e+04
1.113856339471355386e+04
1.113856339471355386e+04
1.113856339471355386e+04
1.099178821444232562e+04
1.099178821444232562e+04
1.099178821444232562e+04
1.099178821444232562e+04
1.099178821444232562e+04
1.099178821444232562e+04
1.099178821444232562e+04
1.099178821444232562e+04
1.099178821444232562e+04
1.124790950976346539e+04
1.124790950976346539e+04
1.124790950976346539e+04
1.124790950976346539e+04
1.124790950976346539e+04
1.124790950976346539e+04
1.111438658260481498e+04
1.111438658260481498e+04
1.111438658260481498e+04
1.111438658260481498e+04
1.111438658260481498e+04
1.111438658260481498e+04
1.111438658260481498e+04
1.111438658260481498e+04
1.111438658260481498e+04
1.120968191235013910e+04
1.120968191235013910e+04
1.120968191235013910e+04
1.120968191235013910e+04
1.120968191235013910e+04
1.120968191235013910e+04
1.120968191235013910e+04
1.120968191235013910e+04
1.120968191235013910e+04
1.120968191235013910e+04
1.120968191235013910e+04
1.120968191235013910e+04
1.120968191235013910e+04
1.120968191235013910e+04
1.120968191235013910e+04
1.115513129192603265e+04
1.115513129192603265e+04
1.115513129192603265e+04
1.115513129192603265e+04
1.115513129192603265e+04
1.115513129192603265e+04
1.109962126220629580e+04
1.109962126220629580e+04
1.109962126220629580e+04
1.109962126220629580e+04
1.109962126220629580e+04
1.109962126220629580e+04
1.109962126220629580e+04
1.109962126220629580e+04
1.109962126220629580e+04
1.135969761087196821e+04
1.135969761087196821e+04
1.135969761087196821e+04
1.135969761087196821e+04
1.135969761087196821e+04
1.135969761087196821e+04
1.112933990861128768e+04
1.112933990861128768e+04
1.112933990861128768e+04
1.112933990861128768e+04
1.112933990861128768e+04
1.112933990861128768e+04
1.112933990861128768e+04
1.112933990861128768e+04
1.112933990861128768e+04
1.106110949521120710e+04
1.106110949521120710e+04
1.106110949521120710e+04
1.106110949521120710e+04
1.106110949521120710e+04
1.106110949521120710e+04
1.123917130895678929e+04
1.123917130895678929e+04
1.123917130895678929e+04
1.123917130895678929e+04
1.123917130895678929e+04
1.123917130895678929e+04
1.123917130895678929e+04
1.123917130895678929e+04
1.123917130895678929e+04
1.129485114840984170e+04
1.129485114840984170e+04
1.129485114840984170e+04
1.129485114840984170e+04
1.129485114840984170e+04
1.129485114840984170e+04
1.101656701339130450e+04
1.101656701339130450e+04
1.101656701339130450e+04
1.101656701339130450e+04
1.101656701339130450e+04
1.101656701339130450e+04
1.101656701339130450e+04
1.101656701339130450e+04
1.101656701339130450e+04
1.119562565310537320e+04
1.119562565310537320e+04
1.119562565310537320e+04
1.119562565310537320e+04
1.119562565310537320e+04
1.119562565310537320e+04
1.120844354726747770e+04
1.120844354726747770e+04
1.120844354726747770e+04
1.120844354726747770e+04
1.120844354726747770e+04
1.120844354726747770e+04
1.120844354726747770e+04
1.120844354726747770e+04
1.120844354726747770e+04
1.144000208852063952e+04
1.144000208852063952e+04
1.144000208852063952e+04
1.144000208852063952e+04
1.144000208852063952e+04
1.144000208852063952e+04
1.122063393542966696e+04
1.122063393542966696e+04
1.122063393542966696e+04
1.122063393542966696e+04
1.122063393542966696e+04
1.122063393542966696e+04
1.122063393542966696e+04
1.122063393542966696e+04
1.122063393542966696e+04
1.115841571435695732e+04
1.115841571435695732e+04
1.115841571435695732e+04
1.115841571435695732e+04
1.115841571435695732e+04
1.115841571435695732e+04
1.115799052615266919e+04
1.115799052615266919e+04
1.115799052615266919e+04
1.115799052615266919e+04
1.115799052615266919e+04
1.115799052615266919e+04
1.115799052615266919e+04
1.115799052615266919e+04
1.115799052615266919e+04
1.140678615398054535e+04
1.140678615398054535e+04
1.140678615398054535e+04
1.140678615398054535e+04
1.140678615398054535e+04
1.140678615398054535e+04
1.126090066784627197e+04
1.126090066784627197e+04
1.126090066784627197e+04
1.126090066784627197e+04
1.126090066784627197e+04
1.126090066784627197e+04
1.126090066784627197e+04
1.126090066784627197e+04
1.126090066784627197e+04
1.141654517985912389e+04
1.141654517985912389e+04
1.141654517985912389e+04
1.141654517985912389e+04
1.141654517985912389e+04
1.141654517985912389e+04
1.149581578295043801e+04
1.149581578295043801e+04
1.149581578295043801e+04
1.149581578295043801e+04
1.149581578295043801e+04
1.149581578295043801e+04
1.149581578295043801e+04
1.149581578295043801e+04
1.149581578295043801e+04
1.161100398713121831e+04
1.161100398713121831e+04
1.161100398713121831e+04
1.161100398713121831e+04
1.161100398713121831e+04
1.161100398713121831e+04
1.161100398713121831e+04
1.161100398713121831e+04
1.161100398713121831e+04
1.161100398713121831e+04
1.161100398713121831e+04
1.161100398713121831e+04
1.161100398713121831e+04
1.161100398713121831e+04
1.161100398713121831e+04
1.157134775426336273e+04
1.157134775426336273e+04
1.157134775426336273e+04
1.157134775426336273e+04
1.157134775426336273e+04
1.157134775426336273e+04
1.148399115108307888e+04
1.148399115108307888e+04
1.148399115108307888e+04
1.148399115108307888e+04
1.148399115108307888e+04
1.148399115108307888e+04
1.148399115108307888e+04
1.148399115108307888e+04
1.148399115108307888e+04
1.166158440237976720e+04
1.166158440237976720e+04
1.166158440237976720e+04
1.166158440237976720e+04
1.166158440237976720e+04
1.142425536690053559e+04
1.142425536690053559e+04
1.142425536690053559e+04
1.142425536690053559e+04
1.142425536690053559e+04
1.142425536690053559e+04
1.142425536690053559e+04
1.142425536690053559e+04
1.142425536690053559e+04
1.142425536690053559e+04
1.131569222276210166e+04
1.131569222276210166e+04
1.131569222276210166e+04
1.131569222276210166e+04
1.131569222276210166e+04
1.154452192448564529e+04
1.154452192448564529e+04
1.154452192448564529e+04
1.154452192448564529e+04
1.154452192448564529e+04
1.154452192448564529e+04
1.154452192448564529e+04
1.154452192448564529e+04
1.154452192448564529e+04
1.154452192448564529e+04
1.157489552185503999e+04
1.157489552185503999e+04
1.157489552185503999e+04
1.157489552185503999e+04
1.157489552185503999e+04
1.142116378870220433e+04
1.142116378870220433e+04
1.142116378870220433e+04
1.142116378870220433e+04
1.142116378870220433e+04
1.142116378870220433e+04
1.142116378870220433e+04
1.142116378870220433e+04
1.142116378870220433e+04
1.142116378870220433e+04
1.164553955266682169e+04
1.164553955266682169e+04
1.164553955266682169e+04
1.164553955266682169e+04
1.164553955266682169e+04
1.172602951722111357e+04
1.172602951722111357e+04
1.172602951722111357e+04
1.172602951722111357e+04
1.172602951722111357e+04
1.172602951722111357e+04
1.172602951722111357e+04
1.172602951722111357e+04
1.172602951722111357e+04
1.172602951722111357e+04
1.188581375759687580e+04
1.188581375759687580e+04
1.188581375759687580e+04
1.188581375759687580e+04
1.188581375759687580e+04
1.158016028396496949e+04
1.158016028396496949e+04
1.158016028396496949e+04
1.158016028396496949e+04
1.158016028396496949e+04
1.158016028396496949e+04
1.158016028396496949e+04
1.158016028396496949e+04
1.158016028396496949e+04
1.158016028396496949e+04
1.146743201791849060e+04
1.146743201791849060e+04
1.146743201791849060e+04
1.146743201791849060e+04
1.146743201791849060e+04
1.141858539064135402e+04
1.141858539064135402e+04
1.141858539064135402e+04
1.141858539064135402e+04
1.141858539064135402e+04
1.141858539064135402e+04
1.141858539064135402e+04
1.141858539064135402e+04
1.141858539064135402e+04
1.141858539064135402e+04
1.160251463944812531e+04
1.160251463944812531e+04
1.160251463944812531e+04
1.160251463944812531e+04
1.160251463944812531e+04
1.157208991766145846e+04
1.157208991766145846e+04
1.157208991766145846e+04
1.157208991766145846e+04
1.157208991766145846e+04
1.157208991766145846e+04
1.157208991766145846e+04
1.157208991766145846e+04
1.157208991766145846e+04
1.157208991766145846e+04
1.172672705605690498e+04
1.172672705605690498e+04
1.172672705605690498e+04
1.172672705605690498e+04
1.172672705605690498e+04
1.178447230662195216e+04
1.178447230662195216e+04
1.178447230662195216e+04
1.178447230662195216e+04
1.178447230662195216e+04
1.178447230662195216e+04
1.178447230662195216e+04
1.178447230662195216e+04
1.178447230662195216e+04
1.178447230662195216e+04
1.187553434979708800e+04
1.187553434979708800e+04
1.187553434979708800e+04
1.187553434979708800e+04
1.187553434979708800e+04
1.187553434979708800e+04
1.187553434979708800e+04
1.187553434979708800e+04
1.187553434979708800e+04
1.187553434979708800e+04
1.187553434979708800e+04
1.187553434979708800e+04
1.187553434979708800e+04
1.187553434979708800e+04
1.187553434979708800e+04
1.178128816208980061e+04
1.178128816208980061e+04
1.178128816208980061e+04
1.178128816208980061e+04
1.178128816208980061e+04
1.158321872363721741e+04
1.158321872363721741e+04
1.158321872363721741e+04
1.158321872363721741e+04
1.158321872363721741e+04
1.158321872363721741e+04
1.158321872363721741e+04
1.158321872363721741e+04
1.158321872363721741e+04
1.158321872363721741e+04
1.168224584301013238e+04
1.168224584301013238e+04
1.168224584301013238e+04
1.168224584301013238e+04
1.168224584301013238e+04
1.152418052077954781e+04
1.152418052077954781e+04
1.152418052077954781e+04
1.152418052077954781e+04
1.152418052077954781e+04
1.152418052077954781e+04
1.152418052077954781e+04
1.152418052077954781e+04
1.152418052077954781e+04
1.152418052077954781e+04
1.149414595607509182e+04
1.149414595607509182e+04
1.149414595607509182e+04
1.149414595607509182e+04
1.149414595607509182e+04
1.161502825161589499e+04
1.161502825161589499e+04
1.161502825161589499e+04
1.161502825161589499e+04
1.161502825161589499e+04
1.161502825161589499e+04
1.161502825161589499e+04
1.161502825161589499e+04
1.161502825161589499e+04
1.161502825161589499e+04
1.171123672432678723e+04
1.171123672432678723e+04
1.171123672432678723e+04
1.171123672432678723e+04
1.171123672432678723e+04
1.158237622812979316e+04
1.158237622812979316e+04
1.158237622812979316e+04
1.158237622812979316e+04
1.158237622812979316e+04
1.158237622812979316e+04
1.158237622812979316e+04
1.158237622812979316e+04
1.158237622812979316e+04
1.158237622812979316e+04
1.175459953438488810e+04
1.175459953438488810e+04
1.175459953438488810e+04
1.175459953438488810e+04
1.175459953438488810e+04
1.183396046763276536e+04
1.183396046763276536e+04
1.183396046763276536e+04
1.183396046763276536e+04
1.183396046763276536e+04
1.183396046763276536e+04
1.183396046763276536e+04
1.183396046763276536e+04
1.183396046763276536e+04
1.183396046763276536e+04
1.202726235375012038e+04
1.202726235375012038e+04
1.202726235375012038e+04
1.202726235375012038e+04
1.202726235375012038e+04
1.197961904103886627e+04
1.197961904103886627e+04
1.197961904103886627e+04
1.197961904103886627e+04
1.197961904103886627e+04
1.197961904103886627e+04
1.197961904103886627e+04
1.197961904103886627e+04
1.197961904103886627e+04
1.197961904103886627e+04
1.198699311984997257e+04
1.198699311984997257e+04
1.198699311984997257e+04
1.198699311984997257e+04
1.198699311984997257e+04
1.188557370248930238e+04
1.188557370248930238e+04
1.188557370248930238e+04
1.188557370248930238e+04
1.188557370248930238e+04
1.188557370248930238e+04
1.188557370248930238e+04
1.188557370248930238e+04
1.188557370248930238e+04
1.188557370248930238e+04
1.201848508124286127e+04
1.201848508124286127e+04
1.201848508124286127e+04
1.201848508124286127e+04
1.201848508124286127e+04
1.188005960354185299e+04
1.188005960354185299e+04
1.188005960354185299e+04
1.188005960354185299e+04
1.188005960354185299e+04
1.188005960354185299e+04
1.188005960354185299e+04
1.188005960354185299e+04
1.188005960354185299e+04
1.188005960354185299e+04
1.203974140960189470e+04
1.203974140960189470e+04
1.203974140960189470e+04
1.203974140960189470e+04
1.203974140960189470e+04
1.204163337340134603e+04
1.204163337340134603e+04
1.204163337340134603e+04
1.204163337340134603e+04
1.204163337340134603e+04
1.204163337340134603e+04
1.204163337340134603e+04
1.204163337340134603e+04
1.204163337340134603e+04
1.204163337340134603e+04
1.206957655715843066e+04
1.206957655715843066e+04
1.206957655715843066e+04
1.206957655715843066e+04
1.206957655715843066e+04
1.206957655715843066e+04
1.206957655715843066e+04
1.206957655715843066e+04
1.206957655715843066e+04
1.206957655715843066e+04
1.206957655715843066e+04
1.206957655715843066e+04
1.206957655715843066e+04
1.206957655715843066e+04
1.206957655715843066e+04
1.203443461982177541e+04
1.203443461982177541e+04
1.203443461982177541e+04
1.203443461982177541e+04
1.203443461982177541e+04
1.187026008668329087e+04
1.187026008668329087e+04
1.187026008668329087e+04
1.187026008668329087e+04
1.187026008668329087e+04
1.187026008668329087e+04
1.187026008668329087e+04
1.187026008668329087e+04
1.187026008668329087e+04
1.187026008668329087e+04
1.207177337185575925e+04
1.207177337185575925e+04
1.207177337185575925e+04
1.207177337185575925e+04
1.207177337185575925e+04
1.199131863484009227e+04
1.199131863484009227e+04
1.199131863484009227e+04
1.199131863484009227e+04
1.199131863484009227e+04
1.199131863484009227e+04
1.199131863484009227e+04
1.199131863484009227e+04
1.199131863484009227e+04
1.199131863484009227e+04
1.187680807816112065e+04
1.187680807816112065e+04
1.187680807816112065e+04
1.187680807816112065e+04
1.187680807816112065e+04
1.211517631276793145e+04
1.211517631276793145e+04
1.211517631276793145e+04
1.211517631276793145e+04
1.211517631276793145e+04
1.211517631276793145e+04
1.211517631276793145e+04
1.211517631276793145e+04
1.211517631276793145e+04
1.211517631276793145e+04
1.214784518213679621e+04
1.214784518213679621e+04
1.214784518213679621e+04
1.214784518213679621e+04
1.214784518213679621e+04
1.200309345244504038e+04
1.200309345244504038e+04
1.200309345244504038e+04
1.200309345244504038e+04
1.200309345244504038e+04
1.200309345244504038e+04
1.200309345244504038e+04
1.200309345244504038e+04
1.200309345244504038e+04
1.200309345244504038e+04
1.207779417493907204e+04
1.207779417493907204e+04
1.207779417493907204e+04
1.207779417493907204e+04
1.207779417493907204e+04
1.206466053432895751e+04
1.206466053432895751e+04
1.206466053432895751e+04
1.206466053432895751e+04
1.206466053432895751e+04
1.206466053432895751e+04
1.206466053432895751e+04
1.206466053432895751e+04
1.206466053432895751e+04
1.206466053432895751e+04
1.224012076723207429e+04
1.224012076723207429e+04
1.224012076723207429e+04
1.224012076723207429e+04
1.224012076723207429e+04
1.220153023067347749e+04
1.220153023067347749e+04
1.220153023067347749e+04
1.220153023067347749e+04
1.220153023067347749e+04
1.220153023067347749e+04
1.220153023067347749e+04
1.220153023067347749e+04
1.220153023067347749e+04
1.220153023067347749e+04
1.216973158640749170e+04
1.216973158640749170e+04
1.216973158640749170e+04
1.216973158640749170e+04
1.216973158640749170e+04
1.219106219719825458e+04
1.219106219719825458e+04
1.219106219719825458e+04
1.219106219719825458e+04
1.219106219719825458e+04
1.219106219719825458e+04
1.219106219719825458e+04
1.219106219719825458e+04
1.219106219719825458e+04
1.219106219719825458e+04
1.238369074843739691e+04
1.238369074843739691e+04
1.238369074843739691e+04
1.238369074843739691e+04
1.238369074843739691e+04
1.225480712374602808e+04
1.225480712374602808e+04
1.225480712374602808e+04
1.225480712374602808e+04
1.225480712374602808e+04
1.225480712374602808e+04
1.225480712374602808e+04
1.225480712374602808e+04
1.225480712374602808e+04
1.225480712374602808e+04
1.236372024127089389e+04
1.236372024127089389e+04
1.236372024127089389e+04
1.236372024127089389e+04
1.236372024127089389e+04
1.232940985289064338e+04
1.232940985289064338e+04
1.232940985289064338e+04
1.232940985289064338e+04
1.232940985289064338e+04
1.232940985289064338e+04
1.232940985289064338e+04
1.232940985289064338e+04
1.232940985289064338e+04
1.232940985289064338e+04
1.236541765381749428e+04
1.236541765381749428e+04
1.236541765381749428e+04
1.236541765381749428e+04
1.236541765381749428e+04
1.236541765381749428e+04
1.236541765381749428e+04
1.236541765381749428e+04
1.236541765381749428e+04
1.236541765381749428e+04
1.236541765381749428e+04
1.236541765381749428e+04
1.236541765381749428e+04
1.236541765381749428e+04
1.236541765381749428e+04
1.226612725865409448e+04
1.226612725865409448e+04
1.226612725865409448e+04
1.226612725865409448e+04
1.226612725865409448e+04
1.225034316775924344e+04
1.225034316775924344e+04
1.225034316775924344e+04
1.225034316775924344e+04
1.225034316775924344e+04
1.225034316775924344e+04
1.225034316775924344e+04
1.225034316775924344e+04
1.225034316775924344e+04
1.225034316775924344e+04
1.235259389899747475e+04
1.235259389899747475e+04
1.235259389899747475e+04
1.235259389899747475e+04
1.235259389899747475e+04
1.228795418109318234e+04
1.228795418109318234e+04
1.228795418109318234e+04
1.228795418109318234e+04
1.228795418109318234e+04
1.228795418109318234e+04
1.228795418109318234e+04
1.228795418109318234e+04
1.228795418109318234e+04
1.228795418109318234e+04
1.232788373202223920e+04
1.232788373202223920e+04
1.232788373202223920e+04
1.232788373202223920e+04
1.232788373202223920e+04
1.250062396873139915e+04
1.250062396873139915e+04
1.250062396873139915e+04
1.250062396873139915e+04
1.250062396873139915e+04
1.250062396873139915e+04
1.250062396873139915e+04
1.250062396873139915e+04
1.250062396873139915e+04
1.250062396873139915e+04
1.254077072717111514e+04
1.254077072717111514e+04
1.254077072717111514e+04
1.254077072717111514e+04
1.254077072717111514e+04
1.247637803190533486e+04
1.247637803190533486e+04
1.247637803190533486e+04
1.247637803190533486e+04
1.247637803190533486e+04
1.247637803190533486e+04
1.247637803190533486e+04
1.247637803190533486e+04
1.247637803190533486e+04
1.247637803190533486e+04
1.256148943093534945e+04
1.256148943093534945e+04
1.256148943093534945e+04
1.256148943093534945e+04
1.256148943093534945e+04
1.256138242471976628e+04
1.256138242471976628e+04
1.256138242471976628e+04
1.256138242471976628e+04
1.256138242471976628e+04
1.256138242471976628e+04
1.256138242471976628e+04
1.256138242471976628e+04
1.256138242471976628e+04
1.256138242471976628e+04
1.260744978204133076e+04
1.260744978204133076e+04
1.260744978204133076e+04
1.260744978204133076e+04
1.260744978204133076e+04
1.253467309728257715e+04
1.253467309728257715e+04
1.253467309728257715e+04
1.253467309728257715e+04
1.253467309728257715e+04
1.253467309728257715e+04
1.253467309728257715e+04
1.253467309728257715e+04
1.253467309728257715e+04
1.253467309728257715e+04
1.254348374743422210e+04
1.254348374743422210e+04
1.254348374743422210e+04
1.254348374743422210e+04
1.254348374743422210e+04
1.235746058767116847e+04
1.235746058767116847e+04
1.235746058767116847e+04
1.235746058767116847e+04
1.235746058767116847e+04
1.235746058767116847e+04
1.235746058767116847e+04
1.235746058767116847e+04
1.235746058767116847e+04
1.235746058767116847e+04
1.244214822644738706e+04
1.244214822644738706e+04
1.244214822644738706e+04
1.244214822644738706e+04
1.244214822644738706e+04
1.229616053671462578e+04
1.229616053671462578e+04
1.229616053671462578e+04
1.229616053671462578e+04
1.229616053671462578e+04
1.229616053671462578e+04
1.229616053671462578e+04
1.229616053671462578e+04
1.229616053671462578e+04
1.229616053671462578e+04
1.245702434839482157e+04
1.245702434839482157e+04
1.245702434839482157e+04
1.245702434839482157e+04
1.245702434839482157e+04
1.244060956654394249e+04
1.244060956654394249e+04
1.244060956654394249e+04
1.244060956654394249e+04
1.244060956654394249e+04
1.244060956654394249e+04
1.244060956654394249e+04
1.244060956654394249e+04
1.244060956654394249e+04
1.244060956654394249e+04
1.247607282770602251e+04
1.247607282770602251e+04
1.247607282770602251e+04
1.247607282770602251e+04
1.247607282770602251e+04
1.247607282770602251e+04
1.247607282770602251e+04
1.247607282770602251e+04
1.247607282770602251e+04
1.247607282770602251e+04
1.247607282770602251e+04
1.247607282770602251e+04
1.247607282770602251e+04
1.247607282770602251e+04
1.247607282770602251e+04
1.250954296052788595e+04
1.250954296052788595e+04
1.250954296052788595e+04
1.250954296052788595e+04
1.250954296052788595e+04
1.275313136945104452e+04
1.275313136945104452e+04
1.275313136945104452e+04
1.275313136945104452e+04
1.275313136945104452e+04
1.275313136945104452e+04
1.275313136945104452e+04
1.275313136945104452e+04
1.275313136945104452e+04
1.275313136945104452e+04
1.287283253585448983e+04
1.287283253585448983e+04
1.287283253585448983e+04
1.287283253585448983e+04
1.287283253585448983e+04
1.276047889080800815e+04
1.276047889080800815e+04
1.276047889080800815e+04
1.276047889080800815e+04
1.276047889080800815e+04
1.276047889080800815e+04
1.276047889080800815e+04
1.276047889080800815e+04
1.276047889080800815e+04
1.276047889080800815e+04
1.278592976468158486e+04
1.278592976468158486e+04
1.278592976468158486e+04
1.278592976468158486e+04
1.278592976468158486e+04
1.269155023351730415e+04
1.269155023351730415e+04
1.269155023351730415e+04
1.269155023351730415e+04
1.269155023351730415e+04
1.269155023351730415e+04
1.269155023351730415e+04
1.269155023351730415e+04
1.269155023351730415e+04
1.269155023351730415e+04
1.270087771332280681e+04
1.270087771332280681e+04
1.270087771332280681e+04
1.270087771332280681e+04
1.270087771332280681e+04
1.256502289255309734e+04
1.256502289255309734e+04
1.256502289255309734e+04
1.256502289255309734e+04
1.256502289255309734e+04
1.256502289255309734e+04
1.256502289255309734e+04
1.256502289255309734e+04
1.256502289255309734e+04
1.256502289255309734e+04
1.267762668270909126e+04
1.267762668270909126e+04
1.267762668270909126e+04
1.267762668270909126e+04
1.267762668270909126e+04
1.269040233825371251e+04
1.269040233825371251e+04
1.269040233825371251e+04
1.269040233825371251e+04
1.269040233825371251e+04
1.269040233825371251e+04
1.269040233825371251e+04
1.269040233825371251e+04
1.269040233825371251e+04
1.269040233825371251e+04
1.276959756054833451e+04
1.276959756054833451e+04
1.276959756054833451e+04
1.276959756054833451e+04
1.276959756054833451e+04
1.274434017490194310e+04
1.274434017490194310e+04
1.274434017490194310e+04
1.274434017490194310e+04
1.274434017490194310e+04
1.274434017490194310e+04
1.274434017490194310e+04
1.274434017490194310e+04
1.274434017490194310e+04
1.274434017490194310e+04
1.283965766076439832e+04
1.283965766076439832e+04
1.283965766076439832e+04
1.283965766076439832e+04
1.283965766076439832e+04
1.273856818548191222e+04
1.273856818548191222e+04
1.273856818548191222e+04
1.273856818548191222e+04
1.273856818548191222e+04
1.273856818548191222e+04
1.273856818548191222e+04
1.273856818548191222e+04
1.273856818548191222e+04
1.273856818548191222e+04
1.282833222123849555e+04
1.282833222123849555e+04
1.282833222123849555e+04
1.282833222123849555e+04
1.282833222123849555e+04
1.282488736648044141e+04
1.282488736648044141e+04
1.282488736648044141e+04
1.282488736648044141e+04
1.282488736648044141e+04
1.282488736648044141e+04
1.282488736648044141e+04
1.282488736648044141e+04
1.282488736648044141e+04
1.282488736648044141e+04
1.300901075104493793e+04
1.300901075104493793e+04
1.300901075104493793e+04
1.300901075104493793e+04
1.300901075104493793e+04
1.314456638560815009e+04
1.314456638560815009e+04
1.314456638560815009e+04
1.314456638560815009e+04
1.314456638560815009e+04
1.314456638560815009e+04
1.314456638560815009e+04
1.314456638560815009e+04
1.314456638560815009e+04
1.314456638560815009e+04
1.310329023942549611e+04
1.310329023942549611e+04
1.310329023942549611e+04
1.310329023942549611e+04
1.310329023942549611e+04
1.310329023942549611e+04
1.310329023942549611e+04
1.310329023942549611e+04
1.310329023942549611e+04
1.310329023942549611e+04
1.310329023942549611e+04
1.310329023942549611e+04
1.310329023942549611e+04
1.310329023942549611e+04
1.310329023942549611e+04
1.324179408736101686e+04
1.324179408736101686e+04
1.324179408736101686e+04
1.324179408736101686e+04
1.324179408736101686e+04
1.295437879043637076e+04
1.295437879043637076e+04
1.295437879043637076e+04
1.295437879043637076e+04
1.295437879043637076e+04
1.295437879043637076e+04
1.295437879043637076e+04
1.295437879043637076e+04
1.295437879043637076e+04
1.295437879043637076e+04
1.298939455333855221e+04
1.298939455333855221e+04
1.298939455333855221e+04
1.298939455333855221e+04
1.298939455333855221e+04
1.286936201744033679e+04
1.286936201744033679e+04
1.286936201744033679e+04
1.286936201744033679e+04
1.286936201744033679e+04
1.286936201744033679e+04
1.286936201744033679e+04
1.286936201744033679e+04
1.286936201744033679e+04
1.286936201744033679e+04
1.272095462038009646e+04
1.272095462038009646e+04
1.272095462038009646e+04
1.272095462038009646e+04
1.272095462038009646e+04
1.292123987316714374e+04
1.292123987316714374e+04
1.292123987316714374e+04
1.292123987316714374e+04
1.292123987316714374e+04
1.292123987316714374e+04
1.292123987316714374e+04
1.292123987316714374e+04
1.292123987316714374e+04
1.292123987316714374e+04
1.294230067352472724e+04
1.294230067352472724e+04
1.294230067352472724e+04
1.294230067352472724e+04
1.294230067352472724e+04
1.299656433660053517e+04
1.299656433660053517e+04
1.299656433660053517e+04
1.299656433660053517e+04
1.299656433660053517e+04
1.299656433660053517e+04
1.299656433660053517e+04
1.299656433660053517e+04
1.299656433660053517e+04
1.299656433660053517e+04
1.311288080673555123e+04
1.311288080673555123e+04
1.311288080673555123e+04
1.311288080673555123e+04
1.311288080673555123e+04
1.318864708089574560e+04
1.318864708089574560e+04
1.318864708089574560e+04
1.318864708089574560e+04
1.318864708089574560e+04
1.318864708089574560e+04
1.318864708089574560e+04
1.318864708089574560e+04
1.318864708089574560e+04
1.318864708089574560e+04
1.320004193133569061e+04
1.320004193133569061e+04
1.320004193133569061e+04
1.320004193133569061e+04
1.320004193133569061e+04
1.313625486120939240e+04
1.313625486120939240e+04
1.313625486120939240e+04
1.313625486120939240e+04
1.313625486120939240e+04
1.313625486120939240e+04
1.313625486120939240e+04
1.313625486120939240e+04
1.313625486120939240e+04
1.313625486120939240e+04
1.312436301244000060e+04
1.312436301244000060e+04
1.312436301244000060e+04
1.312436301244000060e+04
1.312436301244000060e+04
1.300831464611715091e+04
1.300831464611715091e+04
1.300831464611715091e+04
1.300831464611715091e+04
1.300831464611715091e+04
1.300831464611715091e+04
1.300831464611715091e+04
1.300831464611715091e+04
1.300831464611715091e+04
1.300831464611715091e+04
1.313653507360471485e+04
1.313653507360471485e+04
1.313653507360471485e+04
1.313653507360471485e+04
1.313653507360471485e+04
1.312784299902214480e+04
1.312784299902214480e+04
1.312784299902214480e+04
1.312784299902214480e+04
1.312784299902214480e+04
1.312784299902214480e+04
1.312784299902214480e+04
1.312784299902214480e+04
1.312784299902214480e+04
1.312784299902214480e+04
1.328389812352414265e+04
1.328389812352414265e+04
1.328389812352414265e+04
1.328389812352414265e+04
1.328389812352414265e+04
1.335621249747510592e+04
1.335621249747510592e+04
1.335621249747510592e+04
1.335621249747510592e+04
1.335621249747510592e+04
1.335621249747510592e+04
1.335621249747510592e+04
1.335621249747510592e+04
1.335621249747510592e+04
1.335621249747510592e+04
1.340818116176728654e+04
1.340818116176728654e+04
1.340818116176728654e+04
1.340818116176728654e+04
1.340818116176728654e+04
1.340818116176728654e+04
1.340818116176728654e+04
1.340818116176728654e+04
1.340818116176728654e+04
1.340818116176728654e+04
1.340818116176728654e+04
1.340818116176728654e+04
1.340818116176728654e+04
1.340818116176728654e+04
1.340818116176728654e+04
1.343835343687195382e+04
1.343835343687195382e+04
1.343835343687195382e+04
1.343835343687195382e+04
1.343835343687195382e+04
1.343800931674638559e+04
1.343800931674638559e+04
1.343800931674638559e+04
1.343800931674638559e+04
1.343800931674638559e+04
1.343800931674638559e+04
1.343800931674638559e+04
1.343800931674638559e+04
1.343800931674638559e+04
1.343800931674638559e+04
1.357836544669474461e+04
1.357836544669474461e+04
1.357836544669474461e+04
1.357836544669474461e+04
1.357836544669474461e+04
1.343049456987201484e+04
1.343049456987201484e+04
1.343049456987201484e+04
1.343049456987201484e+04
1.343049456987201484e+04
1.343049456987201484e+04
1.343049456987201484e+04
1.343049456987201484e+04
1.343049456987201484e+04
1.343049456987201484e+04
1.340737251662919516e+04
1.340737251662919516e+04
1.340737251662919516e+04
1.340737251662919516e+04
1.340737251662919516e+04
1.349227768400480090e+04
1.349227768400480090e+04
1.349227768400480090e+04
1.349227768400480090e+04
1.349227768400480090e+04
1.349227768400480090e+04
1.349227768400480090e+04
1.349227768400480090e+04
1.349227768400480090e+04
1.349227768400480090e+04
1.354141262149435715e+04
1.354141262149435715e+04
1.354141262149435715e+04
1.354141262149435715e+04
1.354141262149435715e+04
