7.624372082266988855e+02
7.283470692435921592e+02
6.891689665725230043e+02
6.509774606925097942e+02
6.124548257474696129e+02
5.739242268236878317e+02
5.352199582425441804e+02
4.966035521647309565e+02
4.469695293219731411e+02
4.139728654576523468e+02
3.753181547496702706e+02
3.311868406884474894e+02
2.981060780868491520e+02
2.649761819702181924e+02
2.209114226364342812e+02
1.767325678251668251e+02
1.269785970522128054e+02
8.297674903096896060e+01
5.000752235559004788e+01
1.141990872370816845e+01
-2.196871840888734084e+01
-6.031274269087424500e+01
-9.359391119076714460e+01
-1.266053401326510368e+02
-1.598662880623762419e+02
-1.980503167471184156e+02
-2.367410512987554227e+02
-2.756113943242614823e+02
-3.087297494447958570e+02
-3.528125425828084190e+02
-3.915791065782028681e+02
-4.298773372329716267e+02
-4.686035702947287405e+02
-5.015136316737618927e+02
-5.512494892584636546e+02
