2.617993877991494078e-01
2.617993877991494078e-01
0.000000000000000000e+00
0.000000000000000000e+00
0.000000000000000000e+00
0.000000000000000000e+00
0.000000000000000000e+00
0.000000000000000000e+00
0.000000000000000000e+00
0.000000000000000000e+00
1.256637061435917357e-01
0.000000000000000000e+00
0.000000000000000000e+00
0.000000000000000000e+00
1.256637061435917357e-01
0.000000000000000000e+00
0.000000000000000000e+00
0.000000000000000000e+00
8.377580409572782383e-02
8.377580409572782383e-02
0.000000000000000000e+00
0.000000000000000000e+00
0.000000000000000000e+00
0.000000000000000000e+00
8.377580409572782383e-02
0.000000000000000000e+00
0.000000000000000000e+00
8.377580409572782383e-02
8.377580409572782383e-02
0.000000000000000000e+00
0.000000000000000000e+00
0.000000000000000000e+00
0.000000000000000000e+00
8.377580409572782383e-02
8.377580409572782383e-02
0.000000000000000000e+00
0.000000000000000000e+00
8.377580409572782383e-02
0.000000000000000000e+00
8.377580409572782383e-02
8.377580409572782383e-02
0.000000000000000000e+00
0.000000000000000000e+00
0.000000000000000000e+00
8.377580409572782383e-02
0.000000000000000000e+00
8.377580409572782383e-02
8.377580409572782383e-02
0.000000000000000000e+00
8.377580409572782383e-02
0.000000000000000000e+00
0.000000000000000000e+00
0.000000000000000000e+00
8.377580409572782383e-02
8.377580409572782383e-02
0.000000000000000000e+00
0.000000000000000000e+00
8.377580409572782383e-02
0.000000000000000000e+00
0.000000000000000000e+00
8.377580409572782383e-02
8.377580409572782383e-02
0.000000000000000000e+00
8.377580409572782383e-02
0.000000000000000000e+00
0.000000000000000000e+00
8.377580409572782383e-02
0.000000000000000000e+00
0.000000000000000000e+00
8.377580409572782383e-02
0.000000000000000000e+00
8.377580409572782383e-02
0.000000000000000000e+00
0.000000000000000000e+00
8.377580409572782383e-02
8.377580409572782383e-02
0.000000000000000000e+00
0.000000000000000000e+00
0.000000000000000000e+00
