-2.617993877991494078e-01
0.000000000000000000e+00
0.000000000000000000e+00
0.000000000000000000e+00
0.000000000000000000e+00
0.000000000000000000e+00
1.884955592153875759e-01
1.884955592153875759e-01
0.000000000000000000e+00
0.000000000000000000e+00
0.000000000000000000e+00
0.000000000000000000e+00
0.000000000000000000e+00
1.675516081914555921e-01
0.000000000000000000e+00
0.000000000000000000e+00
0.000000000000000000e+00
0.000000000000000000e+00
1.466076571675236362e-01
0.000000000000000000e+00
0.000000000000000000e+00
0.000000000000000000e+00
1.466076571675236362e-01
0.000000000000000000e+00
0.000000000000000000e+00
0.000000000000000000e+00
1.466076571675236362e-01
0.000000000000000000e+00
0.000000000000000000e+00
1.466076571675236362e-01
0.000000000000000000e+00
0.000000000000000000e+00
0.000000000000000000e+00
1.256637061435916802e-01
0.000000000000000000e+00
1.256637061435916802e-01
0.000000000000000000e+00
0.000000000000000000e+00
1.256637061435916802e-01
0.000000000000000000e+00
0.000000000000000000e+00
1.256637061435916802e-01
0.000000000000000000e+00
0.000000000000000000e+00
0.000000000000000000e+00
1.047197551196597243e-01
1.308996938995746484e-01
0.000000000000000000e+00
1.047197551196597243e-01
0.000000000000000000e+00
0.000000000000000000e+00
8.377580409572776832e-02
0.000000000000000000e+00
0.000000000000000000e+00
6.283185307179581236e-02
0.000000000000000000e+00
6.283185307179581236e-02
0.000000000000000000e+00
4.188790204786387028e-02
4.188790204786387028e-02
2.094395102393191432e-02
2.617993877991489290e-02
2.617993877991489290e-02
4.857225732735059864e-17
4.857225732735059864e-17
4.857225732735059864e-17
2.617993877991499005e-02
2.617993877991499005e-02
2.617993877991499005e-02
5.235987755982993153e-02
5.235987755982993153e-02
