-5.216562678275647613e+02
-4.782731531899848960e+02
-4.347996588400845894e+02
-3.927300561500043159e+02
-3.576377824754517860e+02
-3.230419496925413796e+02
-2.847025404160684730e+02
-2.488062737825586339e+02
-2.139255648246026453e+02
-1.829928802946290887e+02
-1.471605935843116129e+02
-1.111430435133504488e+02
-7.433491913564981246e+01
-4.025124481241378760e+01
-6.603969298797607301e+00
2.648433940688158117e+01
6.415424528986547159e+01
9.861762039274867675e+01
1.344201394958769527e+02
1.713492603905700946e+02
2.055079383732845031e+02
2.448205539865122091e+02
2.772482437929322714e+02
3.112204652538033542e+02
3.465378564592801922e+02
3.791750596567219418e+02
4.131608333272406526e+02
4.506472570961741440e+02
4.785237025307264958e+02
5.104487811254798544e+02
5.423563544586286298e+02
5.723652147395805514e+02
6.062747214054625147e+02
6.383442170135294873e+02
6.663540270206449350e+02
6.987814451028862095e+02
7.338803980142474757e+02
7.699359598101436859e+02
8.030135070587384689e+02
8.358214967313106172e+02
8.666923770197099657e+02
8.936736009871892747e+02
9.324740466474540881e+02
9.705243124871340115e+02
9.999254413763992488e+02
1.020974559439840959e+03
1.050524766220740275e+03
1.063567690600000788e+03
1.109206116375135025e+03
1.159520971522899345e+03
1.138186663379427046e+03
1.135077069050283171e+03
1.167275740607408807e+03
9.968548165322281420e+02
7.384669797621900216e+02
4.431536364604253322e+02
6.109545866136904806e+02
1.017805523811606690e+03
1.184865803124150261e+03
1.245166203313739970e+03
1.322188774506910704e+03
1.308716457841917872e+03
1.446438258397276513e+03
1.485060607243678533e+03
1.530660510196350515e+03
1.551447334115044214e+03
1.587466970251058228e+03
1.661388906131382100e+03
1.677819177928729914e+03
1.755680654435534962e+03
1.722761190982419066e+03
