-1.468332487624651549e+03
-1.485177332661376568e+03
-1.480152311480407661e+03
-1.485234797511311626e+03
-1.486286380431989528e+03
-1.483609874106528878e+03
-1.482740597440801139e+03
-1.482776827847657842e+03
-1.461780624523515144e+03
-1.426817697876402235e+03
-1.388537673899802030e+03
-1.349903159771795799e+03
-1.317041965198121034e+03
-1.284849113917241084e+03
-1.256668415096899480e+03
-1.222711511674163376e+03
-1.191623344590195757e+03
-1.155811569028301165e+03
-1.129040398220573934e+03
-1.082650187573248786e+03
-1.045751695847747214e+03
-1.009182698512915977e+03
-9.762050473088972922e+02
-9.411108158186684705e+02
-9.076824518128346426e+02
-8.772152648847294358e+02
-8.422923179706845076e+02
-8.147493524220852805e+02
-7.796189118342595066e+02
-7.451648581240621070e+02
-7.091104436328228076e+02
-6.733236112658407819e+02
-6.409224843318495459e+02
-6.100709515248313437e+02
-5.651484115834061868e+02
-5.360505022785007441e+02
-5.036602918110361315e+02
-4.713805277118062804e+02
-4.367903902938396641e+02
-4.031105649612468369e+02
-3.606593812976952904e+02
-3.293133867798574101e+02
-2.983923766073589832e+02
-2.593254883744566541e+02
-2.258161630899378451e+02
-1.927675397084062752e+02
-1.583771619252779601e+02
-1.228196590342233776e+02
-9.083357325473298260e+01
-5.874950890126865488e+01
-1.374148315847128288e+01
1.957835109197617385e+01
5.273848001105773164e+01
8.600334356168468730e+01
1.186305607128523434e+02
1.511300393498862604e+02
1.849573350683378408e+02
2.179338486889002411e+02
2.496837405686480906e+02
2.948377202278235814e+02
3.284378052482405792e+02
3.620902625110543909e+02
3.998911912709735930e+02
4.373656788956617447e+02
4.698636352129844340e+02
5.043757163041570948e+02
5.369528329002383771e+02
5.705094667486342814e+02
6.080790027904760109e+02
6.446510558779814346e+02
6.815362939198802223e+02
7.185857743021475699e+02
7.520332137504001366e+02
7.843358676377131360e+02
8.175983001942549890e+02
8.506553729482970994e+02
8.829053206301155114e+02
9.159752379551123340e+02
9.491395487669483373e+02
