7.953926474576139450e+08
4.719257647510746866e+07
2.966454769250730798e+07
1.535770617384238541e+07
6.043545444828350842e+07
2.810848449887339026e+07
2.832365437595236301e+07
2.740313575349504873e+07
2.533527603495542705e+07
2.412090923988066241e+07
2.844771339453563839e+07
4.707465058598998189e+07
3.255446358109318092e+07
2.285827520713755116e+07
2.174685085155668482e+07
2.329740210728043690e+07
2.312563375302961096e+07
4.745084099912740290e+07
4.536906618622124195e+07
6.012402557728217542e+07
2.617824533909026533e+07
3.163716665930141509e+07
2.959458739935308695e+07
5.056865208766929805e+07
3.841818419102986902e+07
4.408250528966345638e+07
5.069601129327557236e+07
4.297259245234914124e+07
5.469753285121614486e+07
6.972608064544591308e+07
4.658249325391603261e+07
6.406384590733928978e+07
5.711567549455799162e+07
4.884419923580795527e+07
8.266296957374033332e+07
3.261596175232307911e+08
4.060388942145757079e+08
3.381209056547541022e+08
7.609949468877017498e+08
9.134967716336522102e+08
3.547326937535703182e+08
2.864519336233370900e+08
1.463585165529631376e+08
1.965511744584406018e+08
2.069396697971785814e+07
2.861711076474998519e+07
9.202120389799541235e+07
1.692896369129367545e+07
9.444182398944992572e+06
1.185430348640394397e+07
1.904187964416321740e+07
3.140608399522024393e+08
4.245146684119795561e+08
3.314422986714432836e+08
1.664304049004326820e+09
1.407143358326208964e+07
9.893933046247029677e+06
2.696316220379922539e+07
2.338052795219193399e+08
8.291053203817504644e+07
1.065588941015828133e+09
1.136727993770669699e+09
3.112697763438617706e+09
1.884125386192160368e+09
1.709836833729993343e+09
1.303804481200085640e+09
2.227602797472222745e+08
1.134782208411958694e+09
1.316767259851084948e+09
4.068682769782731533e+08
2.106616422031720355e+07
7.243754581977960467e+07
