2.286588446617780685e+09
2.043418543970846534e+08
3.679446750514112115e+08
2.142608742975715101e+08
9.939692810019001365e+07
5.231289404440955073e+07
5.907987554433818161e+07
6.023695208885070086e+08
2.574946908555904329e+08
2.518286254715987667e+07
3.981549581094519235e+06
8.876143592282591388e+06
1.465576645859589987e+07
4.898441471940428019e+07
1.362586920991117656e+08
1.131329420705824643e+08
9.476332362306901813e+07
4.217712122677220404e+07
1.027824104052645117e+08
6.638142589470165782e+06
9.062018479376407340e+06
1.378734197670555115e+08
1.309242354252770916e+07
1.184371219543457776e+07
6.614415812036873400e+07
1.308138295940182731e+07
3.726251923097708076e+07
4.023671131895536929e+07
4.136531451550292969e+07
1.295217517358146757e+08
2.160457638672465086e+07
1.720670519079384208e+07
2.300261586145736277e+07
2.677794689357829466e+07
1.304216822819933668e+07
2.572236618538348377e+07
3.760721422821021825e+07
2.527405992268909514e+07
2.667105790743796155e+07
2.855624626909120008e+07
2.874666429415800795e+07
4.651525557273770869e+07
2.371469803054653853e+07
2.618958233153143153e+07
2.575840353568467498e+07
2.195265535324296355e+07
2.186594946451049298e+07
2.725786001530938596e+07
3.301899481300847232e+07
3.003862204990277439e+07
2.266000105894193426e+07
2.285262414763263986e+07
3.157332638308276981e+07
3.697885453498110175e+07
3.314384838179830834e+07
5.636976765869347006e+07
5.216530911642327905e+07
6.131880096713229269e+07
4.343165069193205982e+07
5.217647891670922190e+07
2.411726218790495768e+07
2.094150010564536601e+07
3.874369466537376493e+07
3.729472740859773755e+07
5.526095650316607207e+07
5.066575676443299651e+07
2.876754810782512650e+07
7.446446977136886120e+07
1.198319011252210289e+08
1.091839189612770826e+08
6.271749077218599617e+06
