6.184123690052902020e+02
6.166617282811828318e+02
6.149154707068615835e+02
6.131736337304751032e+02
6.114362551313927270e+02
6.097033730221410224e+02
6.079750258503147506e+02
6.062512524004622492e+02
6.045320917959453482e+02
6.028175835007714340e+02
6.011077673213909520e+02
5.994026834084654638e+02
5.977023722586009171e+02
5.960068747160413523e+02
5.943162319743283888e+02
5.926304855779163745e+02
5.909496774237474028e+02
5.892738497627791503e+02
5.876030452014680350e+02
5.859373067032009885e+02
5.842766775896765239e+02
5.826212015422330524e+02
5.809709226031179696e+02
5.793258851767020587e+02
5.776861340306304555e+02
5.760517142969093811e+02
5.744226714729298919e+02
2.554369685482749048e+02
2.534711238420097175e+02
2.515128153401050497e+02
2.495622204405958655e+02
2.476195214207603215e+02
2.456849055728853273e+02
2.437585653426999102e+02
2.418406984703892135e+02
2.399315081340896540e+02
2.380312030957448428e+02
2.361399978491744491e+02
2.342581127701918433e+02
2.323857742685810024e+02
2.305232149417081757e+02
2.286706737295170910e+02
2.268283960706284859e+02
2.249966340592202130e+02
2.231756466023326482e+02
2.213656995772009282e+02
2.195670659881696167e+02
2.177800261226993257e+02
2.160048677059224644e+02
2.142418860531574012e+02
2.124913842197191514e+02
4.752746214156620681e+02
4.735134696327742176e+02
4.717579522164394916e+02
4.700081322718979209e+02
4.682640736405291477e+02
4.665258409058134248e+02
4.647934993992082582e+02
4.630671152059177871e+02
4.613467551705611527e+02
4.596324869027191085e+02
4.579243787823622256e+02
4.562224999651393773e+02
4.545269203875316748e+02
4.528377107718475258e+02
4.511549426310619424e+02
4.494786882734797473e+02
4.478090208072219411e+02
4.461460141445176077e+02
4.444897430057899896e+02
4.428402829235312765e+02
4.411977102459500770e+02
4.395621021403788404e+02
4.379335365964320772e+02
4.363120924289013942e+02
2.577576925936343741e+02
2.558303035052535961e+02
2.539109678793960825e+02
2.519998696917065502e+02
2.500971977386239473e+02
2.482031457595799964e+02
2.463179125608545519e+02
2.444417021409418282e+02
2.425747238172708080e+02
2.407171923540993816e+02
2.388693280913830108e+02
2.370313570743802245e+02
2.352035111837507202e+02
2.333860282658567371e+02
2.315791522629559438e+02
2.297831333429389247e+02
2.279982280282294198e+02
2.262246993234298031e+02
2.244628168412541811e+02
2.227128569262426936e+02
2.209751027757229167e+02
2.192498445574160257e+02
2.175373795230571830e+02
2.158380121173257180e+02
7.650034512253942864e+01
7.444881158926528997e+01
7.241870344793447600e+01
7.041187397638906020e+01
6.843037130842002114e+01
6.647646032821926099e+01
6.455264661566971540e+01
6.266170239127017538e+01
6.080669428199369264e+01
5.899101254627832702e+01
5.721840114150366219e+01
5.549298767289214140e+01
5.381931181112366147e+01
5.220235019331196469e+01
5.064753512481304654e+01
4.916076359399384899e+01
4.774839224865714016e+01
4.641721316172791489e+01
4.517440460310714201e+01
4.402745088039160493e+01
4.298402593026715834e+01
4.205183708107602314e+01
4.123842855221714387e+01
4.055094889401731706e+01
3.999589242100105224e+01
3.957883097035125530e+01
3.930415774493697967e+01
3.917486801957451803e+01
3.650916777403306810e+02
3.666367142755407258e+02
3.682031990597570257e+02
3.697913212265854099e+02
3.714012702111401154e+02
3.730332357464554889e+02
3.746874078605202953e+02
3.763639768739492411e+02
3.780631333982911997e+02
3.797850683349797123e+02
3.815299728749373571e+02
3.832980384988270544e+02
3.850894569779637777e+02
3.869044203758825802e+02
3.887431210505644685e+02
3.906057516573263797e+02
3.924925051523675279e+02
3.944035747969778640e+02
3.963391541624039291e+02
3.982994371353707379e+02
4.002846179242581570e+02
4.022948910659207513e+02
4.043304514331636028e+02
4.063914942428489212e+02
6.392553253735220409e+01
6.347578278874989621e+01
6.315461662559256695e+01
6.296712487461329744e+01
6.291768430406789747e+01
6.300985379498288097e+01
6.324629362225551432e+01
6.362871332844034811e+01
6.415785164619343561e+01
6.483348946185392947e+01
6.565449424620597085e+01
6.661889206081976056e+01
6.772396147491187435e+01
6.896634268127039036e+01
7.034215482589893043e+01
7.184711498366003468e+01
7.347665315107379058e+01
7.522601887681685184e+01
7.709037650508736306e+01
7.906488729919728087e+01
8.114477782850055121e+01
8.332539488155485685e+01
8.560224779840714859e+01
8.797103951354287688e+01
1.505512816818902309e+02
1.473023748298171824e+02
1.440399966431027678e+02
1.407650394799118203e+02
1.374785126105500694e+02
1.341815580008633901e+02
1.308754685652464218e+02
1.275617093225546341e+02
1.242419419692775904e+02
1.209180534802130467e+02
1.175921894596533548e+02
1.142667930974956647e+02
1.109446507359192964e+02
1.076289452230081309e+02
1.043233184171321568e+02
1.010319444024954691e+02
9.775961516701231346e+01
9.451184065103765874e+01
9.129496515254173516e+01
8.811630199436692124e+01
8.498428800128560567e+01
8.190865851478395143e+01
7.890064212271440169e+01
7.597317162410850244e+01
4.077092634103942146e+02
4.102674414651013990e+02
4.128724260021913892e+02
4.155244750713431472e+02
4.182238430849328665e+02
4.209707809452967240e+02
4.237655361762346615e+02
4.266083530584085679e+02
4.294994727682779398e+02
4.324391335202367941e+02
4.354275707116024705e+02
4.384650170701226557e+02
4.415517028036731517e+02
4.446878557518163575e+02
4.478737015389116891e+02
4.511094637284679152e+02
4.543953639784430720e+02
4.577316221972029098e+02
4.611184566998649643e+02
4.645439269918462060e+02
4.679935850520316194e+02
4.714669002022522477e+02
4.749633536999337480e+02
4.784824385586188669e+02
4.820236593623527597e+02
4.855865320748437739e+02
4.891705838442600793e+02
4.927753528044459586e+02
4.039278963973368946e+02
4.068248296437990348e+02
4.097575471820109101e+02
4.127252864959635872e+02
4.157272978633808975e+02
4.187628445227829275e+02
4.218312028045657485e+02
4.249316622284480900e+02
4.280635255695679007e+02
4.312261088954526826e+02
4.344187415760039244e+02
4.376407662685610376e+02
4.408915388800215283e+02
4.441704285079172791e+02
4.474768173622495624e+02
4.508101006698008746e+02
4.541696865625599457e+02
4.575549959517934440e+02
4.609654623892270138e+02
4.644005319167054040e+02
4.678596629056139022e+02
4.713423258872788324e+02
4.748480033754614169e+02
4.783761896820099082e+02
2.627610640746744366e+02
2.590666948303103823e+02
2.554090636405996975e+02
2.517897712596943904e+02
2.482104945253246910e+02
2.446729892985099752e+02
2.411790933473220662e+02
2.377307291375649925e+02
2.343299064869768813e+02
2.309787250326739354e+02
2.276793764540732923e+02
2.244341463854841834e+02
2.212454159440297587e+02
2.181156627896733085e+02
2.150474616250489817e+02
2.120434840337682090e+02
2.091064975472003766e+02
2.062393638218045169e+02
2.034450358023579213e+02
2.007265537415116228e+02
1.980870399435865750e+02
1.955296921012063081e+02
1.930577750980039866e+02
1.906746111601018470e+02
9.512614945192851224e+01
9.693373783599909643e+01
9.894142876041880186e+01
1.011373065377384108e+02
1.035093955060500406e+02
1.060458719604116595e+02
1.087352328416065745e+02
1.115664230135574115e+02
1.145289251282184892e+02
1.176128172637483829e+02
1.208088039340663613e+02
1.241082259316785752e+02
1.275030539862405874e+02
1.309858705633817806e+02
1.345498434111136703e+02
1.381886937630016803e+02
1.418966614736127667e+02
1.456684688142003949e+02
1.494992842006759588e+02
1.533846867576322097e+02
1.573206323322391711e+02
1.613034213488377304e+02
1.653296687274178396e+02
1.693962759660502684e+02
1.918165835082396313e+02
1.881291864946423118e+02
1.844929302955786738e+02
1.809108983558303976e+02
1.773863752851678157e+02
1.739228570041990736e+02
1.705240604121215426e+02
1.671939322754851673e+02
1.639366569722030249e+02
1.607566626531447866e+02
1.576586253060140734e+02
1.546474701251136992e+02
1.517283695096890312e+02
1.489067369380007904e+02
1.461882159011933311e+02
1.435786630395312784e+02
1.410841246148612242e+02
1.387108054900893421e+02
1.364650298830283646e+02
1.343531933319046345e+02
1.323817055648070493e+02
1.305569243126869026e+02
1.288850805450421433e+02
1.273721961287930924e+02
1.260239954908151532e+02
1.248458134658575887e+02
1.238425020833542050e+02
1.230183395280696175e+02
2.772674035409254145e+01
2.347232251964355854e+01
1.947331138479201940e+01
1.592331430841882067e+01
1.319000317432358749e+01
1.185253577379627643e+01
1.237219514177341040e+01
1.455135805659025472e+01
1.779030755091924476e+01
2.161782342245023614e+01
2.577300475511524169e+01
3.012054961361852179e+01
3.458799657123760340e+01
3.913430438888064344e+01
4.373488700271786200e+01
4.837426178021452472e+01
5.304225087117313109e+01
5.773191385882973492e+01
6.243836734186826476e+01
6.715808146156012981e+01
7.188844453887134023e+01
7.662748453890559119e+01
8.137368557343995690e+01
8.612586383855173722e+01
4.938322524540773770e+02
4.905021146442583699e+02
4.871964306247428453e+02
4.839157011326162205e+02
4.806604367399306170e+02
4.774311579219682358e+02
4.742283951147426251e+02
4.710526887607692856e+02
4.679045893420891389e+02
4.647846573994814321e+02
4.616934635367595661e+02
4.586315884089942188e+02
4.555996226934714741e+02
4.525981670421489866e+02
4.496278320143316023e+02
4.466892379882589807e+02
4.437830150502592801e+02
4.409098028600925545e+02
4.380702504910996709e+02
4.352650162437277004e+02
4.324947674310207049e+02
4.297601801346384605e+02
4.270619389299821478e+02
4.244007365790154722e+02
6.851985405437986287e+01
6.800522241178241245e+01
6.782732510857078978e+01
6.798880603885916685e+01
6.848726523702777058e+01
6.931543384722337464e+01
7.046168770989295638e+01
7.191081820733768382e+01
7.364494870404197968e+01
7.564448160562311330e+01
7.788898020895521768e+01
8.035792102220906941e+01
8.303128552615019942e+01
8.588998796788003176e+01
8.891615444847440131e+01
9.209327837840274356e+01
9.540628027006970058e+01
9.884149826664933869e+01
1.023866319237358624e+02
1.060306571076319528e+02
1.097637253836707600e+02
1.135770573998215980e+02
1.174628366757654163e+02
1.214141078618415577e+02
4.084172596608905224e+02
4.111245473379500481e+02
4.138699043103337090e+02
4.166525785432178850e+02
4.194718278631427211e+02
4.223269202824902209e+02
4.252171342852192879e+02
4.281417590757571929e+02
4.311000947929441622e+02
4.340914526909153892e+02
4.371151552887974390e+02
4.401705364910533262e+02
4.432569416802863884e+02
4.463737277842606090e+02
4.495202633188569621e+02
4.526959284086259458e+02
4.559001147865382109e+02
4.591322257744877220e+02
4.623916762460234509e+02
4.656778925727351748e+02
4.689903125556563168e+02
4.723283853429643955e+02
4.756915713352237844e+02
4.790793420793265227e+02
4.824911801522346764e+02
4.859265790355679542e+02
4.893850429820168983e+02
4.928660868745018320e+02
2.803087070518688506e+02
2.828258279799844672e+02
2.854016081654858112e+02
2.880344744364097096e+02
2.907228763553452495e+02
2.934652881752184612e+02
2.962602105404781128e+02
2.991061719476950884e+02
3.020017299801567674e+02
3.049454723313384648e+02
3.079360176322346092e+02
3.109720160974475789e+02
3.140521500046618257e+02
3.171751340217765005e+02
3.203397153954595069e+02
3.235446740143464126e+02
3.267888223594630972e+02
3.300710053537774229e+02
3.333901001221051956e+02
3.367450156718625180e+02
3.401346925044536533e+02
3.435581021663653587e+02
3.470142467483519226e+02
3.505021583404076750e+02
4.262507418768256002e+02
4.287754154348717179e+02
4.313388669091735892e+02
4.339404096187213327e+02
4.365793631594762019e+02
4.392550538032938334e+02
4.419668148638168077e+02
4.447139870304250735e+02
4.474959186713877557e+02
4.503119661073948237e+02
4.531614938566717683e+02
4.560438748528991937e+02
4.589584906371766237e+02
4.619047315252563521e+02
4.648819967512865787e+02
4.678896945892834651e+02
4.709272424535333812e+02
4.739940669791183723e+02
4.770896040837239980e+02
4.802132990118626026e+02
4.833646063626249543e+02
4.865429901020206103e+02
4.897479235609536090e+02
4.929788894198335356e+02
3.120554784017181049e+01
2.656849694487483049e+01
2.200151180592606437e+01
1.755934799167737737e+01
1.336703335366854439e+01
9.752290417126069144e+00
7.590749319025990260e+00
8.137229957648040468e+00
1.099510286336542997e+01
1.488800900266568839e+01
1.919625215116334616e+01
2.369434849674567545e+01
2.829188901527722066e+01
3.294727009297179166e+01
3.763903596039380517e+01
4.235509719145876062e+01
4.708815462962746068e+01
5.183355267172905201e+01
5.658818689483978659e+01
6.134990999399614964e+01
6.611719044704686610e+01
7.088890713187730341e+01
7.566422080949564588e+01
8.044249095359302260e+01
5.282601753962404700e+02
5.251142356142422614e+02
5.219933252963725181e+02
5.188978955333257090e+02
5.158284045111059868e+02
5.127853174954275346e+02
5.097691068059639861e+02
5.067802517798177178e+02
5.038192387235567935e+02
5.008865608531679641e+02
4.979827182212430898e+02
4.951082176307153873e+02
4.922635725344454727e+02
4.894493029199591660e+02
4.866659351786180423e+02
4.839140019585168488e+02
4.811940420003933809e+02
4.785065999558430008e+02
4.758522261871406158e+02
4.732314765479816856e+02
4.706449121444704815e+02
4.680930990757046288e+02
4.655766081533412262e+02
4.630960145995435369e+02
4.606518977227585196e+02
4.582448405708237829e+02
4.558754295609295468e+02
4.535442540860495342e+02
3.527705214883243912e+02
3.555180597332109187e+02
3.583090096128162259e+02
3.611423652295384841e+02
3.640171369469411502e+02
3.669323518925069152e+02
3.698870543829323765e+02
3.728803062767130996e+02
3.759111872587193943e+02
3.789787950613879843e+02
3.820822456270565226e+02
3.852206732158309137e+02
3.883932304632425598e+02
3.915990883917903034e+02
3.948374363802861922e+02
3.981074820947584954e+02
4.014084513844652520e+02
4.047395881464015588e+02
4.081001541614841130e+02
4.114894289054165597e+02
4.149067093370484258e+02
4.183513096668622211e+02
4.218225611080491717e+02
4.253198116124560784e+02
8.375984398263312869e+01
8.405789232470213790e+01
8.462780977824755269e+01
8.546415835954347529e+01
8.655921622525691816e+01
8.790331597199320868e+01
8.948523689892316213e+01
9.129261759969855916e+01
9.331235876147300701e+01
9.553099263502421934e+01
9.793500354573542666e+01
1.005110915138919268e+02
1.032463775147662659e+02
1.061285536505746592e+02
1.091459844889073025e+02
1.122877672891502243e+02
1.155437591595329963e+02
1.189045787444315039e+02
1.223615891622505245e+02
1.259068678466378088e+02
1.295331678557501220e+02
1.332338742065862505e+02
1.370029579146447531e+02
1.408349296902570700e+02
1.256514652544485671e+02
1.270955165203298236e+02
1.287027215357110776e+02
1.304670515248187996e+02
1.323822250448482976e+02
1.344417964513098127e+02
1.366392370035007104e+02
1.389680073073872961e+02
1.414216203801557867e+02
1.439936951273144814e+02
1.466780004329881706e+02
1.494684903729680059e+02
1.523593312734462870e+02
1.553449214675910071e+02
1.584199046616292037e+02
1.615791778272890156e+02
1.648178945028404030e+02
1.681314643234466644e+02
1.715155495237536343e+02
1.749660590700096634e+02
1.784791409917568217e+02
1.820511733986970739e+02
1.856787545895530798e+02
1.893586925882956393e+02
4.857800058193538462e+01
4.541961831995931931e+01
4.256947709233252652e+01
4.009336790677689066e+01
3.806435463303223088e+01
3.655695918827561997e+01
3.563743423720533343e+01
3.535168326667004379e+01
3.571492253548427698e+01
3.670789178066193159e+01
3.828162020673177324e+01
4.036824402528331746e+01
4.289297626551334019e+01
4.578339612845595497e+01
4.897479988423980046e+01
5.241223573098351096e+01
5.605045678896658501e+01
5.985285985403447029e+01
6.379009238716477626e+01
6.783868307510502405e+01
7.197984432685306899e+01
7.619848517714069658e+01
8.048242314821963816e+01
8.482176559854215725e+01
8.920842811002091821e+01
9.363576062442865577e+01
9.809825705256966444e+01
1.025913290914564442e+02
4.299564178039819495e+01
3.865945455832522271e+01
3.444635625801272028e+01
3.040755307695989984e+01
2.662248813483886423e+01
2.321560259989779240e+01
2.037746908333030049e+01
1.837356726806518026e+01
1.749298032901466371e+01
1.790224508104017431e+01
1.952039961681367330e+01
2.208327874131008173e+01
2.530545291913659511e+01
2.896774440012808682e+01
3.292360819126803051e+01
3.707920173279465104e+01
4.137438653862645310e+01
4.576988014438354924e+01
5.023936079470507110e+01
5.476471643394490485e+01
5.933316339164367292e+01
6.393546495715777667e+01
6.856480394397038935e+01
7.321605172157894970e+01
1.323051309835231564e+02
1.291477302887590213e+02
1.260937894367493044e+02
1.231510049470985990e+02
1.203275319323564929e+02
1.176319614132402478e+02
1.150732813525801959e+02
1.126608183594839403e+02
1.104041572075968105e+02
1.083130358410890892e+02
1.063972144951550831e+02
1.046663189942755565e+02
1.031296602182701889e+02
1.017960340681183737e+02
1.006735088402782736e+02
9.976920943718526757e+01
9.908910991917103672e+01
9.863784712036554936e+01
9.841856804030430794e+01
9.843282226704987181e+01
9.868050780422673540e+01
9.915987465120240074e+01
9.986758584643614256e+01
1.007988310863460129e+02
3.137548501104959087e+02
3.108765820147995669e+02
3.080459510592484662e+02
3.052642817823140717e+02
3.025329240874526704e+02
2.998532521844765597e+02
2.972266633479115399e+02
2.946545764811189656e+02
2.921384304754058689e+02
2.896796823539507955e+02
2.872798051912308210e+02
2.849402857997214937e+02
2.826626221770010261e+02
2.804483207080002671e+02
2.782988931190760127e+02
2.762158531827907382e+02
2.742007131747920425e+02
2.722549800869961700e+02
2.703801516043669722e+02
2.685777118559112182e+02
2.668491269540861595e+02
2.651958403405615741e+02
2.636192679601379609e+02
2.621207932885563423e+02
2.195893379639970533e+02
2.165986924719094020e+02
2.136737487521114645e+02
2.108172408827787763e+02
2.080319873322497699e+02
2.053208872358485451e+02
2.026869155333870935e+02
2.001331168540743590e+02
1.976625980397078024e+02
1.952785192052054697e+02
1.929840832483478721e+02
1.907825237387384618e+02
1.886770911399326565e+02
1.866710373488018604e+02
1.847675985726305612e+02
1.829699766069884106e+02
1.812813186255216920e+02
1.797046956454493056e+02
1.782430798882493832e+02
1.768993213117947221e+02
1.756761236455742221e+02
1.745760203118271647e+02
1.736013506593197917e+02
1.727542369699640403e+02
1.720365627185774997e+02
1.714499525702073299e+02
1.709957545857745913e+02
1.706750250743360766e+02
1.606660352008526615e+01
1.356864451200810784e+01
1.249678970838366787e+01
1.320305595948688016e+01
1.544541793594081014e+01
1.867861126379481718e+01
2.247908932912142532e+01
2.660484485423945600e+01
3.092596766393700136e+01
3.537092866651874346e+01
3.989836017608133290e+01
4.448308829615356785e+01
4.910906852806295575e+01
5.376565413465165477e+01
5.844553037107471738e+01
6.314351903696196899e+01
6.785585832817827168e+01
7.257975321103766930e+01
7.731308565043961778e+01
8.205422253147388290e+01
8.680188511288970687e+01
9.155505829721872146e+01
9.631292629849696141e+01
1.010748261977530404e+02
2.626165734455933602e+02
2.643013305287967114e+02
2.660623892093633458e+02
2.678982455096286230e+02
2.698073733359022413e+02
2.717882293818303197e+02
2.738392578138651174e+02
2.759588947206296439e+02
2.781455723120818107e+02
2.803977228582828616e+02
2.827137823611968201e+02
2.850921939562873035e+02
2.875314110436609099e+02
2.900299001511756387e+02
2.925861435342508230e+02
2.951986415191096853e+02
2.978659145978390370e+02
3.005865052850169263e+02
3.033589797467256517e+02
3.061819292135804744e+02
3.090539711899668873e+02
3.119737504720451966e+02
3.149399399872335152e+02
3.179512414679058452e+02
2.740645958640124036e+02
2.762840385420908547e+02
2.785688743384089321e+02
2.809175083430283166e+02
2.833283547047825550e+02
2.857998397553549808e+02
2.883304048527957661e+02
2.909185089506990494e+02
2.935626309012099000e+02
2.962612715016467178e+02
2.990129552958186423e+02
3.018162321420987269e+02
3.046696785610485563e+02
3.075718988758498540e+02
3.105215261590698219e+02
3.135172229993484052e+02
3.165576821015142173e+02
3.196416267333972314e+02
3.227678110322664224e+02
3.259350201833967731e+02
3.291420704827550026e+02
3.323878092952338079e+02
3.356711149192814219e+02
3.389908963681268688e+02
1.205587488416500008e+02
1.213565402751706728e+02
1.223380178433143044e+02
1.234988030165195454e+02
1.248338947349219268e+02
1.263377678728437559e+02
1.280044745002996081e+02
1.298277442372028077e+02
1.318010805403770860e+02
1.339178504197631980e+02
1.361713657746969091e+02
1.385549552121110537e+02
1.410620258108155838e+02
1.436861148015806862e+02
1.464209315295105114e+02
1.492603903533034497e+02
1.521986353247194756e+02
1.552300575951954613e+02
1.583493065317770743e+02
1.615512955080475876e+02
1.648312032827966505e+02
1.681844718028345937e+02
1.716068011771725708e+02
1.750941424757477307e+02
1.786426889128305220e+02
1.822488658870945528e+02
1.859093202694715501e+02
1.896209092576482078e+02
1.311473853082093513e+02
1.342731321125625641e+02
1.374957558136733269e+02
1.408086056062224145e+02
1.442054638565674338e+02
1.476805342862454040e+02
1.512284258187296473e+02
1.548441334734690997e+02
1.585230174223031838e+02
1.622607810861967153e+02
1.660534489473255348e+02
1.698973445821362134e+02
1.737890692825567385e+02
1.777254815215025872e+02
1.817036774313507976e+02
1.857209723963534032e+02
1.897748838085302907e+02
1.938631149982954298e+02
1.979835403232659417e+02
2.021341913791331422e+02
2.063132442832932156e+02
2.105190079736175051e+02
2.147499134601212063e+02
2.190045039653618915e+02
5.778907276671998261e+01
5.855097287162600850e+01
5.969078983202133060e+01
6.118740823227693681e+01
6.301541180754683324e+01
6.514691153392448086e+01
6.755318565018481536e+01
7.020598725143132413e+01
7.307847452398885935e+01
7.614579018168556956e+01
7.938535449866300553e+01
8.277694709117524496e+01
8.630264674969293992e+01
8.994668530983061316e+01
9.369525679806307039e+01
9.753631000934232986e+01
1.014593423920117345e+02
1.054552056568615370e+02
1.095159284432731113e+02
1.136345580978934464e+02
1.178050216291421606e+02
1.220220047780711923e+02
1.262808475861355362e+02
1.305774546292893490e+02
3.148785701855076979e+01
2.728085363617188008e+01
2.330388070861328842e+01
1.969677031623408325e+01
1.670091816171673926e+01
1.469505199565891829e+01
1.410795502348338637e+01
1.510596469081683857e+01
1.741872130698687116e+01
2.060823666792554221e+01
2.433213603305803119e+01
2.838084041194152718e+01
3.263368149816938057e+01
3.702037296153914525e+01
4.149848929297753131e+01
4.604136117241098702e+01
5.063156091833450034e+01
5.525729501257811194e+01
5.991033285302063405e+01
6.458477314778593836e+01
6.927628339985828632e+01
7.398161602088860889e+01
7.869829155166117118e+01
8.342438589467934662e+01
1.385616699924318880e+02
1.354202772469946865e+02
1.323780189640162632e+02
1.294418845332531305e+02
1.266192561346603185e+02
1.239178897353785374e+02
1.213458834162207722e+02
1.189116307759721423e+02
1.166237572886069813e+02
1.144910378366908787e+02
1.125222942694241226e+02
1.107262727776094948e+02
1.091115021527166675e+02
1.076861355697178482e+02
1.064577803090730157e+02
1.054333216494860324e+02
1.046187487947268835e+02
1.040189918817664534e+02
1.036377795953531660e+02
1.034775264883010806e+02
1.035392576962710507e+02
1.038225764153845319e+02
1.043256765177401206e+02
1.050453993797474936e+02
1.059773308182214322e+02
1.071159313723080402e+02
1.084546913362818685e+02
1.099863010872009141e+02
1.606649258659786028e+02
1.628498133482721073e+02
1.651458148337250407e+02
1.675483631221867995e+02
1.700529430007719327e+02
1.726551149068787652e+02
1.753505348056519892e+02
1.781349704936478417e+02
1.810043145934849349e+02
1.839545945376780196e+02
1.869819798566793452e+02
1.900827870895613216e+02
1.932534826287416081e+02
1.964906837954720515e+02
1.997911584228414767e+02
2.031518231997856958e+02
2.065697410046824416e+02
2.100421174317609143e+02
2.135662966887461209e+02
2.171397570204881333e+02
2.207601057913073817e+02
2.244250743385919691e+02
2.281325126920129946e+02
2.318803842365319383e+02
2.234704244465081615e+02
2.252614725823874835e+02
2.271403621029537021e+02
2.291049325940514052e+02
2.311530001861190442e+02
2.332823664595121045e+02
2.354908267687603427e+02
2.377761779567957774e+02
2.401362254420735951e+02
2.425687896722167238e+02
2.450717119472355137e+02
2.476428596234630106e+02
2.502801307161396949e+02
2.529814579241072181e+02
2.557448121043907179e+02
2.585682052277019238e+02
2.614496928481318605e+02
2.643873761216895559e+02
2.673794034089665388e+02
2.704239714971859030e+02
2.735193264763578895e+02
2.766637643032780147e+02
2.798556310858072038e+02
2.830933231182929717e+02
9.382513748017915134e+01
9.556908305578338059e+01
9.751884417652129855e+01
9.966234276476123455e+01
1.019873647315585714e+02
1.044817931920755143e+02
1.071337964247574774e+02
1.099319716333022541e+02
1.128654482086740387e+02
1.159239557227511312e+02
1.190978625214358289e+02
1.223781907680822485e+02
1.257566133495836311e+02
1.292254373880329013e+02
1.327775783417412754e+02
1.364065279251437346e+02
1.401063183841358750e+02
1.438714850598834971e+02
1.476970286690959426e+02
1.515783783193741954e+02
1.555113559552010543e+02
1.594921426813277776e+02
1.635172472230298979e+02
1.675834766450679183e+02
1.206821933003318463e+02
1.180596000724675463e+02
1.155764111784555439e+02
1.132417969540175164e+02
1.110651263035029075e+02
1.090558562052006977e+02
1.072233971373547377e+02
1.055769552697131815e+02
1.041253541802626899e+02
1.028768410766302281e+02
1.018388848249026069e+02
1.010179752224494649e+02
1.004194345416953382e+02
1.000472530625530680e+02
9.990395982397755859e+01
9.999053804148493896e+01
1.003063916573311616e+02
1.008493656414279087e+02
1.016158184502441486e+02
1.026007410611533714e+02
1.037979137670627097e+02
1.052000898195516640e+02
1.067991942055253105e+02
1.085865262640607511e+02
1.105529562504761287e+02
1.126891079888365681e+02
1.149855220610214985e+02
1.174327962483054080e+02
1.231358675437138572e+01
1.314409697152972889e+01
1.549112102542389735e+01
1.879486721332785493e+01
2.264031518717633418e+01
2.679524812756775631e+01
3.113601389194219138e+01
3.559469010610632012e+01
4.013199602342130845e+01
4.472400650762541829e+01
4.935545457743953079e+01
5.401619657428364008e+01
5.869925482378436499e+01
6.339968407355334534e+01
6.811388796224446196e+01
7.283919181223883754e+01
7.757356702022319439e+01
8.231544818359685678e+01
8.706360869202488573e+01
9.181707418647037855e+01
9.657506114599455316e+01
1.013369325162786652e+02
1.061021651260113146e+02
1.108703254041774215e+02
8.389910544253278601e+01
8.091850198819074080e+01
7.811878865095185631e+01
7.552008557322116644e+01
7.314382010414469448e+01
7.101232515683307156e+01
6.914823887155439763e+01
6.757369431235110824e+01
6.630931981525290553e+01
6.537311397291486514e+01
6.477930586338300145e+01
6.453734657625022919e+01
6.465118583956333964e+01
6.511895687488868134e+01
6.593312626125552356e+01
6.708108157607780697e+01
6.854605412990837010e+01
7.030822941628501610e+01
7.234589246239791294e+01
7.463648252478930090e+01
7.715747607715472611e+01
7.988706288611859918e+01
8.280461651599867423e+01
8.589098381016431460e+01
3.661395878806406756e+01
3.385751394126388192e+01
3.159307592205571780e+01
2.993251613141674028e+01
2.897982803048741118e+01
2.880533167123789795e+01
2.942287503716828212e+01
3.078482927602402341e+01
3.279858988906220674e+01
3.535294728540146991e+01
3.834000277351325536e+01
4.166680021921428789e+01
4.525848112174756466e+01
4.905689940031074769e+01
5.301763841268900279e+01
5.710693365235842123e+01
6.129906188739477813e+01
6.557430348690094490e+01
6.991741329909706337e+01
7.431649308186790392e+01
7.876216479558613059e+01
8.324696391003178064e+01
8.776489203432132058e+01
9.231108471881682931e+01
4.114815773780714636e+01
4.203239463702719547e+01
4.343281124759611345e+01
4.530156322214739362e+01
4.758350421912685846e+01
5.022234447380306221e+01
5.316496706274519823e+01
5.636381328644967681e+01
5.977776442023083092e+01
6.337206634529538007e+01
6.711775119877027862e+01
7.099086119923626370e+01
7.497165058041723285e+01
7.904385257678947596e+01
8.319404512609848723e+01
8.741112048735142537e+01
9.168585060789479257e+01
9.601053506879665633e+01
1.003787176674072157e+02
1.047849588342573668e+02
1.092246529053922472e+02
1.136938811844418353e+02
1.181892934714117729e+02
1.227080122185742823e+02
1.272475546902508370e+02
1.318057694792098573e+02
1.363807845053906362e+02
1.409709642303815258e+02
7.915089871710523539e+01
8.027740551991831808e+01
8.167158540136898637e+01
8.332000336614629532e+01
8.520790603659179396e+01
8.731976207457611849e+01
8.963974491753499763e+01
9.215213738974466651e+01
9.484165029941237890e+01
9.769365690123029822e+01
1.006943515687520261e+02
1.038308444463743569e+02
1.070912049095860681e+02
1.104644661273980262e+02
1.139406015787590150e+02
1.175104825452454236e+02
1.211658237309681851e+02
1.248991224471856611e+02
1.287035953369839945e+02
1.325731154293451084e+02
1.365021513871188290e+02
1.404857101160422133e+02
1.445192833918362112e+02
1.485987988004248166e+02
7.650634731108850417e+01
7.475025651153457318e+01
7.326635575272584333e+01
7.207145886943250446e+01
7.118012107933286359e+01
7.060383939764113848e+01
7.035035591628282248e+01
7.042315561647015443e+01
7.082123153074336130e+01
7.153915313826348665e+01
7.256742742545077363e+01
7.389309843474477191e+01
7.550050156570554805e+01
7.737207912938285403e+01
7.948917257180093543e+01
8.183272817859507597e+01
8.438387906000950522e+01
8.712439020560779568e+01
9.003697157790439576e+01
9.310547551105683795e+01
9.631499988870243101e+01
9.965191933586389439e+01
1.031038647020146612e+02
1.066596678462116898e+02
2.074173396317290852e+01
1.652660261242862205e+01
1.273202886583779581e+01
9.856338678161471023e+00
8.846306634008836767e+00
1.026809293789224675e+01
1.336701808048145423e+01
1.726231285136574911e+01
2.152590378783658664e+01
2.597707492043935318e+01
3.053390064860339592e+01
3.515531988434578636e+01
3.981884833145586811e+01
4.451125212196711800e+01
4.922427390953544801e+01
5.395251048233201630e+01
5.869228463879795044e+01
6.344101024942639100e+01
6.819681719434164791e+01
7.295832049132773989e+01
7.772447305451579780e+01
8.249446885712475819e+01
8.726767750717819183e+01
9.204359898532173645e+01
1.236464361918686450e+02
1.212091576722816910e+02
1.189150891842822517e+02
1.167726707404525683e+02
1.147903930811839217e+02
1.129766853026088995e+02
1.113397849655142977e+02
1.098875929071383126e+02
1.086275165222474612e+02
1.075663068775668307e+02
1.067098964897706992e+02
1.060632457119188103e+02
1.056302062144695952e+02
1.054134098350617421e+02
1.054141900154544516e+02
1.056325411781610342e+02
1.060671188897273538e+02
1.067152807992123797e+02
1.075731654834716977e+02
1.086358038292592880e+02
1.098972557221651272e+02
1.113507637632250749e+02
1.129889155285104181e+02
1.148038064334988348e+02
1.167871963823842520e+02
1.189306548504772110e+02
1.212256906457824783e+02
1.236638641393670781e+02
1.114708054957000058e+02
1.099548909488264741e+02
1.086293312773496922e+02
1.075011676148177173e+02
1.065766680232398329e+02
1.058611677946325358e+02
1.053589242783480557e+02
1.050729948530616014e+02
1.050051458660407775e+02
1.051557987057691861e+02
1.055240167879095452e+02
1.061075343809554141e+02
1.069028252274168409e+02
1.079052062025449175e+02
1.091089691192085382e+02
1.105075324500638203e+02
1.120936042732370765e+02
1.138593480962347826e+02
1.157965442109236278e+02
1.178967406583329733e+02
1.201513895039651061e+02
1.225519657389126280e+02
1.250900675774714585e+02
1.277574981251479187e+02
4.747247500534658826e+01
4.783958739577160912e+01
4.868030568904843847e+01
4.997073213617366605e+01
5.167718948765613618e+01
5.376007585927045795e+01
5.617753699735257555e+01
5.888838336869178391e+01
6.185405334696613266e+01
6.503969850576204692e+01
6.841459751275982626e+01
7.195212495573807132e+01
7.562946407076756827e+01
7.942719847046294035e+01
8.332886895924808357e+01
8.732054467527213149e+01
9.139043313061316098e+01
9.552853859822518245e+01
9.972636976315300217e+01
1.039766932137228537e+02
1.082733274977405102e+02
1.126109720061127319e+02
1.169850651968244790e+02
1.213916672431392954e+02
1.644742511428360032e+01
2.046279732928477912e+01
2.475879616451992860e+01
2.921187278615387584e+01
3.375992632587368547e+01
3.836919736256302826e+01
4.302001312934527988e+01
4.770022295749180330e+01
5.240195130890958808e+01
5.711988439885654145e+01
6.185031381343915768e+01
6.659057624920720286e+01
7.133871137375271587e+01
7.609324523776085414e+01
8.085304880483634804e+01
8.561724297435452513e+01
9.038513325361419959e+01
9.515616384573057474e+01
9.992988475606351528e+01
1.047059278148304600e+02
1.094839889240984832e+02
1.142638147258666379e+02
1.190451924602105009e+02
1.238279421585613704e+02
2.410211978580590824e+02
2.391438224721851498e+02
2.373479082924238526e+02
2.356353173053483090e+02
2.340078783077244680e+02
2.324673790583770767e+02
2.310155581754328864e+02
2.296540968423455524e+02
2.283846103947957147e+02
2.272086398686680013e+02
2.261276435964630309e+02
2.251429889454817328e+02
2.242559442955557643e+02
2.234676713567805564e+02
2.227792179283518692e+02
2.221915111980920017e+02
2.217053516783948339e+02
2.213214078681562000e+02
2.210402117217603575e+02
2.208621549955699663e+02
2.207874865297821998e+02
2.208163105093255467e+02
2.209485857320034086e+02
2.211841258958255878e+02
2.215226009008448216e+02
2.219635391443227093e+02
2.225063307721926833e+02
2.231502318349776317e+02
1.810307043206056790e+02
1.800615354351158715e+02
1.792148864428291404e+02
1.784925001502649877e+02
1.778958896890597998e+02
1.774263231882448792e+02
1.770848106034656553e+02
1.768720930141374481e+02
1.767886346486300226e+02
1.768346178355047869e+02
1.770099410080175630e+02
1.773142198125629534e+02
1.777467912929061242e+02
1.783067210444831119e+02
1.789928131602774783e+02
1.798036227249161811e+02
1.807374705593319959e+02
1.817924598764442976e+02
1.829664944800262845e+02
1.842572981244419736e+02
1.856624346518722177e+02
1.871793285348025506e+02
1.888052854733216748e+02
1.905375127270992834e+02
7.826417433053497064e+01
7.572748644270134832e+01
7.341654998883008432e+01
7.135330219750531455e+01
6.955978645063311205e+01
6.805733025923173329e+01
6.686555605086196863e+01
6.600129514035614875e+01
6.547751706080464373e+01
6.530241451192139834e+01
6.547878415984776268e+01
6.600380787374668046e+01
6.686927311912394600e+01
6.806219350405051216e+01
6.956572469456641272e+01
7.136023539932284621e+01
7.342439322656053946e+01
7.573615337695476057e+01
7.827357996441803323e+01
8.101547134208843204e+01
8.394179325947715142e+01
8.703394391691571741e+01
9.027488413952529811e+01
9.364916704060939878e+01
1.054506394264028444e+02
1.060792754399777778e+02
1.069207821769458349e+02
1.079701830982993727e+02
1.092214866198525414e+02
1.106678448955585736e+02
1.123017222870978884e+02
1.141150650413733700e+02
1.160994648557641682e+02
1.182463105631540401e+02
1.205469238744351088e+02
1.229926767721198786e+02
1.255750896092190771e+02
1.282859101491406761e+02
1.311171746564557736e+02
1.340612527275685579e+02
1.371108778733176621e+02
1.402591659836000417e+02
1.434996237707137254e+02
1.468261491523562370e+02
1.502330253381627472e+02
1.537149101572754546e+02
1.572668219318785532e+02
1.608841229783847950e+02
9.526134570508232002e+01
9.463533476894789942e+01
9.425082926455075949e+01
9.411079002979832353e+01
9.421630781247711184e+01
9.456656127134642986e+01
9.515884865401356763e+01
9.598869034398823885e+01
9.704999338494671690e+01
9.833526435871500837e+01
9.983585421452640674e+01
1.015422179997070202e+02
1.034441737020492411e+02
1.055311470726068990e+02
1.077923927235851522e+02
1.102171853887182777e+02
1.127949785260734643e+02
1.155155301451895724e+02
1.183689977309717278e+02
1.213460054263003656e+02
1.244376873178347438e+02
1.276357108777818041e+02
1.309322844871106497e+02
1.343201526266368546e+02
1.377925818710983776e+02
1.413433403307192577e+02
1.449666727038529643e+02
1.486572726626633880e+02
2.086567371141307490e+02
2.078785104582371446e+02
2.072076701592128245e+02
2.066452614610832654e+02
2.061921710378319403e+02
2.058491201409453311e+02
2.056166589324461142e+02
2.054951621056987392e+02
2.054848258744970622e+02
2.055856663865218081e+02
2.057975195909506283e+02
2.061200425627247057e+02
2.065527162585929943e+02
2.070948496535170875e+02
2.077455851811937464e+02
2.085039053801351940e+02
2.093686406275872969e+02
2.103384778280851322e+02
2.114119699119434017e+02
2.125875459916483123e+02
2.138635220208800547e+02
2.152381118015762240e+02
2.167094381887542340e+02
2.182755443502334742e+02
7.776267532968756768e+01
7.778363130858676300e+01
7.810107617356952403e+01
7.871142335469838258e+01
7.960793673476780441e+01
8.078108975483942800e+01
8.221904198937396302e+01
8.390818128750727567e+01
8.583367992145204539e+01
8.798002109733860721e+01
9.033146448691587693e+01
9.287243282166744507e+01
9.558781351787163771e+01
9.846317836839793358e+01
1.014849301790165299e+02
1.046403881857930571e+02
1.079178248511818055e+02
1.113064659478630603e+02
1.147964643481973752e+02
1.183788561246355755e+02
1.220455057470800284e+02
1.257890455150639042e+02
1.296028129659336798e+02
1.334807888726572855e+02
9.019473851686652210e+01
9.174165269334496031e+01
9.351050235857205450e+01
9.548895528699918600e+01
9.766427451544258531e+01
1.000236169123422343e+02
1.025542828702012912e+02
1.052439147003164663e+02
1.080806456214677667e+02
1.110532041005173909e+02
1.141509798688236543e+02
1.173640584781504117e+02
1.206832310794430896e+02
1.240999854849409871e+02
1.276064837287642604e+02
1.311955304303751007e+02
1.348605353895447934e+02
1.385954730568381592e+02
1.423948408546872599e+02
1.462536177750615707e+02
1.501672242427367507e+02
1.541314838945184533e+02
1.581425876687548850e+02
1.621970604105640348e+02
1.351273208326072393e+02
1.347002792899438646e+02
1.344443236041476268e+02
1.343604321095666876e+02
1.344489274635469656e+02
1.347094704874585602e+02
1.351410666476739664e+02
1.357420848898551924e+02
1.365102880035085207e+02
1.374428732212170985e+02
1.385365213819298162e+02
1.397874527325145380e+02
1.411914873157585646e+02
1.427441078926432567e+02
1.444405234575501993e+02
1.462757316048192422e+02
1.482445782672662915e+02
1.503418136446273650e+02
1.525621434473146110e+02
1.549002748773962423e+02
1.573509570385729432e+02
1.599090156998331054e+02
1.625693825281477416e+02
1.653271190529230523e+02
1.681774357310501387e+02
1.711157065505653634e+02
1.741374796485266927e+02
1.772384844307540845e+02
2.651153338925122682e+01
2.945386178200782723e+01
3.283649605353947720e+01
3.653734893867225964e+01
4.046921203055654814e+01
4.457099057935438680e+01
4.879985722872287113e+01
5.312547105625139920e+01
5.752601139610687397e+01
6.198552216381422397e+01
6.649213894243837331e+01
7.103689667166821664e+01
7.561291788263650915e+01
8.021485196122166883e+01
8.483848188272639845e+01
8.948044419823705198e+01
9.413802671940591438e+01
9.880902028941726201e+01
1.034916087419732804e+02
1.081842861939342981e+02
1.128857941584064832e+02
1.175950732081182224e+02
1.223112254448627567e+02
1.270334850823819437e+02
7.966138667536291962e+01
7.755059614765244191e+01
7.568483085614849415e+01
7.408260552700946278e+01
7.276133148109444448e+01
7.173653398232313805e+01
7.102104773167451413e+01
7.062427365245970634e+01
7.055158864806995211e+01
7.080399030716091602e+01
7.137802954734370076e+01
7.226604154109176648e+01
7.345663985471080082e+01
7.493540256667003518e+01
7.668566055652030400e+01
7.868929905692235138e+01
8.092749980710811997e+01
8.338137540208646215e+01
8.603247243335279393e+01
8.886314073040952621e+01
9.185678022204201909e+01
9.499798468567442455e+01
9.827260425865917171e+01
1.016677477557750251e+02
7.326341662571176983e+01
7.340781836228561019e+01
7.386551508644748765e+01
7.463074335380431990e+01
7.569417724808539560e+01
7.704346976146983650e+01
7.866391300320131563e+01
8.053914240871105790e+01
8.265181816499485024e+01
8.498423398001455098e+01
8.751882342311807861e+01
9.023855264933649778e+01
9.312720262787429704e+01
9.616955317453225405e+01
9.935148562963512120e+01
1.026600220691766623e+02
1.060833177447409952e+02
1.096106210853573657e+02
1.132322128301708943e+02
1.169393331724427014e+02
1.207241034328490201e+02
1.245794468380696713e+02
1.284990114612854200e+02
1.324770972388444363e+02
4.364559010749249524e+01
4.111355301671549967e+01
3.901107408600580584e+01
3.741064764497545525e+01
3.637859603511786588e+01
3.596388488802904959e+01
3.618774507251778516e+01
3.703860033657574036e+01
3.847487637799460458e+01
4.043423691877509896e+01
4.284497813036115588e+01
4.563562254319104738e+01
4.874096039293911531e+01
5.210475695437388310e+01
5.568018943394924491e+01
5.942907227092244682e+01
6.332060579638346098e+01
6.733005992819158791e+01
7.143758251475138366e+01
7.562719618704429081e+01
7.988598624452846764e+01
8.420345708124992257e+01
8.857102778485844397e+01
9.298163868517373487e+01
9.742944467861210001e+01
1.019095757564509483e+02
1.064179493618069898e+02
1.109511226939606416e+02
2.808596956094391217e+01
3.133076341572251877e+01
3.493617954940493320e+01
3.880182226559379899e+01
4.285733370113358376e+01
4.705364564771294766e+01
5.135625535387966067e+01
5.574055290371698135e+01
6.018868987618306221e+01
6.468749811924936921e+01
6.922709948797670165e+01
7.379996647921620934e+01
7.840027837141082045e+01
8.302347306508376334e+01
8.766593027204385180e+01
9.232474415572959003e+01
9.699755779976362646e+01
1.016824410396322094e+02
1.063777991377225760e+02
1.110823036927310739e+02
1.157948397821380553e+02
1.205144650989774533e+02
1.252403780513300404e+02
1.299718926304634010e+02
5.210324320813575838e+01
5.127375608927935957e+01
5.088647977089499364e+01
5.095149928153030316e+01
5.146710089221541296e+01
5.241999094728627284e+01
5.378693380887744269e+01
5.553736493976322919e+01
5.763635531134593037e+01
6.004736404403782757e+01
6.273442723145878119e+01
6.566366404622247899e+01
6.880415105373421625e+01
7.212830001012838466e+01
7.561189177366821923e+01
7.923389910185787244e+01
8.297619807417127902e+01
8.682323555236180823e+01
9.076169419793528448e+01
9.478017810808871957e+01
9.886893002696854182e+01
1.030195837018770391e+02
1.072249507771097967e+02
1.114788394904319091e+02
4.710075347258568002e+01
4.825290406236623397e+01
4.984162464800439807e+01
5.182678191030227310e+01
5.416480434191197446e+01
5.681214321036286918e+01
5.972768228604800811e+01
6.287412202489918656e+01
6.621855576129766519e+01
6.973250097904090694e+01
7.339161298604179251e+01
7.717524574574241569e+01
8.106596527153536158e+01
8.504907582066608995e+01
8.911218886420383001e+01
9.324484635904424579e+01
9.743819953842611881e+01
1.016847392610276870e+02
1.059780717994514561e+02
1.103127334457584823e+02
1.146840376424567864e+02
1.190879490410349320e+02
1.235209796913712808e+02
1.279801033453836538e+02
1.610775512532297853e+02
1.604589656638993915e+02
1.599831219963961928e+02
1.596512970057510472e+02
1.594643901553394016e+02
1.594229115501075285e+02
1.595269750197923315e+02
1.597762965694609250e+02
1.601701982463790159e+02
1.607076173010959792e+02
1.613871203564264931e+02
1.622069221497207252e+02
1.631649082891697731e+02
1.642586613695289941e+02
1.654854897299575782e+02
1.668424581075332753e+02
1.683264194429734744e+02
1.699340471268748729e+02
1.716618670305184366e+02
1.735062887392963091e+02
1.754636354931636788e+02
1.775301724312666636e+02
1.797021328319051463e+02
1.819757421297784106e+02
1.843472395765810177e+02
1.868128974860778442e+02
1.893690380693087434e+02
1.920120479188871343e+02
1.567498525344339555e+01
2.047077524055524123e+01
2.526813222773620282e+01
3.006630594599421613e+01
3.486495900019107097e+01
3.966391721416945870e+01
4.446308157277697148e+01
4.926239161821210644e+01
5.406180833814678977e+01
5.886130542372073648e+01
6.366086448132887909e+01
6.846047225825741123e+01
7.326011895876241908e+01
7.805979718132186918e+01
8.285950122521781225e+01
8.765922662490747541e+01
9.245896982941386000e+01
9.725872797664544578e+01
1.020584987313937972e+02
1.068582801669892177e+02
1.116580706774791878e+02
1.164578689115226524e+02
1.212576737219844034e+02
1.260574841270451003e+02
1.237722344317212730e+02
1.233587863156854354e+02
1.231301303407684742e+02
1.230872960306331123e+02
1.232304768186341875e+02
1.235590256945310017e+02
1.240714697154786279e+02
1.247655426290591407e+02
1.256382339466610460e+02
1.266858520457946611e+02
1.279040983295867875e+02
1.292881491627549906e+02
1.308327422384687679e+02
1.325322641861753254e+02
1.343808365636452322e+02
1.363723978333117373e+02
1.385007794471407578e+02
1.407597747041809839e+02
1.431431995585500090e+02
1.456449450126528120e+02
1.482590211127104567e+02
1.509795928637370537e+02
1.538010085999756313e+02
1.567178214913800218e+02
8.262322813071213545e+01
8.309685898570049289e+01
8.384412376304278780e+01
8.485779411365987812e+01
8.612846459603838412e+01
8.764495824750038366e+01
8.939476571928901194e+01
9.136448295202087877e+01
9.354021894844383667e+01
9.590795387462016208e+01
9.845383659321848313e+01
1.011644184347377404e+02
1.040268258267413444e+02
1.070288781760733201e+02
1.101591593624918488e+02
1.134070517673676335e+02
1.167627413771610634e+02
1.202172015638109173e+02
1.237621619563395257e+02
1.273900675873501598e+02
1.310940323501813225e+02
1.348677898012116430e+02
1.387056435095802271e+02
1.426024184902027514e+02
1.628451932792522712e+02
1.624242523061454904e+02
1.621432834232857942e+02
1.620030146308526753e+02
1.620038111121788234e+02
1.621456704955504051e+02
1.624282228837815865e+02
1.628507356506733288e+02
1.634121228600807001e+02
1.641109590276628580e+02
1.649454968245636906e+02
1.659136882220731479e+02
1.670132085010064600e+02
1.682414825013426594e+02
1.695957124670939606e+02
1.710729068469302661e+02
1.726699094400105423e+02
1.743834283247274186e+02
1.762100640710872312e+02
1.781463368104176368e+02
1.801887118142789177e+02
1.823336233136858482e+02
1.845774963664298411e+02
1.869167666516297857e+02
1.893478981346139562e+02
1.918673986006467658e+02
1.944718331022009750e+02
1.971578354015281889e+02
3.734123251009260258e+01
3.960323859709862404e+01
4.229207889349342508e+01
4.533186452307731429e+01
4.865686512085432014e+01
5.221261998185303810e+01
5.595515549126751864e+01
5.984944228556415879e+01
6.386772758467918720e+01
6.798802888951651369e+01
7.219288100040394340e+01
7.646833722375916409e+01
8.080319082809769782e+01
8.518837478874674218e+01
8.961650087998789616e+01
9.408150571024512487e+01
9.857837812136938282e+01
1.031029483095294808e+02
1.076517237973499590e+02
1.122217610731604083e+02
1.168105645011608971e+02
1.214160061921107001e+02
1.260362620773888409e+02
1.306697605848565047e+02
5.752893662168656874e+01
5.670431798628698772e+01
5.627952815383114427e+01
5.626362422973140553e+01
5.665695078554682595e+01
5.745110352711495239e+01
5.862979708390297162e+01
6.017043726546765470e+01
6.204606802454452463e+01
6.422734799327679411e+01
6.668429013899424262e+01
6.938761798611075449e+01
7.230970316765279904e+01
7.542512500869986525e+01
7.871092975154863325e+01
8.214667437171837605e+01
8.571433032304135224e+01
8.939810620555284970e+01
9.318423156609225089e+01
9.706072980037806985e+01
1.010171972951409884e+02
1.050445983174132323e+02
1.091350801017736813e+02
1.132818094256133747e+02
3.869388618131067403e+01
3.748251412259494231e+01
3.685999256015536218e+01
3.685617145049109666e+01
3.747123985588292072e+01
3.867568176787272449e+01
4.041684036181300144e+01
4.262900030527606532e+01
4.524312523700429267e+01
4.819384918630755976e+01
5.142326118760546905e+01
5.488218676150170694e+01
5.852994927239443257e+01
6.233340491128971905e+01
6.626574983861657131e+01
7.030535983022642199e+01
7.443477265681724475e+01
7.863984253022103132e+01
8.290905818550525908e+01
8.723300187636915837e+01
9.160392371515936816e+01
9.601540784214111568e+01
1.004621105994731494e+02
1.049395547307906469e+02
1.110444686408939958e+02
1.098726364280379357e+02
1.089010460789678376e+02
1.081350954736529957e+02
1.075791773251143439e+02
1.072365583521478811e+02
1.071092856745995903e+02
1.071981265114916795e+02
1.075025452541786279e+02
1.080207194940131075e+02
1.087495938984958315e+02
1.096849682796884196e+02
1.108216140862581369e+02
1.121534120980563500e+02
1.136735034169042677e+02
1.153744459156347375e+02
1.172483690139454922e+02
1.192871208135349406e+02
1.214824030420816854e+02
1.238258907346928765e+02
1.263093349694625260e+02
1.289246481672146558e+02
1.316639724104880713e+02
1.345197319210209344e+02
1.374846712761773802e+02
1.405518811787393929e+02
1.437148136649460071e+02
1.469672885866176273e+02
3.480577655508317747e+01
3.547088548390062357e+01
3.675708508120502671e+01
3.860234251862471666e+01
4.093111717928236004e+01
4.366611754757530406e+01
4.673608082498608951e+01
5.007944325860469803e+01
5.364511136769323940e+01
5.739166534688241228e+01
6.128594013407186480e+01
6.530151284343440921e+01
6.941733644234599865e+01
7.361659796347196050e+01
7.788580260992873150e+01
8.221405494936279013e+01
8.659250092936262888e+01
9.101389660891622668e+01
9.547227490006835637e+01
9.996268742741044377e+01
1.044810037624073686e+02
1.090237544865760384e+02
1.135880078169000882e+02
1.181712720317925971e+02
1.271246497086674410e+01
9.294188045193381598e+00
7.564397957552769114e+00
8.609373975846985161e+00
1.170835341897822346e+01
1.568798168974281637e+01
2.003005245445449489e+01
2.454294653621875710e+01
2.914742572560269807e+01
3.380608807487809031e+01
3.849926882408257711e+01
4.321572321394425842e+01
4.794858357059583653e+01
5.269342914230677621e+01
5.744729001123550205e+01
6.220809915238279331e+01
6.697437459907362722e+01
7.174502667124154698e+01
7.651923652939285603e+01
8.129637712023195206e+01
8.607596023281459452e+01
9.085760014614771762e+01
9.564098811270953604e+01
1.004258740931869909e+02
3.516053976624742461e+01
3.823133541147126380e+01
4.162959140955571513e+01
4.528164259293649252e+01
4.913092517272843196e+01
5.313459147949529182e+01
5.726026665181245789e+01
6.148339412305138296e+01
6.578520825600848809e+01
7.015123461320300180e+01
7.457019506030781031e+01
7.903321076954109969e+01
8.353322041806903542e+01
8.806455286587934950e+01
9.262261079088612803e+01
9.720363438000887868e+01
1.018045231723916544e+02
1.064227004836936459e+02
1.110560092805448988e+02
1.157026314915523955e+02
1.203610249393708216e+02
1.250298736379904199e+02
1.297080483140474598e+02
1.343945748138891929e+02
8.064685237357909386e+01
7.884656114892311507e+01
7.730173574802714143e+01
7.602795033330973240e+01
7.503900885188060954e+01
7.434627897755915171e+01
7.395808454714364188e+01
7.387922614837853530e+01
7.411069116668031143e+01
7.464959291538785635e+01
7.548934740321780623e+01
7.662006312306837685e+01
7.802909204826467260e+01
7.970167467642234271e+01
8.162161029904636678e+01
8.377189350849106120e+01
8.613527464261038347e+01
8.869472037076562287e+01
9.143376705474105393e+01
9.433677177017553106e+01
9.738907347118014002e+01
1.005770803186060931e+02
1.038882997457053676e+02
1.073113265205144842e+02
1.108358018048480886e+02
1.144523536574328944e+02
1.181525269829912475e+02
1.219287087949253987e+02
2.095581644631473068e+02
2.088426282082744194e+02
2.082364318504392884e+02
2.077405326621108941e+02
2.073557220712675928e+02
2.070826194483734071e+02
2.069216671746408736e+02
2.068731270821517683e+02
2.069370783321900547e+02
2.071134167717278274e+02
2.074018557802295959e+02
2.078019285907681990e+02
2.083129920418063818e+02
2.089342316898262482e+02
2.096646681891409116e+02
2.105031648244259657e+02
2.114484360643163825e+02
2.124990569912646663e+02
2.136534734539316958e+02
2.149100127837225784e+02
2.162668949165367565e+02
2.177222437640753583e+02
2.192740986857299674e+02
2.209204259216322725e+02
7.335088534986762276e+00
3.314609486752117196e+00
3.775664694849490743e+00
7.975622065325518761e+00
1.261155596219308705e+01
1.733718627964900350e+01
2.209503547179114591e+01
2.686799260578263926e+01
3.164922301839866492e+01
3.643546966907082663e+01
4.122498521025869422e+01
4.601674873057799431e+01
5.081012400285599284e+01
5.560469397538580694e+01
6.040017390730129421e+01
6.519636276644928330e+01
6.999311457791942814e+01
7.479032078331272260e+01
7.958789897249394585e+01
8.438578545530528174e+01
8.918393022893168620e+01
9.398229348568371222e+01
9.878084313790797921e+01
1.035795530304569496e+02
4.373525554889730671e+01
4.406090682707857553e+01
4.490137826438259339e+01
4.622859886934237039e+01
4.800221093383464677e+01
5.017489875099673924e+01
5.269732414880555638e+01
5.552184042145653109e+01
5.860478497489931016e+01
6.190756114990556824e+01
6.539687040228271542e+01
6.904443779066833997e+01
7.282648758745538942e+01
7.672313433229416546e+01
8.071778304288459083e+01
8.479658443358316333e+01
8.894796231696474820e+01
9.316221479084130408e+01
9.743118331043032754e+01
1.017479808338058547e+02
1.061067697337209665e+02
1.105025808224972934e+02
1.149311659423194811e+02
1.193888777722466870e+02
3.092904640242887737e+01
2.714197265977731988e+01
2.372355525184189773e+01
2.085586496475330875e+01
1.879273201378741476e+01
1.781589454237506587e+01
1.810207367992896366e+01
1.959601225211477171e+01
2.205361580235468821e+01
2.519444160706613900e+01
2.879578862452661525e+01
3.270588056895567775e+01
3.682650430307693057e+01
4.109437690971481771e+01
4.546805240387167402e+01
4.991972882968561009e+01
5.443027100777719340e+01
5.898617626881233633e+01
6.357769314124210069e+01
6.819762895226928379e+01
7.284057623756766020e+01
7.750239922424087524e+01
8.217988545550090862e+01
8.687050460354544157e+01
9.157223832758640469e+01
9.628345815726137857e+01
1.010028364414915103e+02
1.057292804537712385e+02
9.479174825224350798e+01
9.679988154944209100e+01
9.899919787574349073e+01
1.013772551251425114e+02
1.039217834692940983e+02
1.066208648778731742e+02
1.094630671825230763e+02
1.124375373390012669e+02
1.155340598127368423e+02
1.187430864026965054e+02
1.220557435966577202e+02
1.254638229575461708e+02
1.289597592641192421e+02
1.325366003035616984e+02
1.361879714238118311e+02
1.399080372470494638e+02
1.436914623433316081e+02
1.475333721680196959e+02
1.514293151713567624e+02
1.553752266811947322e+02
1.593673949265433976e+02
1.634024293966542984e+02
1.674772316053080203e+02
1.715889682422422595e+02
1.740770737890810551e+02
1.751804794370167713e+02
1.764065415925429932e+02
1.777527221775418695e+02
1.792163144031098341e+02
1.807944668190321522e+02
1.824842072273307849e+02
1.842824660799551850e+02
1.861860990321558518e+02
1.881919083785984697e+02
1.902966631560247777e+02
1.924971177518155514e+02
1.947900289102244358e+02
1.971721710758419022e+02
1.996403500560456621e+02
2.021914150202465521e+02
2.048222688834895280e+02
2.075298771455650240e+02
2.103112752745732621e+02
2.131635747364265114e+02
2.160839677796779768e+02
2.190697310890107303e+02
2.221182284213922458e+02
2.252269123369155750e+02
2.141302644227203444e+01
2.546159070256348755e+01
2.973414122884722843e+01
3.414670337317578230e+01
3.865135415214208336e+01
4.321930839890497822e+01
4.783243308710652286e+01
5.247881731374226888e+01
5.715034934278473600e+01
6.184133018655801095e+01
6.654764688552525342e+01
7.126626101729740981e+01
7.599488170916353624e+01
8.073175044484094087e+01
8.547549574374994563e+01
9.022503274197168821e+01
9.497949235687819680e+01
9.973817038577345784e+01
1.045004903117411885e+02
1.092659757099629871e+02
1.140342294916931536e+02
1.188049180931710680e+02
1.235777592911354077e+02
1.283525127125473375e+02
7.634781926956478060e+01
7.645095272078089010e+01
7.685320084786583550e+01
7.754990940180819337e+01
7.853324192725776243e+01
7.979260247045036181e+01
8.131516722221238069e+01
8.308646777472492317e+01
8.509097209996004096e+01
8.731262015373390284e+01
8.973528537493162105e+01
9.234314776223318688e+01
9.512097625543566437e+01
9.805432671804992140e+01
1.011296668671711387e+02
1.043344416193890112e+02
1.076570923557870714e+02
1.110870423677027361e+02
1.146146588796488288e+02
1.182312000108089904e+02
1.219287531083382419e+02
1.257001692054511750e+02
1.295389969751487911e+02
1.334394184621211252e+02
1.373961880486031077e+02
1.414045755015761756e+02
1.454603135146066393e+02
1.495595498578545062e+02
3.273224838177159057e+01
3.472219913479659681e+01
3.722731864017388403e+01
4.015129517920278346e+01
4.340957110924747298e+01
4.693257211665618200e+01
5.066510516406070508e+01
5.456418716305510941e+01
5.859658036905973688e+01
6.273658419461270341e+01
6.696424269168603871e+01
7.126395736427726035e+01
7.562343838706968313e+01
8.003291958226039071e+01
8.448457221116380822e+01
8.897206627883602437e+01
9.349024062973212779e+01
9.803485325120598759e+01
1.026023908955204860e+02
1.071899227990225825e+02
1.117949873933841047e+02
1.164155038759092378e+02
1.210497026503822298e+02
1.256960702009340309e+02
3.978845360881685167e+01
3.810917003115263668e+01
3.697965635959883457e+01
3.645105608888567872e+01
3.654945104886824225e+01
3.726987581041635167e+01
3.857749749438230680e+01
4.041536081298401939e+01
4.271507788000779726e+01
4.540652796334389052e+01
4.842443701475284001e+01
5.171167983911874444e+01
5.522017721801880441e+01
5.891041091298667709e+01
6.275032628070775331e+01
6.671408219769820391e+01
7.078087626796806830e+01
7.493393408299435521e+01
7.915967938435231588e+01
8.344707012931992551e+01
8.778707463075066642e+01
9.217226096432062832e+01
9.659647582489370166e+01
1.010545931308734708e+02
4.642630616668184551e+00
4.592622843663667354e+00
8.167101068047790235e+00
1.258499439679043341e+01
1.720853897186455583e+01
2.190791461412880636e+01
2.664302541413464098e+01
3.139770762611832566e+01
3.616424245483447919e+01
4.093848985904421056e+01
4.571803347452816979e+01
5.050136938900713091e+01
5.528751310152965459e+01
6.007579332418080043e+01
6.486573670151855708e+01
6.965699991623689868e+01
7.444932792881024852e+01
7.924252732948289690e+01
8.403644878854296962e+01
8.883097517760106143e+01
9.362601333410594862e+01
9.842148822936809438e+01
1.032173387599779772e+02
1.080135146589504558e+02
8.952687200903025655e+01
8.571019584691565285e+01
8.199763794645615178e+01
7.840399027659422870e+01
7.494635992842778194e+01
7.164444262331488744e+01
6.852075284076069295e+01
6.560075532204039916e+01
6.291281858418648909e+01
6.048788716722240366e+01
5.835875551631125546e+01
5.655883914420807912e+01
5.512039821983643861e+01
5.407228839918586516e+01
5.343748202141135550e+01
5.323076755545233851e+01
5.345711120000807881e+01
5.411107860690949423e+01
5.517746692016093135e+01
5.663298322686871700e+01
5.844856366024378502e+01
6.059184955975489117e+01
6.302941905991608706e+01
6.572853911158243534e+01
6.865836983630275370e+01
7.179067003697734606e+01
7.510010966274124655e+01
7.856430612754128617e+01
2.666766602881899217e+01
3.016941306777324527e+01
3.398911229865823458e+01
3.803108226484631871e+01
4.223155063976818013e+01
4.654762830163385701e+01
5.094994309221723228e+01
5.541794707943748932e+01
5.993695152080842092e+01
6.449623695188466854e+01
6.908782894760614113e+01
7.370568986594790317e+01
7.834517461937456062e+01
8.300265709197194042e+01
8.767526894099428603e+01
9.236071379719365382e+01
9.705713295822134512e+01
1.017630068460116632e+02
1.064770816994517872e+02
1.111983143383302632e+02
1.159258300479594794e+02
1.206588901132627853e+02
1.253968665349518119e+02
1.301392221513837342e+02
6.452280669278989933e+01
6.394285586696770451e+01
6.371911061829207057e+01
6.385531571465892142e+01
6.434918579174639319e+01
6.519259307142641546e+01
6.637221416345579428e+01
6.787052088009011186e+01
6.966695480327273060e+01
7.173912319812909288e+01
7.406388622330085525e+01
7.661825465271454050e+01
7.938006629032179262e+01
8.232844703600467540e+01
8.544408557222425316e+01
8.870936048515487471e+01
9.210835919743415445e+01
9.562682339992564096e+01
9.925204884139144212e+01
1.029727603386014465e+02
1.067789767215063819e+02
1.106618755007002193e+02
1.146136633423257649e+02
1.186274557924774911e+02
1.226898274887587377e+02
1.209603761283290311e+02
1.193999978488068905e+02
1.180153989941316297e+02
1.168128301248488299e+02
1.157979623226752750e+02
1.149757658453584810e+02
1.143503965150195967e+02
1.139250954361888262e+02
1.137021074032060710e+02
1.136826226345939830e+02
1.138667452927406316e+02
1.142534907070178036e+02
1.148408114712107277e+02
1.156256508202226883e+02
1.166040200979280002e+02
1.177710958704391260e+02
1.191213314253662787e+02
1.206485770693878408e+02
1.223462037689601090e+02
1.242072251948312527e+02
1.262244140199778570e+02
1.283904092618041375e+02
1.306978124403271693e+02
6.088475931860391199e+01
6.069524771230830851e+01
6.088366506578102388e+01
6.144653518710418894e+01
6.237372182959148859e+01
6.364930612971082979e+01
6.525285975240204550e+01
6.716089494263125914e+01
6.934828410907515206e+01
7.178949664811945297e+01
7.445957153138476770e+01
7.733480730180863816e+01
8.039319455465553688e+01
8.361463831012775927e+01
8.698102357138851914e+01
9.047617315031399698e+01
9.408573796594694727e+01
9.779705011415896365e+01
1.015989600367508245e+02
1.054816718691154875e+02
1.094365856159837591e+02
1.134561509673289095e+02
1.175337349873986170e+02
1.216635042611652864e+02
1.258403210888703967e+02
1.300596527684405430e+02
1.343174927427037346e+02
1.386102923055071869e+02
8.378050486332281821e+01
8.632011857500083352e+01
8.904536866427258701e+01
9.193974902776061242e+01
9.498780031000090673e+01
9.817521058034716930e+01
1.014888504519191770e+02
1.049167603710369008e+02
1.084481051509464464e+02
1.120731078019947802e+02
1.157829718199312197e+02
1.195697985859925296e+02
1.234265044935805946e+02
1.273467408376353802e+02
1.313248183279726788e+02
1.353556372439663278e+02
1.394346236625221138e+02
1.435576718004378449e+02
1.477210922634890551e+02
1.519215658467842900e+02
1.561561024530008410e+02
1.604220046641272859e+02
1.647168355018038994e+02
1.690383899296773791e+02
2.875480688381082359e+02
2.851204826020776295e+02
2.827544763949421736e+02
2.804516085526294091e+02
2.782134467137878460e+02
2.760415645774285167e+02
2.739375383879424248e+02
2.719029431487169859e+02
2.699393485687043039e+02
2.680483147497643586e+02
2.662313876263575594e+02
2.644900941731718831e+02
2.628259374005014024e+02
2.612403911615568859e+02
2.597348948003354394e+02
2.583108476730880056e+02
2.569696035807394310e+02
2.557124651536831266e+02
2.545406782341016765e+02
2.534554263042524269e+02
2.524578250118312610e+02
2.515489168455366098e+02
2.507296660151487515e+02
2.500009535907525162e+02
7.298769649950963867e+01
7.523108891588630343e+01
7.770567060622990141e+01
8.039009509133005338e+01
8.326406910837935982e+01
8.630865959503759655e+01
8.950645767874141256e+01
9.284163379278125205e+01
9.629991558612465496e+01
9.986851514534794205e+01
1.035360261502227246e+02
1.072923060620623943e+02
1.111283538076121005e+02
1.150361898004652943e+02
1.190087424634865272e+02
1.230397435218459776e+02
1.271236330524768192e+02
1.312554744437081808e+02
1.354308789085182525e+02
1.396459389061654122e+02
1.438971696859802876e+02
1.481814581211917243e+02
1.524960180131852496e+02
1.568383510928933617e+02
8.249177815570102723e+01
7.872717631937815952e+01
7.508147435183299478e+01
7.157284364033922941e+01
6.822243576177640989e+01
6.505470124699246526e+01
6.209760191526122242e+01
5.938261314982257488e+01
5.694437522722962086e+01
5.481982771718765690e+01
5.304667412514334757e+01
5.166110926599343856e+01
5.069492281681324641e+01
5.017234859750154641e+01
5.010726756768399071e+01
5.050144804271339183e+01
5.134431314698906590e+01
5.261430347374610506e+01
5.428144726498957340e+01
5.631048039259656690e+01
5.866386392334089805e+01
6.130425471248565827e+01
6.419624825234407695e+01
6.730742010339012893e+01
7.060880339310800480e+01
7.407496993729260737e+01
7.768386510213113638e+01
8.141651076285225486e+01
8.550803059595203592e+01
8.834249073166525079e+01
9.134058742222691762e+01
9.448674541896222934e+01
9.776667198986913832e+01
1.011673574855090862e+02
1.046770332853724739e+02
1.082851024480119548e+02
1.119820547794161598e+02
1.157593748453267324e+02
1.196094488405398124e+02
1.235254742012007370e+02
1.275013743403150812e+02
1.315317198098153142e+02
1.356116564501756159e+02
1.397368405968873333e+02
1.439033811033085897e+02
1.481077877576352648e+02
1.523469255777469300e+02
1.566179744319203735e+02
1.609183934348844502e+02
1.652458895928279219e+02
1.695983902077728089e+02
1.739740185945547069e+02
8.313658251482276285e+01
8.513069478979338101e+01
8.734244328040351490e+01
8.975574084646299866e+01
9.235478925237043768e+01
9.512436437350322649e+01
9.805001714552314240e+01
1.011182013228190044e+02
1.043163413455478263e+02
1.076328537385106330e+02
1.110571342875916656e+02
1.145795214143637537e+02
1.181912441559036751e+02
1.218843612368904985e+02
1.256516960407068808e+02
1.294867708993485564e+02
1.333837430267877551e+02
1.373373435862922634e+02
1.413428207668791003e+02
1.453958873038313584e+02
1.494926725733334365e+02
1.536296791880766079e+02
1.578037438919488693e+02
1.620120024764981395e+02
7.056242033803167146e+01
7.347626799355333560e+01
7.657958565472618773e+01
7.985028579539729776e+01
8.326864715665776373e+01
8.681722953188689473e+01
9.048071288427088632e+01
9.424569915029123024e+01
9.810050245647327927e+01
1.020349437672819874e+02
1.060401590553165647e+02
1.101084254314807254e+02
1.142330067162094309e+02
1.184080181666411988e+02
1.226283091040395448e+02
1.268893617242994338e+02
1.311872042244815191e+02
1.355183364088015026e+02
1.398796660643199914e+02
1.442684545675733432e+02
1.486822703675203172e+02
1.531189491698999348e+02
1.575765598143102579e+02
1.620533749840359121e+02
2.227975696612574836e+02
2.198245400512012964e+02
2.169177894518241487e+02
2.140800173781229319e+02
2.113140025270550666e+02
2.086225987851343859e+02
2.060087301325983731e+02
2.034753843422428190e+02
2.010256053762619501e+02
1.986624843934563671e+02
1.963891492925448290e+02
1.942087527355661791e+02
1.921244586188745416e+02
1.901394269882648871e+02
1.882567974293485804e+02
1.864796710041220820e+02
1.848110908491932491e+02
1.832540215992781043e+02
1.818113278499679950e+02
1.804857519245672393e+02
1.792798912587516895e+02
1.781961757614387807e+02
1.772368455478309670e+02
1.764039294684282311e+02
1.756992248733692747e+02
1.751242790526120245e+02
1.746803727777019333e+02
1.743685063395406587e+02
7.415916891720603132e+01
7.129209628170544022e+01
6.864210501291354660e+01
6.623525536264921243e+01
6.409894196162512969e+01
6.226101872584947472e+01
6.074857427696567669e+01
5.958639758741249182e+01
5.879526254855167622e+01
5.839025243870712956e+01
5.837940357323542884e+01
5.876293372754999211e+01
5.953322073363518285e+01
6.067553597999920356e+01
6.216937507982332534e+01
6.399012340903971818e+01
6.611077583601901608e+01
6.850348521018686654e+01
7.114080565846735738e+01
7.399658663722743768e+01
7.704653929655695777e+01
8.026853242438809843e+01
8.364268640438308466e+01
8.715132933441806529e+01
4.381328113017451642e+02
4.406451788491397679e+02
4.431944704085506714e+02
4.457800528675593341e+02
4.484012988003328246e+02
4.510575868051291764e+02
4.537483018144946527e+02
4.564728353790355300e+02
4.592305859256879330e+02
4.620209589914372259e+02
4.648433674334561374e+02
4.676972316166400105e+02
4.705819795795376876e+02
4.734970471796650600e+02
4.764418782191917217e+02
4.794159245519880983e+02
4.824186461729945563e+02
4.854495112908810484e+02
4.885079963849227056e+02
4.915935862470176971e+02
4.947057740097374108e+02
4.978440611612814450e+02
5.010079575481783536e+02
5.041969813665469360e+02
5.737388476154603723e+01
5.832515929140441102e+01
5.964777515659302765e+01
6.131770817347875635e+01
6.330748002339234404e+01
6.558798830727369022e+01
6.813004432001909549e+01
7.090552351761985506e+01
7.388812650963598117e+01
7.705380528476540292e+01
8.038093257304218753e+01
8.385029231605949462e+01
8.744495727451786138e+01
9.115010398645435430e+01
9.495280024032511790e+01
9.884178793039886557e+01
1.028072750188236881e+02
1.068407439838946402e+02
1.109347799805424728e+02
1.150829193729051667e+02
1.192795178195490422e+02
1.235196363230118521e+02
1.277989433308864164e+02
1.321136309159264215e+02
3.807168893309889199e+02
3.775446552383909307e+02
3.744078010292004137e+02
3.713072230560511571e+02
3.682438373106543850e+02
3.652185793358886485e+02
3.622324040796219151e+02
3.592862856853412268e+02
3.563812172145006230e+02
3.535182102953713752e+02
3.506982946930673961e+02
3.479225177953568391e+02
3.451919440088361171e+02
3.425076540600683757e+02
3.398707441963628071e+02
3.372823252809935184e+02
3.347435217778839842e+02
3.322554706210376594e+02
3.298193199643682192e+02
3.274362278080300257e+02
3.251073604978906815e+02
3.228338910954383891e+02
3.206169976161519912e+02
3.184578611352225153e+02
3.163576637604881512e+02
3.143175864734955098e+02
3.123388068407965648e+02
3.104224965988589702e+02
1.875453931000031105e+01
1.990679423667782899e+01
2.206677904770092624e+01
2.497437808579126184e+01
2.840089608623775419e+01
3.218099937875501126e+01
3.620410193433351509e+01
4.039766939938831314e+01
4.471376493006255259e+01
4.912009979863364606e+01
5.359442083478210606e+01
5.812102851271796311e+01
6.268859700778499899e+01
6.728878524320359134e+01
7.191533344428000873e+01
7.656346284446107120e+01
8.122946845865600096e+01
8.591043734219476846e+01
9.060405005148416535e+01
9.530843832986165864e+01
1.000220814755464289e+02
1.047437297717527258e+02
1.094723471472373006e+02
1.142070677016446325e+02
3.156070907658556735e+02
3.124870022922105477e+02
3.094106226859768753e+02
3.063792682242395244e+02
3.033942881258116699e+02
3.004570641601039256e+02
2.975690100934997417e+02
2.947315709583011198e+02
2.919462221289414856e+02
2.892144681899720240e+02
2.865378415803041321e+02
2.839179009983629385e+02
2.813562295532467488e+02
2.788544326476692845e+02
2.764141355794881747e+02
2.740369808499548867e+02
2.717246251685693892e+02
2.694787361465182585e+02
2.673009886732493214e+02
2.651930609736982092e+02
2.631566303471131505e+02
2.611933685922899144e+02
2.593049371282979791e+02
2.574929818244606849e+02
1.062742893002711497e+02
1.093251411739441323e+02
1.124974620706028503e+02
1.157812682970079408e+02
1.191673441971215368e+02
1.226472199292546037e+02
1.262131374605480971e+02
1.298580091268606225e+02
1.335753721044818292e+02
1.373593412834126752e+02
1.412045623295532550e+02
1.451061661662340043e+02
1.490597256765894087e+02
1.530612151064792101e+02
1.571069724124345157e+02
1.611936646319000772e+02
1.653182562380206662e+02
1.694779803653723320e+02
1.736703127460586700e+02
1.778929481694344474e+02
1.821437792672292915e+02
1.864208774244774531e+02
1.907224756219394521e+02
1.950469530252445338e+02
5.702747575617970597e+02
5.669310263591676176e+02
5.636089762095180049e+02
5.603089923801741179e+02
5.570314666737865537e+02
5.537767974655287162e+02
5.505453897347692873e+02
5.473376550907920546e+02
5.441540117921236970e+02
5.409948847590003425e+02
5.378607055784990507e+02
5.347519125018360455e+02
5.316689504333216973e+02
5.286122709104409978e+02
5.255823320745167848e+02
5.225795986313995627e+02
5.196045418016068425e+02
5.166576392593377705e+02
5.137393750597537974e+02
5.108502395539357508e+02
5.079907292908957288e+02
5.051613469060285411e+02
5.023626009953813991e+02
4.995950059751231151e+02
4.968590819255874180e+02
4.941553544192736922e+02
4.914843543322072037e+02
4.888466176380508159e+02
5.448591502505763629e+02
5.479477513550918957e+02
5.510601968322995390e+02
5.541960853582804702e+02
5.573550216483401982e+02
5.605366164520294205e+02
5.637404865418984627e+02
5.669662546963894556e+02
5.702135496772443730e+02
5.734820062018075078e+02
5.767712649105717446e+02
5.800809723303150349e+02
5.834107808331505112e+02
5.867603485918128854e+02
5.901293395314711461e+02
5.935174232783621164e+02
5.969242751055122653e+02
6.003495758758141392e+02
6.037930119826994542e+02
6.072542752886452035e+02
6.107330630617342422e+02
6.142290779104862395e+02
6.177420277171520411e+02
6.212716255696603866e+02
2.086114653137885568e+02
2.113550762598021890e+02
2.141704490724949039e+02
2.170547918138715318e+02
2.200053923058126486e+02
2.230196211998399463e+02
2.260949341296900457e+02
2.292288730500409031e+02
2.324190668604182974e+02
2.356632314077621118e+02
2.389591689547941940e+02
2.423047671944879369e+02
2.456979978839082150e+02
2.491369151636200456e+02
2.526196536219786992e+02
2.561444261570023286e+02
2.597095216822822294e+02
2.633133027175522898e+02
2.669542028991815528e+02
2.706307244409343298e+02
2.743414355709177812e+02
2.780849679666293355e+02
2.818600142064865963e+02
2.856653252530472287e+02
6.611367597483315421e+02
6.642993260760758858e+02
6.674808062269733000e+02
6.706809314751701550e+02
6.738994366362887831e+02
6.771360600562533136e+02
6.803905435979831964e+02
6.836626326260710584e+02
6.869520759895815445e+02
6.902586260030685708e+02
6.935820384259412776e+02
6.969220724402754286e+02
7.002784906271778027e+02
7.036510589418086283e+02
7.070395466871505050e+02
7.104437264866242003e+02
7.138633742556355628e+02
7.172982691721389301e+02
7.207481936463009333e+02
7.242129332893431410e+02
7.276922768816287999e+02
7.311860163400830288e+02
7.346939466849935343e+02
7.382158660062716535e+02
4.332691648084963276e+02
4.362908127388431581e+02
4.393434969983840119e+02
4.424265756170769919e+02
4.455394180845451046e+02
4.486814053791292736e+02
4.518519299757525687e+02
4.550503958341495832e+02
4.582762183689507651e+02
4.615288244030460874e+02
4.648076521056053139e+02
4.681121509160441292e+02
4.714417814551876518e+02
4.747960154248040681e+02
4.781743354966159814e+02
4.815762351918503441e+02
4.850012187523196872e+02
4.884488010039606252e+02
4.919185072137115071e+02
4.954098729405519634e+02
4.989224438814678706e+02
5.024557757130629057e+02
5.060094339294763017e+02
5.095829936772397559e+02
5.131760395876365237e+02
5.167881656070999270e+02
5.204189748261477462e+02
5.240680793072930328e+02
2.594462231616187751e+02
2.628352608632839633e+02
2.662671460351434121e+02
2.697402436644022714e+02
2.732529827117515993e+02
2.768038543942608385e+02
2.803914103798315978e+02
2.840142609174831136e+02
2.876710729246026403e+02
2.913605680494690091e+02
2.950815207247571834e+02
2.988327562254197574e+02
3.026131487422413784e+02
3.064216194805159148e+02
3.102571347916471609e+02
3.141187043440140769e+02
3.180053793381935634e+02
3.219162507704920131e+02
3.258504477478054469e+02
3.298071358559795954e+02
3.337855155831351794e+02
3.377848207988109266e+02
3.418043172892724328e+02
3.458433013488930214e+02
3.493955572183905360e+02
3.526027683274051583e+02
3.558452539789325897e+02
3.591220591670268050e+02
3.624322534893633474e+02
3.657749309066318233e+02
3.691492094589013391e+02
3.725542309442130886e+02
3.759891605643001640e+02
3.794531865419470478e+02
3.829455197141715530e+02
3.864653931050550000e+02
3.900120614817379305e+02
3.935848008967828378e+02
3.971829082198235596e+02
4.008057006611450674e+02
4.044525152895744782e+02
4.081227085468443647e+02
4.118156557603426222e+02
4.155307506559809099e+02
4.192674048726952378e+02
4.230250474799482845e+02
4.268031244994080566e+02
4.306010984318539272e+02
1.913696275119456232e+02
1.878659372696772607e+02
1.844211548031514099e+02
1.810386423533047378e+02
1.777219549644296706e+02
1.744748461036408571e+02
1.713012720137201370e+02
1.682053944312814622e+02
1.651915812499570393e+02
1.622644046567241389e+02
1.594286362217453643e+02
1.566892383823445982e+02
1.540513517351728581e+02
1.515202775436190734e+02
1.491014548872987859e+02
1.468004319348775368e+02
1.446228309184665477e+02
1.425743065343304750e+02
1.406604976958159909e+02
1.388869728218477633e+02
1.372591691549415884e+02
1.357823269569925344e+02
1.344614198124301936e+02
1.333010826524762535e+02
5.368943627093029818e+02
5.333608640269011403e+02
5.298477893680543502e+02
5.263555472316390933e+02
5.228845545702779418e+02
5.194352369055926602e+02
5.160080284393940246e+02
5.126033721602586866e+02
5.092217199449237341e+02
5.058635326538844765e+02
5.025292802205526073e+02
4.992194417332847820e+02
4.959345055095660086e+02
4.926749691615808615e+02
4.894413396523746087e+02
4.862341333417669489e+02
4.830538760211343856e+02
4.799011029361426495e+02
4.767763587964762451e+02
4.736801977715621774e+02
4.706131834712520572e+02
4.675758889104023979e+02
4.645688964562339152e+02
4.615927977573417138e+02
4.586481936531911856e+02
4.557356940628957886e+02
4.528559178520717410e+02
4.500094926765324885e+02
7.208605918684089886e+01
6.834127351019598962e+01
6.473640555851656586e+01
6.129614579489111037e+01
5.804976709010753666e+01
5.503159141327599002e+01
5.228115540168014519e+01
4.984280154799350981e+01
4.776434818387201631e+01
4.609450529947405784e+01
4.487890578046238232e+01
4.415508108818660560e+01
4.394733616552289135e+01
4.426293737564224529e+01
4.509089622905541006e+01
4.640379486084741245e+01
4.816199037546592621e+01
5.031882617471878660e+01
5.282549531285181388e+01
5.563473109305496678e+01
5.870311096848422494e+01
6.199216626583537249e+01
6.546864553513515261e+01
6.910426736149655369e+01
6.537848162535266283e+02
6.502170791947955877e+02
6.466657572303189454e+02
6.431311218222430170e+02
6.396134491401293189e+02
6.361130201186896329e+02
6.326301205143140578e+02
6.291650409602243599e+02
6.257180770201050564e+02
6.222895292400247627e+02
6.188797031984792056e+02
6.154889095543554731e+02
6.121174640926243455e+02
6.087656877675474334e+02
6.054339067431793637e+02
6.021224524309329809e+02
5.988316615239723433e+02
5.955618760281744244e+02
5.923134432894016754e+02
5.890867160168166947e+02
5.858820523019460325e+02
5.826998156332078906e+02
5.795403749055924436e+02
5.764041044251830499e+02
4.265188843856756193e+02
4.298032864233847476e+02
4.331154910125644619e+02
4.364548656953843988e+02
4.398207921070223847e+02
4.432126658196102085e+02
4.466298961724070864e+02
4.500719060897762915e+02
4.535381318884508346e+02
4.570280230754540298e+02
4.605410421379749550e+02
4.640766643263781930e+02
4.676343774314536859e+02
4.712136815569380701e+02
4.748140888882318791e+02
4.784351234581926633e+02
4.820763209107889793e+02
4.857372282633449458e+02
4.894174036680405493e+02
4.931164161732638149e+02
4.968338454853706594e+02
5.005692817313374121e+02
5.043223252227625153e+02
5.080925862216079167e+02
3.290556227439776080e+02
3.323975009603345256e+02
3.357742727567180054e+02
3.391848964886121962e+02
3.426283617432503092e+02
3.461036887747586093e+02
3.496099279009520160e+02
3.531461588685154425e+02
3.567114901926639163e+02
3.603050584767983651e+02
3.639260277171155167e+02
3.675735885966133196e+02
3.712469577724509122e+02
3.749453771601875474e+02
3.786681132179994052e+02
3.824144562336086324e+02
3.861837196163055523e+02
3.899752391961390003e+02
3.937883725320538701e+02
3.976224982304988771e+02
4.014770152757969299e+02
4.053513423733515424e+02
4.092449173065792820e+02
4.131571963082812999e+02
4.170876534470273214e+02
4.210357800289709189e+02
4.250010840154174048e+02
4.289830894563448282e+02
1.486809241557039343e+02
1.516750006704015732e+02
1.547595731858972385e+02
1.579293398243668207e+02
1.611792749032916561e+02
1.645046276277024049e+02
1.679009175368180422e+02
1.713639274428248314e+02
1.748896944962612565e+02
1.784744999136988497e+02
1.821148578122440540e+02
1.858075035135435940e+02
1.895493816081864793e+02
1.933376340094913814e+02
1.971695881732749456e+02
2.010427456163742761e+02
2.049547708306783989e+02
2.089034806600319030e+02
2.128868341838510503e+02
2.169029231326340721e+02
2.209499628459765574e+02
2.250262837725520342e+02
2.291303235030720487e+02
2.332606193211043148e+02
1.867692040518669785e+02
1.894243630898713775e+02
1.921622502780650734e+02
1.949793812802436719e+02
1.978723721274929801e+02
2.008379452543595676e+02
2.038729338901543997e+02
2.069742849930339048e+02
2.101390609088489327e+02
2.133644399277442005e+02
2.166477159001416055e+02
2.199862970609028991e+02
2.233777041968824619e+02
2.268195682793193555e+02
2.303096276689298065e+02
2.338457249886211571e+02
2.374258037464468600e+02
2.410479047801435399e+02
2.447101625841748103e+02
2.484108015709013841e+02
2.521481323090669093e+02
2.559205477754328797e+02
2.597265196488211814e+02
2.635645946702056790e+02
7.832993417044651778e+02
7.795997953307678472e+02
7.759126854167401461e+02
7.722381896186037693e+02
7.685764883739038851e+02
7.649277649383478774e+02
7.612922054225598458e+02
7.576699988287192582e+02
7.540613370870349854e+02
7.504664150920102657e+02
7.468854307384626736e+02
7.433185849572294046e+02
7.397660817505216073e+02
7.362281282268645555e+02
7.327049346355743182e+02
7.291967144006880517e+02
7.257036841543173296e+02
7.222260637693150329e+02
7.187640763912299917e+02
7.153179484694309167e+02
7.118879097873574437e+02
7.084741934917968820e+02
7.050770361211000363e+02
7.016966776322655051e+02
6.573492955187445830e+01
6.135300693696184027e+01
5.703868648116139894e+01
5.280853920509454014e+01
4.868451084140936302e+01
4.469598490579073768e+01
4.088263919210753272e+01
3.729824283886351566e+01
3.401524984246581340e+01
3.112916728821044643e+01
2.875973540638241843e+01
2.704309808598421228e+01
2.610833840381540227e+01
2.603979412694786788e+01
2.684410070212486588e+01
2.844731767814598911e+01
3.072463596430689847e+01
3.353901926539355571e+01
3.676734300290501523e+01
4.031027540364590322e+01
4.409204169564730336e+01
4.805628967086656900e+01
5.216142983800249056e+01
5.637669242903196931e+01
6.067913139384855725e+01
6.505145136639856673e+01
6.948046065508813740e+01
7.395597473596923521e+01
6.623841934172130550e+02
6.659237850897131921e+02
6.694787082319118099e+02
6.730487204232321119e+02
6.766335833387399816e+02
6.802330626941289893e+02
6.838469281902968078e+02
6.874749534576069436e+02
6.911169159999041085e+02
6.947725971383838441e+02
6.984417819553632398e+02
7.021242592380406222e+02
7.058198214222992419e+02
7.095282645366112320e+02
7.132493881460962939e+02
7.169829952968040061e+02
7.207288924602344196e+02
7.244868894781708377e+02
7.282567995078527474e+02
7.320384389675242574e+02
7.358316274823939693e+02
7.396361878310448219e+02
7.434519458923128923e+02
7.472787305926647150e+02
3.070798900624314456e+02
3.106619474816918682e+02
3.142761428309225948e+02
3.179213805614539865e+02
3.215966055909457850e+02
3.253008020264932156e+02
3.290329918867266770e+02
3.327922338294922611e+02
3.365776218907255384e+02
3.403882842393097690e+02
3.442233819519034910e+02
3.480821078110685676e+02
3.519636851294185362e+02
3.558673666019606117e+02
3.597924331883330638e+02
3.637381930262436072e+02
3.677039803770346680e+02
3.716891546039860259e+02
3.756930991837170382e+02
3.797152207507847379e+02
3.837549481754068097e+02
3.878117316740494971e+02
3.918850419524903828e+02
3.959743693808329112e+02
8.891130721257217147e+02
8.853712211243390584e+02
8.816399441940930046e+02
8.779193756676580733e+02
8.742096517737891190e+02
8.705109106609784249e+02
8.668232924211426962e+02
8.631469391133288127e+02
8.594819947874131003e+02
8.558286055077813899e+02
8.521869193769690582e+02
8.485570865592399059e+02
8.449392593040927295e+02
8.413335919696498877e+02
8.377402410459339990e+02
8.341593651779814991e+02
8.305911251887896469e+02
8.270356841020509364e+02
8.234932071646558143e+02
8.199638618689394889e+02
8.164478179746229216e+02
8.129452475304422023e+02
8.094563248954043502e+02
8.059812267596532820e+02
5.473413016275238760e+02
5.433554913707866945e+02
5.393832197456533777e+02
5.354247876417862244e+02
5.314805038465996176e+02
5.275506852596282670e+02
5.236356571114467897e+02
5.197357531870802632e+02
5.158513160538160491e+02
5.119826972933190063e+02
5.081302577379314016e+02
5.042943677109946066e+02
5.004754072710235278e+02
4.966737664595081583e+02
4.928898455521157871e+02
4.891240553130030548e+02
4.853768172519026507e+02
4.816485638836518888e+02
4.779397389897198991e+02
4.742507978812913620e+02
4.705822076633801316e+02
4.669344474994079519e+02
4.633080088756045711e+02
4.597033958645246798e+02
4.561211253869194024e+02
4.525617274710887727e+02
4.490257455088080292e+02
4.455137365067930091e+02
1.035914604475977512e+03
1.032085229476871064e+03
1.028264283374379374e+03
1.024451860005931394e+03
1.020648054398691784e+03
1.016852962783858402e+03
1.013066682611037891e+03
1.009289312562694022e+03
1.005520952568671760e+03
1.001761703820771231e+03
9.980116687873949104e+02
9.942709512282376636e+02
9.905396562090294310e+02
9.868178901163145156e+02
9.831057606722644095e+02
9.794033769495216575e+02
9.757108493860536100e+02
9.720282898000266414e+02
9.683558114046740002e+02
9.646935288231644563e+02
9.610415581034501429e+02
9.574000167330922295e+02
9.537690236540499882e+02
9.501486992774215423e+02
7.788818850976330168e+02
7.825653053606856702e+02
7.862604885807102164e+02
7.899672701887076300e+02
7.936854881765855225e+02
7.974149830610349454e+02
8.011555978475588518e+02
8.049071779946567631e+02
8.086695713781946324e+02
8.124426282559885522e+02
8.162262012326063996e+02
8.200201452244186839e+02
8.238243174249072354e+02
8.276385772702434451e+02
8.314627864051617507e+02
8.352968086491292752e+02
8.391405099628337894e+02
8.429937584149845407e+02
8.468564241494549378e+02
8.507283793527618627e+02
8.546094982218942278e+02
8.584996569324981692e+02
8.623987336074243331e+02
8.663066082856404364e+02
1.294777382519209823e+03
1.290908389134138361e+03
1.287045920407946369e+03
1.283190034792007509e+03
1.279340791341126987e+03
1.275498249719609476e+03
1.271662470207352044e+03
1.267833513705979385e+03
1.264011441745003367e+03
1.260196316488018283e+03
1.256388200738929527e+03
1.252587157948206823e+03
1.248793252219168835e+03
1.245006548314291877e+03
1.241227111661549998e+03
1.237455008360768034e+03
1.233690305190008758e+03
1.229933069611980045e+03
1.226183369780449539e+03
1.222441274546691147e+03
1.218706853465939730e+03
1.214980176803862150e+03
1.211261315543038563e+03
1.207550341389454161e+03
1.246799538623598806e+02
1.272043929674162968e+02
1.298569102435277500e+02
1.326298221043940089e+02
1.355157388762275730e+02
1.385075977174244599e+02
1.415986839989193697e+02
1.447826429828257631e+02
1.480534835568535641e+02
1.514055756365770833e+02
1.548336426661626319e+02
1.583327504526220366e+02
1.618982933747678032e+02
1.655259788257594948e+02
1.692118105833874608e+02
1.729520716577872292e+02
1.767433070426216943e+02
1.805823066920640372e+02
1.844660889605402190e+02
1.883918846730372252e+02
1.923571219385740392e+02
1.963594117761608402e+02
2.003965345890813410e+02
2.044664274979818117e+02
2.085671725243682886e+02
2.126969856025186232e+02
2.168542063882720470e+02
2.210372888268620670e+02
6.782231343882934880e+02
6.741812592935507382e+02
6.701495957244984538e+02
6.661283286683656115e+02
6.621176471221243673e+02
6.581177441848699345e+02
6.541288171520321839e+02
6.501510676114617127e+02
6.461847015413466124e+02
6.422299294100000679e+02
6.382869662774803601e+02
6.343560318990489577e+02
6.304373508304454390e+02
6.265311525349643489e+02
6.226376714923031841e+02
6.187571473091494454e+02
6.148898248314725379e+02
6.110359542584717474e+02
6.071957912581400478e+02
6.033695970843590430e+02
5.995576386954874124e+02
5.957601888743363361e+02
5.919775263494628916e+02
5.882099359176805820e+02
1.893986671533558592e+02
1.924285252221721976e+02
1.955290048192447045e+02
1.986968006123645125e+02
2.019287451000394071e+02
2.052218081298751997e+02
2.085730953665180891e+02
2.119798458989028234e+02
2.154394291560129773e+02
2.189493412801869852e+02
2.225072010877851483e+02
2.261107457291026606e+02
2.297578261429022746e+02
2.334464023860357145e+02
2.371745389052861697e+02
2.409403998067419650e+02
2.447422441677251186e+02
2.485784214273166413e+02
2.524473668838190292e+02
2.563475973209467611e+02
2.602777067789351690e+02
2.642363624821445569e+02
2.682223009308047494e+02
2.722343241613791633e+02
5.142516705635210883e+02
5.179903988052436716e+02
5.217462820216672981e+02
5.255189528718507290e+02
5.293080528666297369e+02
5.331132321671231011e+02
5.369341493854485634e+02
5.407704713878474649e+02
5.446218731004137226e+02
5.484880373175898285e+02
5.523686545135631150e+02
5.562634226566940470e+02
5.601720470270666965e+02
5.640942400372545080e+02
5.680297210563709314e+02
5.719782162374564223e+02
5.759394583482497865e+02
5.799131866053668318e+02
5.838991465119166833e+02
5.878970896985580339e+02
5.919067737679970378e+02
5.959279621429268445e+02
5.999604239173849010e+02
6.040039337115194940e+02
7.802033377124988647e+02
7.840791170296066639e+02
7.879648819701418461e+02
7.918604859795075299e+02
7.957657850040345693e+02
7.996806374476630026e+02
8.036049041291862522e+02
8.075384482400635306e+02
8.114811353028034091e+02
8.154328331299408319e+02
8.193934117835768802e+02
8.233627435355241460e+02
8.273407028280216764e+02
8.313271662350512088e+02
8.353220124242349129e+02
8.393251221193215770e+02
8.433363780632614635e+02
8.473556649818698361e+02
8.513828695480622173e+02
8.554178803466805903e+02
8.594605878398913319e+02
8.635108843331559001e+02
8.675686639417766628e+02
8.716338225579956998e+02
8.757062578186689734e+02
8.797858690734821039e+02
8.838725573537196851e+02
8.879662253415840496e+02
3.402651069089295106e+02
3.441943652782499612e+02
3.481452858641668513e+02
3.521171399099781070e+02
3.561092273924305118e+02
3.601208758375837533e+02
3.641514391784239137e+02
3.682002966541035676e+02
3.722668517504274064e+02
3.763505311810290550e+02
3.804507839085205205e+02
3.845670802047752659e+02
3.886989107494127325e+02
3.928457857654508985e+02
3.970072341910735076e+02
4.011828028863615145e+02
4.053720558738581872e+02
4.095745736118043396e+02
4.137899522988572016e+02
4.180178032091210980e+02
4.222577520563466464e+02
4.265094383861186316e+02
4.307725149949307024e+02
4.350466473750265095e+02
2.221296848161894673e+02
2.251167083494445649e+02
2.281653969267183868e+02
2.312733124954472999e+02
2.344381001407726899e+02
2.376574884056352914e+02
2.409292890680688117e+02
2.442513964530701287e+02
2.476217863500941405e+02
2.510385146008541994e+02
2.544997154157535988e+02
2.580035994711203671e+02
2.615484518335451867e+02
2.651326297521158608e+02
2.687545603541806827e+02
2.724127382755631857e+02
2.761057232518446654e+02
2.798321376934147793e+02
2.835906642635196704e+02
2.873800434753919717e+02
2.911990713218045244e+02
2.950465969479431578e+02
2.989215203763737350e+02
3.028227902910280136e+02
6.029035493135462502e+02
6.066792819623899504e+02
6.104692408177783136e+02
6.142731630111150025e+02
6.180907911862112769e+02
6.219218733879594083e+02
6.257661629522705198e+02
6.296234183973414247e+02
6.334934033163023059e+02
6.373758862713208373e+02
6.412706406891998085e+02
6.451774447585024745e+02
6.490960813282604249e+02
6.530263378082789814e+02
6.569680060710727503e+02
6.609208823554432684e+02
6.648847671717242065e+02
6.688594652086915175e+02
6.728447852421691096e+02
6.768405400453023049e+02
6.808465463005252332e+02
6.848626245132153372e+02
6.888885989270119126e+02
6.929242974408197142e+02
5.203135468040799196e+02
5.241518716404606266e+02
5.280057828335856129e+02
5.318749420019881882e+02
5.357590192173686319e+02
5.396576927938014023e+02
5.435706490806122702e+02
5.474975822590337202e+02
5.514381941427124048e+02
5.553921939821458409e+02
5.593592982730889389e+02
5.633392305689621935e+02
5.673317212973024652e+02
5.713365075802347519e+02
5.753533330589988282e+02
5.793819477224877801e+02
5.834221077398033231e+02
5.874735752967920916e+02
5.915361184365200415e+02
5.956095109036589292e+02
5.996935319927363253e+02
6.037879664001890205e+02
6.078926040801779891e+02
6.120072401041021521e+02
6.161316745237447776e+02
