-2.135302452005252594e+00
-5.921159438287242338e+00
-7.897173337136728755e+00
-1.007078831592700752e+01
-1.224440377155444892e+01
-1.441801922718189033e+01
-1.639403241077564033e+01
-1.837004654804370674e+01
-1.731278707728741395e+01
-1.780912019954083192e+01
-1.826033117518780813e+01
-1.875666429744122254e+01
-1.920787622676251161e+01
-1.970420839534161317e+01
-2.020054056392071473e+01
-1.922243635621390467e+01
-1.764566425456290943e+01
-1.655529121531730041e+01
-1.546491912974601313e+01
-1.437454609050040766e+01
-1.328417400492911860e+01
-1.219380096568351313e+01
-1.110342888011222406e+01
-6.517459025985910870e+00
-3.666916003830146931e+00
-1.075513234741400925e+00
1.775029966228295120e+00
6.687919575941607242e+00
1.068397231794600089e+01
1.507963033415083487e+01
1.947528787351851420e+01
2.347134156919722514e+01
3.070032770229912344e+01
3.338133950926067683e+01
4.023351747585871863e+01
4.548559648586848425e+01
5.126288683010676550e+01
5.772885172046063929e+01
6.447121185130329479e+01
7.141525787181110729e+01
7.772802490061970104e+01
8.467207092112751354e+01
9.098484557933063854e+01
9.957398539178662134e+01
1.067126572667866213e+02
1.138513291417866213e+02
1.217038682042866213e+02
1.295563996373920759e+02
1.374089463292866071e+02
1.459830472998189919e+02
1.530903580724506696e+02
1.622662656836080544e+02
1.707352445654439919e+02
1.792042081884908669e+02
1.869032896093893044e+02
1.953722532324361794e+02
2.030713346533346169e+02
2.125197452049733897e+02
2.195869596533346169e+02
2.289531558495046397e+02
2.377235873680593272e+02
2.456967166405202647e+02
2.536698306541921397e+02
2.624402621727465998e+02
2.712107089500904067e+02
2.791838229637622817e+02
2.871569369774341567e+02
2.959273532371997817e+02
3.046978000145435317e+02
3.138543900638460400e+02
3.222615793843423262e+02
