1.264937364589280300e+01
1.837291909840565296e+01
2.393132394654253403e+01
2.987526124817827622e+01
3.581919854981401841e+01
4.208152606228780712e+01
4.815430667141866650e+01
5.422708728054952587e+01
6.029986788968038525e+01
6.637264849881124462e+01
7.272577653917879559e+01
7.890652452501863934e+01
8.508727251085848309e+01
9.150936724550325607e+01
9.777683092958528732e+01
1.040442946136673186e+02
1.103117506683548186e+02
1.167881780652519268e+02
1.231208044080253643e+02
1.294534383801933473e+02
1.359459949987674179e+02
1.423220173376346054e+02
1.486980396765017929e+02
1.550740772741580429e+02
1.615636444661877817e+02
1.679611359212659067e+02
1.743586426351330942e+02
1.808345761902215827e+02
1.872315488464715827e+02
1.936285367615106452e+02
2.000652321721159410e+02
2.064396981144987535e+02
2.128141640568815660e+02
2.191803806713365361e+02
2.255104282787584111e+02
2.318404606273912236e+02
2.381241824465206491e+02
2.443880374269893991e+02
2.506518924074581491e+02
2.568261803852221306e+02
2.630022973285815624e+02
2.691784447895190624e+02
2.752243837380873401e+02
2.812915529275404651e+02
2.873586915994154651e+02
2.934258607888685901e+02
2.993192076503339649e+02
3.052565550624433399e+02
3.111939329921308399e+02
3.169224324207867767e+02
3.227095417957867767e+02
3.284966511707867767e+02
3.340326210672123466e+02
3.396496254617435966e+02
3.452665993386967216e+02
3.508836037332279716e+02
3.562106649998298167e+02
3.616382162693610667e+02
3.670657675388923167e+02
3.721656146405501318e+02
3.773850665448470068e+02
3.826045184491438818e+02
3.878239703534407568e+02
3.926790712004043939e+02
3.976724794035293939e+02
4.026658876066543939e+02
4.076592958097793939e+02
4.122529502836136999e+02
4.170031333890824499e+02
4.217533470121293249e+02
4.265035301175980749e+02
4.312537437406449499e+02
4.355701431941445207e+02
4.400608048152382707e+02
4.445514664363320207e+02
4.490421280574257707e+02
4.535327896785195207e+02
4.575571375976764443e+02
4.617728053222858193e+02
4.659884730468951943e+02
4.702041407715045693e+02
4.744198084961139443e+02
4.781382556983631389e+02
4.820644641944568889e+02
4.859906421729725139e+02
4.899168506690662639e+02
4.938430591651600139e+02
4.977692371436756389e+02
5.011690030521634753e+02
5.047922330326322253e+02
5.084154324955228503e+02
5.120386624759916003e+02
5.156618924564602366e+02
