-1.498560452557914005e+02
-1.334603907988765172e+02
-1.274033721455900832e+02
-1.161006737351768550e+02
-1.003751322923355929e+02
-8.938404353209870123e+01
-7.732336395057431844e+01
-6.519249301717370315e+01
-5.389637067907431600e+01
-4.219955900914028746e+01
-2.996986043977347336e+01
-1.727916069254911235e+01
-4.514791106076264882e+00
6.479516601153333610e+00
1.615067508165091681e+01
2.797104072320366441e+01
4.202688368790576590e+01
5.402411649915673308e+01
6.626594237336078663e+01
7.829110144829121509e+01
9.016098136360493243e+01
9.989517555220892575e+01
1.119651089446779508e+02
1.240117519354134430e+02
1.359181450226902825e+02
1.478839221900510381e+02
1.598661975558545407e+02
1.718362195006877471e+02
1.837361035229934316e+02
1.956071159916211570e+02
2.077961021331130098e+02
2.197738433804933322e+02
2.319565083120623115e+02
2.416555480735684966e+02
2.537948354056421749e+02
2.657662108977589241e+02
2.751190227840606894e+02
2.886914447844837923e+02
3.006843733131200338e+02
3.129644019697331601e+02
3.224433949145457063e+02
3.352507203882069575e+02
3.448822877920892438e+02
3.543238532454759024e+02
3.665238650234971942e+02
3.755980511761595722e+02
3.912607016981338575e+02
3.998159648702859386e+02
4.130522670162943655e+02
4.224879675989441239e+02
4.339280667859530922e+02
4.449208013343439347e+02
4.540008631364286771e+02
4.672447807507663811e+02
4.788861688732948778e+02
4.912534003115223413e+02
5.059667711785874076e+02
5.183184377293864600e+02
5.290924490264150108e+02
5.407076277575310996e+02
5.500532585942733022e+02
5.585547335579391302e+02
5.686100512738703401e+02
5.825897960190127378e+02
5.952854070144273919e+02
6.078430550280861553e+02
6.160242494419640025e+02
6.268399514423023220e+02
6.366495041276016309e+02
6.519506112803707083e+02
6.636118744315208460e+02
6.757322381280755508e+02
6.874660104869731185e+02
6.987501256030977856e+02
7.077100660385597166e+02
