8.157635946273803711e+03
8.175326580047607422e+03
8.193017213821411133e+03
8.210707847595214844e+03
8.231318052291870117e+03
8.249265010833740234e+03
8.267211969375610352e+03
8.285158927917480469e+03
8.326407018661499023e+03
8.346110912322998047e+03
8.365814805984497070e+03
8.385518699645996094e+03
8.402655986785888672e+03
8.422174278259277344e+03
8.441692569732666016e+03
8.461210861206054688e+03
8.452960916519165039e+03
8.470802692413330078e+03
8.488644468307495117e+03
8.506486244201660156e+03
8.508100345611572266e+03
8.525082527160644531e+03
8.542064708709716797e+03
8.559046890258789062e+03
8.570002851486206055e+03
8.586657070159912109e+03
8.603311288833618164e+03
8.619965507507324219e+03
8.641909433364868164e+03
8.658788593292236328e+03
8.675667753219604492e+03
8.692546913146972656e+03
8.711381267547607422e+03
8.728322105407714844e+03
8.745262943267822266e+03
8.762203781127929688e+03
8.783477960586547852e+03
8.800692249298095703e+03
8.817906538009643555e+03
8.835120826721191406e+03
8.839817241668701172e+03
8.856158897399902344e+03
8.872500553131103516e+03
8.888842208862304688e+03
8.911336488723754883e+03
8.928008914947509766e+03
8.944681341171264648e+03
8.961353767395019531e+03
8.976454805374145508e+03
8.992935001373291016e+03
9.009415197372436523e+03
9.025895393371582031e+03
9.039260299682617188e+03
9.055912200927734375e+03
9.072564102172851562e+03
9.089216003417968750e+03
9.103104646682739258e+03
9.119993473052978516e+03
9.136882299423217773e+03
9.153771125793457031e+03
9.171559030532836914e+03
9.188382709503173828e+03
9.205206388473510742e+03
9.222030067443847656e+03
9.237766960144042969e+03
9.253912826538085938e+03
9.270058692932128906e+03
9.286204559326171875e+03
9.298351196289062500e+03
9.314353759765625000e+03
9.330356323242187500e+03
9.346358886718750000e+03
9.345975887298583984e+03
9.362378532409667969e+03
9.378781177520751953e+03
9.395183822631835938e+03
9.403955452919006348e+03
9.419858171463012695e+03
9.435760890007019043e+03
9.451663608551025391e+03
9.504220762252807617e+03
9.521405391693115234e+03
9.538590021133422852e+03
9.555774650573730469e+03
9.628366018295288086e+03
9.646525981903076172e+03
9.664685945510864258e+03
9.682845909118652344e+03
9.655883970260620117e+03
9.674069698333740234e+03
9.692255426406860352e+03
9.710441154479980469e+03
9.775704898834228516e+03
9.794303352355957031e+03
9.812901805877685547e+03
9.831500259399414062e+03
9.937942512512207031e+03
9.957245376586914062e+03
9.976548240661621094e+03
9.995851104736328125e+03
9.969857252120971680e+03
9.987994777679443359e+03
1.000613230323791504e+04
1.002426982879638672e+04
1.011253766822814941e+04
1.013191518020629883e+04
1.015129269218444824e+04
1.017067020416259766e+04
1.013619961166381836e+04
1.015491777801513672e+04
1.017363594436645508e+04
1.019235411071777344e+04
1.021426780700683594e+04
1.023293698120117188e+04
1.025160615539550781e+04
1.027027532958984375e+04
1.022773661994934082e+04
1.024541562271118164e+04
1.026309462547302246e+04
1.028077362823486328e+04
1.023104642868041992e+04
1.024806649017333984e+04
1.026508655166625977e+04
1.028210661315917969e+04
1.022746533584594727e+04
1.024363379669189453e+04
1.025980225753784180e+04
1.027597071838378906e+04
1.025573089599609375e+04
1.027147058105468750e+04
1.028721026611328125e+04
1.030294995117187500e+04
1.050193659973144531e+04
1.052022378540039062e+04
1.053851097106933594e+04
1.055679815673828125e+04
1.062630069923400879e+04
1.064534553909301758e+04
1.066439037895202637e+04
1.068343521881103516e+04
1.075620816230773926e+04
1.077528351211547852e+04
1.079435886192321777e+04
1.081343421173095703e+04
1.073517022132873535e+04
1.075290977859497070e+04
1.077064933586120605e+04
1.078838889312744141e+04
1.066098901748657227e+04
1.067761182403564453e+04
1.069423463058471680e+04
1.071085743713378906e+04
1.087056245231628418e+04
1.088859756088256836e+04
1.090663266944885254e+04
1.092466777801513672e+04
1.107355213928222656e+04
1.109309744262695312e+04
1.111264274597167969e+04
1.113218804931640625e+04
1.125935684204101562e+04
1.127976348876953125e+04
1.130017013549804688e+04
1.132057678222656250e+04
1.126246318244934082e+04
1.128213534927368164e+04
1.130180751609802246e+04
1.132147968292236328e+04
1.117417968177795410e+04
1.119200096511840820e+04
1.120982224845886230e+04
1.122764353179931641e+04
1.111301878547668457e+04
1.112953561782836914e+04
1.114605245018005371e+04
1.116256928253173828e+04
1.095360920429229736e+04
1.096834829139709473e+04
1.098308737850189209e+04
1.099782646560668945e+04
1.115267006206512451e+04
1.116828250694274902e+04
1.118389495182037354e+04
1.119950739669799805e+04
1.109522405529022217e+04
1.110980260276794434e+04
1.112438115024566650e+04
1.113895969772338867e+04
1.101663154220581055e+04
1.103052089691162109e+04
1.104441025161743164e+04
1.105829960632324219e+04
1.098540018749237061e+04
1.099839998435974121e+04
1.101139978122711182e+04
1.102439957809448242e+04
1.112141850280761719e+04
1.113497763061523438e+04
1.114853675842285156e+04
1.116209588623046875e+04
1.113245471954345703e+04
1.114599537658691406e+04
1.115953603363037109e+04
1.117307669067382812e+04
1.135245499038696289e+04
1.136712873077392578e+04
1.138180247116088867e+04
1.139647621154785156e+04
1.141653761005401611e+04
1.143130959510803223e+04
1.144608158016204834e+04
1.146085356521606445e+04
1.152703158473968506e+04
1.154236199760437012e+04
1.155769241046905518e+04
1.157302282333374023e+04
1.141500461483001709e+04
1.142893110466003418e+04
1.144285759449005127e+04
1.145678408432006836e+04
