1.093429980468750000e+04
1.092829980468750000e+04
1.092229937385527774e+04
1.091629848059687538e+04
1.092829980468750000e+04
1.092229980468750000e+04
1.091630002061375126e+04
1.091030064154701540e+04
1.092229980468750000e+04
1.091629980468750000e+04
1.091029987027659263e+04
1.090430086446112000e+04
1.091629980468750000e+04
1.091029980468750000e+04
1.090429997458153775e+04
1.089829981535776460e+04
1.091029980468750000e+04
1.090429980468750000e+04
1.089829950494860896e+04
1.089230162426244715e+04
1.090429980468750000e+04
1.089829980468750000e+04
1.089229980210984832e+04
1.088630173847728292e+04
1.089829980468750000e+04
1.089229980468750000e+04
1.088630025260610273e+04
1.088029999303325349e+04
1.089229980468750000e+04
1.088629980468750000e+04
1.088029969385955519e+04
1.087429986196169193e+04
1.088630078125000000e+04
1.088030078125000000e+04
1.087430116712197560e+04
1.086829951603342488e+04
1.088030078125000000e+04
1.087430078125000000e+04
1.086830046740808575e+04
1.086230058074375665e+04
1.087430078125000000e+04
1.086830078125000000e+04
1.086230027113444157e+04
1.085629904630375677e+04
1.086830078125000000e+04
1.086230078125000000e+04
1.085630054704092072e+04
1.085029972593891034e+04
1.086230078125000000e+04
1.085630078125000000e+04
1.085030025942786961e+04
1.084429874737377577e+04
1.085630078125000000e+04
1.085030078125000000e+04
1.084430152021964022e+04
1.083830303951177302e+04
1.085030078125000000e+04
1.084430078125000000e+04
1.083830047603912499e+04
1.083229912670473641e+04
1.084430078125000000e+04
1.083830078125000000e+04
1.083230051945437663e+04
1.082630054683616254e+04
1.083830078125000000e+04
1.083230078125000000e+04
1.082630123108341832e+04
1.082030256979349360e+04
1.083230175781250000e+04
1.082630175781250000e+04
1.082030122981635213e+04
1.081430335738248323e+04
1.082630175781250000e+04
1.082030175781250000e+04
1.081430123228478624e+04
1.080830524192032499e+04
1.082030175781250000e+04
1.081430175781250000e+04
1.080830613863827784e+04
1.080230144742694574e+04
1.081430175781250000e+04
1.080830175781250000e+04
1.080230091101081962e+04
1.079629525005809592e+04
1.080830175781250000e+04
1.080230175781250000e+04
1.079630070533790240e+04
1.079030600883470470e+04
1.080230175781250000e+04
1.079630175781250000e+04
1.079030507197705447e+04
1.078430480178821927e+04
1.079630175781250000e+04
1.079030175781250000e+04
1.078430284780976035e+04
1.077829799830734373e+04
1.079030175781250000e+04
1.078430175781250000e+04
1.077829883948090355e+04
1.077230034744626391e+04
1.078430175781250000e+04
1.077830175781250000e+04
1.077230264893410458e+04
1.076631513631406051e+04
1.077830175781250000e+04
1.077230175781250000e+04
1.076630355866716673e+04
1.076029244714570268e+04
1.077230273437500000e+04
1.076630273437500000e+04
1.076030063166466061e+04
1.075430930459808224e+04
1.076630273437500000e+04
1.076030273437500000e+04
1.075430141407788688e+04
1.074830029127839953e+04
1.076030273437500000e+04
1.075430273437500000e+04
1.074830021880164168e+04
1.074230020506300934e+04
1.075430371093750000e+04
1.074830371093750000e+04
1.074230267290947995e+04
1.073631844745661328e+04
1.074830371093750000e+04
1.074230371093750000e+04
1.073630128619806783e+04
1.073027266618482099e+04
1.074230371093750000e+04
1.073630371093750000e+04
1.073030147712840881e+04
1.072430649954305954e+04
1.073630371093750000e+04
1.073030371093750000e+04
1.072430641087300864e+04
1.071830090218016994e+04
1.073030371093750000e+04
1.072430371093750000e+04
1.071830598274162185e+04
1.071229741282018222e+04
1.072430371093750000e+04
1.071830371093750000e+04
1.071230596281803082e+04
1.070629539025836129e+04
1.071830371093750000e+04
1.071230371093750000e+04
1.070630321682881913e+04
1.070031077396187720e+04
1.071230371093750000e+04
1.070630371093750000e+04
1.070030663005094175e+04
1.069429282418537878e+04
1.070630468750000000e+04
1.070030468750000000e+04
1.069430851848894963e+04
1.068829407816010826e+04
1.070030468750000000e+04
1.069430468750000000e+04
1.068831227411862710e+04
1.068229320308992283e+04
1.069430468750000000e+04
1.068830468750000000e+04
1.068230453258631678e+04
1.067631144173713983e+04
