7.991449748516082764e+03
7.990105063438415527e+03
7.988760378360748291e+03
7.987415693283081055e+03
7.937352091312408447e+03
7.931449299812316895e+03
7.925546508312225342e+03
7.919643716812133789e+03
7.856693405151367188e+03
7.846484466552734375e+03
7.836275527954101562e+03
7.826066589355468750e+03
7.760040536880493164e+03
7.746270038604736328e+03
7.732499540328979492e+03
7.718729042053222656e+03
7.640129928588867188e+03
7.622521575927734375e+03
7.604913223266601562e+03
7.587304870605468750e+03
7.553591741561889648e+03
7.535062877655029297e+03
7.516534013748168945e+03
7.498005149841308594e+03
7.466793020248413086e+03
7.447683696746826172e+03
7.428574373245239258e+03
7.409465049743652344e+03
7.374269172668457031e+03
7.354303482055664062e+03
7.334337791442871094e+03
7.314372100830078125e+03
7.301487119674682617e+03
7.281861446380615234e+03
7.262235773086547852e+03
7.242610099792480469e+03
7.228409807205200195e+03
7.209091098785400391e+03
7.189772390365600586e+03
7.170453681945800781e+03
7.154255611419677734e+03
7.135116691589355469e+03
7.115977771759033203e+03
7.096838851928710938e+03
7.072113828659057617e+03
7.052642696380615234e+03
7.033171564102172852e+03
7.013700431823730469e+03
6.978354557037353516e+03
6.958082160949707031e+03
6.937809764862060547e+03
6.917537368774414062e+03
6.945772062301635742e+03
6.927651546478271484e+03
6.909531030654907227e+03
6.891410514831542969e+03
6.881217086791992188e+03
6.863544525146484375e+03
6.845871963500976562e+03
6.828199401855468750e+03
6.794227460861206055e+03
6.776286464691162109e+03
6.758345468521118164e+03
6.740404472351074219e+03
6.726472532272338867e+03
6.708737056732177734e+03
6.691001581192016602e+03
6.673266105651855469e+03
6.662166349411010742e+03
6.644684749603271484e+03
6.627203149795532227e+03
6.609721549987792969e+03
6.580427305221557617e+03
6.562706172943115234e+03
6.544985040664672852e+03
6.527263908386230469e+03
6.514363433837890625e+03
6.496907043457031250e+03
6.479450653076171875e+03
6.461994262695312500e+03
6.469763704299926758e+03
6.453252994537353516e+03
6.436742284774780273e+03
6.420231575012207031e+03
6.405085308074951172e+03
6.388378135681152344e+03
6.371670963287353516e+03
6.354963790893554688e+03
6.314572801589965820e+03
6.297072849273681641e+03
6.279572896957397461e+03
6.262072944641113281e+03
6.225349882125854492e+03
6.207585018157958984e+03
6.189820154190063477e+03
6.172055290222167969e+03
6.113081781387329102e+03
6.094579578399658203e+03
6.076077375411987305e+03
6.057575172424316406e+03
6.003150711059570312e+03
5.983425445556640625e+03
5.963700180053710938e+03
5.943974914550781250e+03
5.942800786972045898e+03
5.924377452850341797e+03
5.905954118728637695e+03
5.887530784606933594e+03
5.921166925430297852e+03
5.903892444610595703e+03
5.886617963790893555e+03
5.869343482971191406e+03
5.901323345184326172e+03
5.885029991149902344e+03
5.868736637115478516e+03
5.852443283081054688e+03
5.824797773361206055e+03
5.808271327972412109e+03
5.791744882583618164e+03
5.775218437194824219e+03
5.789370458602905273e+03
5.772542186737060547e+03
5.755713914871215820e+03
5.738885643005371094e+03
5.697901891708374023e+03
5.681100170135498047e+03
5.664298448562622070e+03
5.647496726989746094e+03
5.690695405960083008e+03
5.674028507232666016e+03
5.657361608505249023e+03
5.640694709777832031e+03
5.643715379714965820e+03
5.626754978179931641e+03
5.609794576644897461e+03
5.592834175109863281e+03
5.534843090057373047e+03
5.516642723083496094e+03
5.498442356109619141e+03
5.480241989135742188e+03
5.499571323394775391e+03
5.482643623352050781e+03
5.465715923309326172e+03
5.448788223266601562e+03
5.381633291244506836e+03
5.363923809051513672e+03
5.346214326858520508e+03
5.328504844665527344e+03
5.250158388137817383e+03
5.231602909088134766e+03
5.213047430038452148e+03
5.194491950988769531e+03
5.067490478515625000e+03
5.048146972656250000e+03
5.028803466796875000e+03
5.009459960937500000e+03
4.996176925659179688e+03
4.977890960693359375e+03
4.959604995727539062e+03
4.941319030761718750e+03
4.963011133193969727e+03
4.945344043731689453e+03
4.927676954269409180e+03
4.910009864807128906e+03
4.935540904998779297e+03
4.918346946716308594e+03
4.901152988433837891e+03
4.883959030151367188e+03
4.888222934722900391e+03
4.872157783508300781e+03
4.856092632293701172e+03
4.840027481079101562e+03
4.886433114051818848e+03
4.872093278884887695e+03
4.857753443717956543e+03
4.843413608551025391e+03
4.846669610023498535e+03
4.832386583328247070e+03
4.818103556632995605e+03
4.803820529937744141e+03
4.531363496780395508e+03
4.513071720123291016e+03
4.494779943466186523e+03
4.476488166809082031e+03
4.434684228897094727e+03
4.416628711700439453e+03
4.398573194503784180e+03
4.380517677307128906e+03
4.368997896194458008e+03
4.350683780670166016e+03
4.332369665145874023e+03
4.314055549621582031e+03
4.253915004730224609e+03
4.234535087585449219e+03
4.215155170440673828e+03
4.195775253295898438e+03
4.193119440078735352e+03
4.173737903594970703e+03
4.154356367111206055e+03
4.134974830627441406e+03
4.185633123397827148e+03
4.166816051483154297e+03
4.147998979568481445e+03
4.129181907653808594e+03
4.142151035308837891e+03
4.123832344055175781e+03
4.105513652801513672e+03
4.087194961547851562e+03
4.069812923431396484e+03
4.051429069519042969e+03
4.033045215606689453e+03
4.014661361694335938e+03
3.998483367919921875e+03
3.980090759277343750e+03
3.961698150634765625e+03
3.943305541992187500e+03
3.900472385406494141e+03
3.881174995422363281e+03
3.861877605438232422e+03
3.842580215454101562e+03
