8.347704241939023632e+03
8.330733679190547264e+03
8.313763116442070896e+03
8.296792553693594527e+03
8.279831195064023632e+03
8.262860632315547264e+03
8.245890069567070896e+03
8.228919506818594527e+03
8.212238421626523632e+03
8.195267858878047264e+03
8.178297296129569986e+03
8.161326733381092708e+03
8.144985491939022722e+03
8.128014929190545445e+03
8.111044366442068167e+03
8.094073803693590889e+03
8.077984515376522722e+03
8.061013952628045445e+03
8.044043389879568167e+03
8.027072827131090889e+03
8.010451312251522722e+03
7.993480749503045445e+03
7.976510186754568167e+03
7.959539624006090889e+03
7.944834613032772722e+03
7.927864050284295445e+03
7.910893487535818167e+03
7.893922924787340889e+03
7.873882464595272722e+03
7.856911901846795445e+03
7.839941339098318167e+03
7.822970776349840889e+03
7.803813128657772722e+03
7.786842565909295445e+03
7.769872003160818167e+03
7.752901440412340889e+03
7.734275042720272722e+03
7.717304479971795445e+03
7.700333917223318167e+03
7.683363354474840889e+03
7.657971820064022722e+03
7.641001257315545445e+03
7.624030694567068167e+03
7.607060131818590889e+03
7.581297015376522722e+03
7.564326452628045445e+03
7.547355889879568167e+03
7.530385327131090889e+03
7.502682757564022722e+03
7.485712194815545445e+03
7.468741632067068167e+03
7.451771069318590889e+03
7.430462542720272722e+03
7.413491979971795445e+03
7.396521417223318167e+03
7.379550854474840889e+03
7.361385394282772722e+03
7.344414831534295445e+03
7.327444268785818167e+03
7.310473706037340889e+03
7.290942034907772722e+03
7.273971472159295445e+03
7.257000909410818167e+03
7.240030346662340889e+03
7.231015277095272722e+03
7.214044714346795445e+03
7.197074151598318167e+03
7.180103588849840889e+03
7.181116351314022722e+03
7.164145788565545445e+03
7.147175225817068167e+03
7.130204663068590889e+03
7.107657366939022722e+03
7.090686804190545445e+03
7.073716241442068167e+03
7.056745678693590889e+03
7.041066058345272722e+03
7.024095495596795445e+03
7.007124932848318167e+03
6.990154370099840889e+03
6.977418109126522722e+03
6.960447546378045445e+03
6.943476983629568167e+03
6.926506420881090889e+03
6.898179339595272722e+03
6.881208776846795445e+03
6.864238214098318167e+03
6.847267651349840889e+03
6.817921038814022722e+03
6.800950476065545445e+03
6.783979913317068167e+03
6.767009350568590889e+03
6.759226702876522722e+03
6.742256140128045445e+03
6.725285577379568167e+03
6.708315014631090889e+03
6.691260882564022722e+03
6.674290319815545445e+03
6.657319757067068167e+03
6.640349194318590889e+03
6.627009906001522722e+03
6.610039343253045445e+03
6.593068780504568167e+03
6.576098217756090889e+03
6.563039691157772722e+03
6.546069128409295445e+03
6.529098565660818167e+03
6.512128002912340889e+03
6.496861956782772722e+03
6.479891394034295445e+03
6.462920831285818167e+03
6.445950268537340889e+03
6.427703265376522722e+03
6.410732702628045445e+03
6.393762139879568167e+03
6.376791577131090889e+03
6.368877093501522722e+03
6.351906530753045445e+03
6.334935968004568167e+03
6.317965405256090889e+03
6.305883929439022722e+03
6.288913366690545445e+03
6.271942803942068167e+03
6.254972241193590889e+03
6.245257952876522722e+03
6.228287390128045445e+03
6.211316827379568167e+03
6.194346264631090889e+03
6.171873187251522722e+03
6.154902624503045445e+03
6.137932061754568167e+03
6.120961499006090889e+03
6.104072894282772722e+03
6.087102331534295445e+03
6.070131768785818167e+03
6.053161206037340889e+03
6.036849261470272722e+03
6.019878698721795445e+03
6.002908135973318167e+03
5.985937573224840889e+03
5.970422503657772722e+03
5.953451940909295445e+03
5.936481378160818167e+03
5.919510815412340889e+03
5.901812152095272722e+03
5.884841589346795445e+03
5.867871026598318167e+03
5.850900463849840889e+03
5.832087054439022722e+03
5.815116491690545445e+03
5.798145928942068167e+03
5.781175366193590889e+03
5.764919573970272722e+03
5.747949011221795445e+03
5.730978448473318167e+03
5.714007885724840889e+03
5.698045550532772722e+03
5.681074987784295445e+03
5.664104425035818167e+03
5.647133862287340889e+03
5.630257464595272722e+03
5.613286901846795445e+03
5.596316339098318167e+03
5.579345776349840889e+03
5.562059222407772722e+03
5.545088659659295445e+03
5.528118096910818167e+03
5.511147534162340889e+03
5.494673480220272722e+03
5.477702917471795445e+03
5.460732354723318167e+03
5.443761791974840889e+03
5.424616351314022722e+03
5.407645788565545445e+03
5.390675225817068167e+03
5.373704663068590889e+03
5.356341448970272722e+03
5.339370886221795445e+03
5.322400323473318167e+03
5.305429760724840889e+03
5.293097796626522722e+03
5.276127233878045445e+03
5.259156671129568167e+03
5.242186108381090889e+03
5.221407855220272722e+03
5.204437292471795445e+03
5.187466729723318167e+03
5.170496166974840889e+03
5.156781390376522722e+03
5.139810827628045445e+03
5.122840264879568167e+03
5.105869702131090889e+03
5.093984027095272722e+03
5.077013464346795445e+03
5.060042901598318167e+03
5.043072338849840889e+03
5.020476702876522722e+03
5.003506140128045445e+03
4.986535577379568167e+03
4.969565014631090889e+03
4.945255023189022722e+03
4.928284460440545445e+03
4.911313897692068167e+03
4.894343334943590889e+03
4.869459124751522722e+03
4.852488562003045445e+03
4.835517999254568167e+03
4.818547436506090889e+03
4.807842913814022722e+03
4.790872351065545445e+03
4.773901788317068167e+03
4.756931225568590889e+03
4.734859027095272722e+03
4.717888464346795445e+03
4.700917901598318167e+03
4.683947338849840889e+03
4.651723284907772722e+03
4.634752722159295445e+03
4.617782159410818167e+03
4.600811596662340889e+03
