0.000000000000000000e+00
2.400000000000000355e+00
4.800000000000000711e+00
7.200000000000001066e+00
9.600000000000001421e+00
1.200000000000000178e+01
1.440000000000000213e+01
1.680000000000000426e+01
1.920000000000000284e+01
2.160000000000000142e+01
2.400000000000000000e+01
2.639999999999999858e+01
2.879999999999999716e+01
3.119999999999999574e+01
3.359999999999999432e+01
3.599999999999999289e+01
3.839999999999999147e+01
4.079999999999999005e+01
4.319999999999998863e+01
4.559999999999998721e+01
4.799999999999998579e+01
5.039999999999998437e+01
5.279999999999998295e+01
5.519999999999998153e+01
5.759999999999998010e+01
5.999999999999997868e+01
6.239999999999997726e+01
6.479999999999998295e+01
6.719999999999998863e+01
6.959999999999999432e+01
7.200000000000000000e+01
7.440000000000000568e+01
7.680000000000001137e+01
7.920000000000001705e+01
8.160000000000002274e+01
8.400000000000002842e+01
8.640000000000003411e+01
8.880000000000003979e+01
9.120000000000004547e+01
9.360000000000005116e+01
9.600000000000005684e+01
9.840000000000006253e+01
1.008000000000000682e+02
1.032000000000000739e+02
1.056000000000000796e+02
1.080000000000000853e+02
1.104000000000000909e+02
1.128000000000000966e+02
1.152000000000001023e+02
1.176000000000001080e+02
1.200000000000001137e+02
1.224000000000001194e+02
1.248000000000001251e+02
1.272000000000001307e+02
1.296000000000001364e+02
1.320000000000001421e+02
1.344000000000001478e+02
1.368000000000001535e+02
1.392000000000001592e+02
1.416000000000001648e+02
1.440000000000001705e+02
1.464000000000001762e+02
1.488000000000001819e+02
1.512000000000001876e+02
1.536000000000001933e+02
1.560000000000001990e+02
1.584000000000002046e+02
1.608000000000002103e+02
1.632000000000002160e+02
1.656000000000002217e+02
1.680000000000002274e+02
1.704000000000002331e+02
1.728000000000002387e+02
1.752000000000002444e+02
1.776000000000002501e+02
1.800000000000002558e+02
1.824000000000002615e+02
1.848000000000002672e+02
1.872000000000002728e+02
1.896000000000002785e+02
1.920000000000002842e+02
1.944000000000002899e+02
1.968000000000002956e+02
1.992000000000003013e+02
2.016000000000003070e+02
2.040000000000003126e+02
2.064000000000003183e+02
2.088000000000003240e+02
2.112000000000003297e+02
2.136000000000003354e+02
2.160000000000003411e+02
2.184000000000003467e+02
2.208000000000003524e+02
2.232000000000003581e+02
2.256000000000003638e+02
2.280000000000003695e+02
2.304000000000003752e+02
2.328000000000003809e+02
2.352000000000003865e+02
2.376000000000003922e+02
2.400000000000003979e+02
2.424000000000004036e+02
2.448000000000004093e+02
2.472000000000004150e+02
2.496000000000004206e+02
2.520000000000004263e+02
2.544000000000004320e+02
2.568000000000004093e+02
2.592000000000003865e+02
2.616000000000003638e+02
2.640000000000003411e+02
2.664000000000003183e+02
2.688000000000002956e+02
2.712000000000002728e+02
2.736000000000002501e+02
2.760000000000002274e+02
2.784000000000002046e+02
2.808000000000001819e+02
2.832000000000001592e+02
2.856000000000001364e+02
2.880000000000001137e+02
2.904000000000000909e+02
2.928000000000000682e+02
2.952000000000000455e+02
2.976000000000000227e+02
3.000000000000000000e+02
3.023999999999999773e+02
3.047999999999999545e+02
3.071999999999999318e+02
3.095999999999999091e+02
3.119999999999998863e+02
3.143999999999998636e+02
3.167999999999998408e+02
3.191999999999998181e+02
3.215999999999997954e+02
3.239999999999997726e+02
3.263999999999997499e+02
3.287999999999997272e+02
3.311999999999997044e+02
3.335999999999996817e+02
3.359999999999996589e+02
3.383999999999996362e+02
3.407999999999996135e+02
3.431999999999995907e+02
3.455999999999995680e+02
3.479999999999995453e+02
3.503999999999995225e+02
3.527999999999994998e+02
3.551999999999994770e+02
3.575999999999994543e+02
3.599999999999994316e+02
3.623999999999994088e+02
3.647999999999993861e+02
3.671999999999993634e+02
3.695999999999993406e+02
3.719999999999993179e+02
3.743999999999992951e+02
3.767999999999992724e+02
3.791999999999992497e+02
3.815999999999992269e+02
3.839999999999992042e+02
3.863999999999991815e+02
3.887999999999991587e+02
3.911999999999991360e+02
3.935999999999991132e+02
3.959999999999990905e+02
3.983999999999990678e+02
4.007999999999990450e+02
4.031999999999990223e+02
4.055999999999989996e+02
4.079999999999989768e+02
4.103999999999989541e+02
4.127999999999989313e+02
4.151999999999989086e+02
4.175999999999988859e+02
4.199999999999988631e+02
4.223999999999988404e+02
4.247999999999988177e+02
4.271999999999987949e+02
4.295999999999987722e+02
4.319999999999987494e+02
4.343999999999987267e+02
4.367999999999987040e+02
4.391999999999986812e+02
4.415999999999986585e+02
4.439999999999986358e+02
4.463999999999986130e+02
4.487999999999985903e+02
4.511999999999985675e+02
4.535999999999985448e+02
4.559999999999985221e+02
4.583999999999984993e+02
4.607999999999984766e+02
4.631999999999984539e+02
4.655999999999984311e+02
4.679999999999984084e+02
4.703999999999983856e+02
4.727999999999983629e+02
4.751999999999983402e+02
4.775999999999983174e+02
4.799999999999982947e+02
4.823999999999982720e+02
4.847999999999982492e+02
4.871999999999982265e+02
4.895999999999982037e+02
4.919999999999981810e+02
4.943999999999981583e+02
4.967999999999981355e+02
4.991999999999981128e+02
5.015999999999980901e+02
5.039999999999980673e+02
5.063999999999980446e+02
5.087999999999980218e+02
5.111999999999979991e+02
5.135999999999979764e+02
5.159999999999979536e+02
5.183999999999979309e+02
5.207999999999979082e+02
5.231999999999978854e+02
5.255999999999978627e+02
5.279999999999978400e+02
5.303999999999978172e+02
5.327999999999977945e+02
5.351999999999977717e+02
5.375999999999977490e+02
5.399999999999977263e+02
5.423999999999977035e+02
5.447999999999976808e+02
5.471999999999976581e+02
5.495999999999976353e+02
5.519999999999976126e+02
5.543999999999975898e+02
5.567999999999975671e+02
5.591999999999975444e+02
5.615999999999975216e+02
5.639999999999974989e+02
5.663999999999974762e+02
5.687999999999974534e+02
5.711999999999974307e+02
5.735999999999974079e+02
5.759999999999973852e+02
5.783999999999973625e+02
5.807999999999973397e+02
5.831999999999973170e+02
5.855999999999972943e+02
5.879999999999972715e+02
5.903999999999972488e+02
5.927999999999972260e+02
5.951999999999972033e+02
5.975999999999971806e+02
5.999999999999971578e+02
6.023999999999971351e+02
6.047999999999971124e+02
6.071999999999970896e+02
6.095999999999970669e+02
6.119999999999970441e+02
6.143999999999970214e+02
6.167999999999969987e+02
6.191999999999969759e+02
6.215999999999969532e+02
6.239999999999969305e+02
6.263999999999969077e+02
6.287999999999968850e+02
6.311999999999968622e+02
6.335999999999968395e+02
6.359999999999968168e+02
6.383999999999967940e+02
6.407999999999967713e+02
6.431999999999967486e+02
6.455999999999967258e+02
6.479999999999967031e+02
6.503999999999966803e+02
6.527999999999966576e+02
6.551999999999966349e+02
6.575999999999966121e+02
6.599999999999965894e+02
6.623999999999965667e+02
6.647999999999965439e+02
6.671999999999965212e+02
6.695999999999964984e+02
6.719999999999964757e+02
6.743999999999964530e+02
6.767999999999964302e+02
6.791999999999964075e+02
6.815999999999963848e+02
6.839999999999963620e+02
6.863999999999963393e+02
6.887999999999963165e+02
6.911999999999962938e+02
6.935999999999962711e+02
6.959999999999962483e+02
6.983999999999962256e+02
7.007999999999962029e+02
7.031999999999961801e+02
7.055999999999961574e+02
7.079999999999961346e+02
7.103999999999961119e+02
7.127999999999960892e+02
7.151999999999960664e+02
7.175999999999960437e+02
7.199999999999960210e+02
7.223999999999959982e+02
7.247999999999959755e+02
7.271999999999959527e+02
7.295999999999959300e+02
7.319999999999959073e+02
7.343999999999958845e+02
7.367999999999958618e+02
7.391999999999958391e+02
7.415999999999958163e+02
7.439999999999957936e+02
7.463999999999957708e+02
7.487999999999957481e+02
7.511999999999957254e+02
7.535999999999957026e+02
7.559999999999956799e+02
7.583999999999956572e+02
7.607999999999956344e+02
7.631999999999956117e+02
7.655999999999955890e+02
7.679999999999955662e+02
7.703999999999955435e+02
7.727999999999955207e+02
7.751999999999954980e+02
7.775999999999954753e+02
7.799999999999954525e+02
7.823999999999954298e+02
7.847999999999954071e+02
7.871999999999953843e+02
7.895999999999953616e+02
7.919999999999953388e+02
7.943999999999953161e+02
7.967999999999952934e+02
7.991999999999952706e+02
8.015999999999952479e+02
8.039999999999952252e+02
8.063999999999952024e+02
8.087999999999951797e+02
8.111999999999951569e+02
8.135999999999951342e+02
8.159999999999951115e+02
8.183999999999950887e+02
8.207999999999950660e+02
8.231999999999950433e+02
8.255999999999950205e+02
8.279999999999949978e+02
8.303999999999949750e+02
8.327999999999949523e+02
8.351999999999949296e+02
8.375999999999949068e+02
8.399999999999948841e+02
8.423999999999948614e+02
8.447999999999948386e+02
8.471999999999948159e+02
8.495999999999947931e+02
8.519999999999947704e+02
8.543999999999947477e+02
8.567999999999947249e+02
8.591999999999947022e+02
8.615999999999946795e+02
8.639999999999946567e+02
8.663999999999946340e+02
8.687999999999946112e+02
8.711999999999945885e+02
8.735999999999945658e+02
8.759999999999945430e+02
8.783999999999945203e+02
8.807999999999944976e+02
8.831999999999944748e+02
8.855999999999944521e+02
8.879999999999944293e+02
8.903999999999944066e+02
8.927999999999943839e+02
8.951999999999943611e+02
8.975999999999943384e+02
8.999999999999943157e+02
9.023999999999942929e+02
9.047999999999942702e+02
9.071999999999942474e+02
9.095999999999942247e+02
9.119999999999942020e+02
9.143999999999941792e+02
9.167999999999941565e+02
9.191999999999941338e+02
9.215999999999941110e+02
9.239999999999940883e+02
9.263999999999940655e+02
9.287999999999940428e+02
9.311999999999940201e+02
9.335999999999939973e+02
9.359999999999939746e+02
9.383999999999939519e+02
9.407999999999939291e+02
9.431999999999939064e+02
9.455999999999938836e+02
9.479999999999938609e+02
9.503999999999938382e+02
9.527999999999938154e+02
9.551999999999937927e+02
9.575999999999937700e+02
9.599999999999937472e+02
9.623999999999937245e+02
9.647999999999937017e+02
9.671999999999936790e+02
9.695999999999936563e+02
9.719999999999936335e+02
9.743999999999936108e+02
9.767999999999935881e+02
9.791999999999935653e+02
9.815999999999935426e+02
9.839999999999935199e+02
9.863999999999934971e+02
9.887999999999934744e+02
9.911999999999934516e+02
9.935999999999934289e+02
9.959999999999934062e+02
9.983999999999933834e+02
1.000799999999993361e+03
1.003199999999993338e+03
1.005599999999993315e+03
1.007999999999993292e+03
1.010399999999993270e+03
1.012799999999993247e+03
1.015199999999993224e+03
1.017599999999993202e+03
1.019999999999993179e+03
1.022399999999993156e+03
1.024799999999993133e+03
1.027199999999993224e+03
1.029599999999993315e+03
1.031999999999993406e+03
1.034399999999993497e+03
1.036799999999993588e+03
1.039199999999993679e+03
1.041599999999993770e+03
1.043999999999993861e+03
1.046399999999993952e+03
1.048799999999994043e+03
1.051199999999994134e+03
1.053599999999994225e+03
1.055999999999994316e+03
1.058399999999994407e+03
1.060799999999994498e+03
1.063199999999994589e+03
1.065599999999994679e+03
1.067999999999994770e+03
1.070399999999994861e+03
1.072799999999994952e+03
1.075199999999995043e+03
1.077599999999995134e+03
1.079999999999995225e+03
1.082399999999995316e+03
1.084799999999995407e+03
1.087199999999995498e+03
1.089599999999995589e+03
1.091999999999995680e+03
1.094399999999995771e+03
1.096799999999995862e+03
1.099199999999995953e+03
1.101599999999996044e+03
1.103999999999996135e+03
1.106399999999996226e+03
1.108799999999996317e+03
1.111199999999996407e+03
1.113599999999996498e+03
1.115999999999996589e+03
1.118399999999996680e+03
1.120799999999996771e+03
1.123199999999996862e+03
1.125599999999996953e+03
1.127999999999997044e+03
1.130399999999997135e+03
1.132799999999997226e+03
1.135199999999997317e+03
1.137599999999997408e+03
1.139999999999997499e+03
1.142399999999997590e+03
1.144799999999997681e+03
1.147199999999997772e+03
1.149599999999997863e+03
1.151999999999997954e+03
1.154399999999998045e+03
1.156799999999998136e+03
1.159199999999998226e+03
1.161599999999998317e+03
1.163999999999998408e+03
1.166399999999998499e+03
1.168799999999998590e+03
1.171199999999998681e+03
1.173599999999998772e+03
1.175999999999998863e+03
1.178399999999998954e+03
1.180799999999999045e+03
1.183199999999999136e+03
1.185599999999999227e+03
1.187999999999999318e+03
1.190399999999999409e+03
1.192799999999999500e+03
1.195199999999999591e+03
1.197599999999999682e+03
1.199999999999999773e+03
1.202399999999999864e+03
1.204799999999999955e+03
1.207200000000000045e+03
1.209600000000000136e+03
1.212000000000000227e+03
1.214400000000000318e+03
1.216800000000000409e+03
1.219200000000000500e+03
1.221600000000000591e+03
1.224000000000000682e+03
1.226400000000000773e+03
1.228800000000000864e+03
1.231200000000000955e+03
1.233600000000001046e+03
1.236000000000001137e+03
1.238400000000001228e+03
1.240800000000001319e+03
1.243200000000001410e+03
1.245600000000001501e+03
1.248000000000001592e+03
1.250400000000001683e+03
1.252800000000001774e+03
1.255200000000001864e+03
1.257600000000001955e+03
1.260000000000002046e+03
1.262400000000002137e+03
1.264800000000002228e+03
1.267200000000002319e+03
1.269600000000002410e+03
1.272000000000002501e+03
1.274400000000002592e+03
1.276800000000002683e+03
1.279200000000002774e+03
1.281600000000002865e+03
1.284000000000002956e+03
1.286400000000003047e+03
1.288800000000003138e+03
1.291200000000003229e+03
1.293600000000003320e+03
1.296000000000003411e+03
1.298400000000003502e+03
1.300800000000003593e+03
1.303200000000003683e+03
1.305600000000003774e+03
1.308000000000003865e+03
1.310400000000003956e+03
1.312800000000004047e+03
1.315200000000004138e+03
1.317600000000004229e+03
1.320000000000004320e+03
1.322400000000004411e+03
1.324800000000004502e+03
1.327200000000004593e+03
1.329600000000004684e+03
1.332000000000004775e+03
1.334400000000004866e+03
1.336800000000004957e+03
1.339200000000005048e+03
1.341600000000005139e+03
1.344000000000005230e+03
1.346400000000005321e+03
1.348800000000005411e+03
1.351200000000005502e+03
1.353600000000005593e+03
1.356000000000005684e+03
1.358400000000005775e+03
1.360800000000005866e+03
1.363200000000005957e+03
1.365600000000006048e+03
1.368000000000006139e+03
1.370400000000006230e+03
1.372800000000006321e+03
1.375200000000006412e+03
1.377600000000006503e+03
1.380000000000006594e+03
1.382400000000006685e+03
1.384800000000006776e+03
1.387200000000006867e+03
1.389600000000006958e+03
1.392000000000007049e+03
1.394400000000007140e+03
1.396800000000007230e+03
1.399200000000007321e+03
1.401600000000007412e+03
1.404000000000007503e+03
1.406400000000007594e+03
1.408800000000007685e+03
1.411200000000007776e+03
1.413600000000007867e+03
1.416000000000007958e+03
1.418400000000008049e+03
1.420800000000008140e+03
1.423200000000008231e+03
1.425600000000008322e+03
1.428000000000008413e+03
1.430400000000008504e+03
1.432800000000008595e+03
1.435200000000008686e+03
1.437600000000008777e+03
1.440000000000008868e+03
1.442400000000008959e+03
1.444800000000009049e+03
1.447200000000009140e+03
1.449600000000009231e+03
1.452000000000009322e+03
1.454400000000009413e+03
1.456800000000009504e+03
1.459200000000009595e+03
1.461600000000009686e+03
1.464000000000009777e+03
1.466400000000009868e+03
1.468800000000009959e+03
1.471200000000010050e+03
1.473600000000010141e+03
1.476000000000010232e+03
1.478400000000010323e+03
1.480800000000010414e+03
1.483200000000010505e+03
1.485600000000010596e+03
1.488000000000010687e+03
1.490400000000010778e+03
1.492800000000010868e+03
1.495200000000010959e+03
1.497600000000011050e+03
1.500000000000011141e+03
1.502400000000011232e+03
1.504800000000011323e+03
1.507200000000011414e+03
1.509600000000011505e+03
1.512000000000011596e+03
1.514400000000011687e+03
1.516800000000011778e+03
1.519200000000011869e+03
1.521600000000011960e+03
1.524000000000012051e+03
1.526400000000012142e+03
1.528800000000012233e+03
1.531200000000012324e+03
1.533600000000012415e+03
1.536000000000012506e+03
1.538400000000012597e+03
1.540800000000012687e+03
1.543200000000012778e+03
1.545600000000012869e+03
1.548000000000012960e+03
1.550400000000013051e+03
1.552800000000013142e+03
1.555200000000013233e+03
1.557600000000013324e+03
1.560000000000013415e+03
1.562400000000013506e+03
1.564800000000013597e+03
1.567200000000013688e+03
1.569600000000013779e+03
1.572000000000013870e+03
1.574400000000013961e+03
1.576800000000014052e+03
1.579200000000014143e+03
1.581600000000014234e+03
1.584000000000014325e+03
1.586400000000014415e+03
1.588800000000014506e+03
1.591200000000014597e+03
1.593600000000014688e+03
1.596000000000014779e+03
1.598400000000014870e+03
1.600800000000014961e+03
1.603200000000015052e+03
1.605600000000015143e+03
1.608000000000015234e+03
1.610400000000015325e+03
1.612800000000015416e+03
1.615200000000015507e+03
1.617600000000015598e+03
1.620000000000015689e+03
1.622400000000015780e+03
1.624800000000015871e+03
1.627200000000015962e+03
1.629600000000016053e+03
1.632000000000016144e+03
1.634400000000016234e+03
1.636800000000016325e+03
1.639200000000016416e+03
1.641600000000016507e+03
1.644000000000016598e+03
1.646400000000016689e+03
1.648800000000016780e+03
1.651200000000016871e+03
1.653600000000016962e+03
1.656000000000017053e+03
1.658400000000017144e+03
1.660800000000017235e+03
1.663200000000017326e+03
1.665600000000017417e+03
1.668000000000017508e+03
1.670400000000017599e+03
1.672800000000017690e+03
1.675200000000017781e+03
1.677600000000017872e+03
1.680000000000017963e+03
1.682400000000018053e+03
1.684800000000018144e+03
1.687200000000018235e+03
1.689600000000018326e+03
1.692000000000018417e+03
1.694400000000018508e+03
1.696800000000018599e+03
1.699200000000018690e+03
1.701600000000018781e+03
1.704000000000018872e+03
1.706400000000018963e+03
1.708800000000019054e+03
1.711200000000019145e+03
1.713600000000019236e+03
1.716000000000019327e+03
1.718400000000019418e+03
1.720800000000019509e+03
1.723200000000019600e+03
1.725600000000019691e+03
1.728000000000019782e+03
1.730400000000019872e+03
1.732800000000019963e+03
1.735200000000020054e+03
1.737600000000020145e+03
1.740000000000020236e+03
1.742400000000020327e+03
1.744800000000020418e+03
1.747200000000020509e+03
1.749600000000020600e+03
1.752000000000020691e+03
1.754400000000020782e+03
1.756800000000020873e+03
1.759200000000020964e+03
1.761600000000021055e+03
1.764000000000021146e+03
1.766400000000021237e+03
1.768800000000021328e+03
1.771200000000021419e+03
1.773600000000021510e+03
1.776000000000021600e+03
1.778400000000021691e+03
1.780800000000021782e+03
1.783200000000021873e+03
1.785600000000021964e+03
1.788000000000022055e+03
1.790400000000022146e+03
1.792800000000022237e+03
1.795200000000022328e+03
1.797600000000022419e+03
