-5.774256343684579740e+00
-5.774256343684579740e+00
-5.774256343684579740e+00
-5.774256343684579740e+00
-5.774256343684579740e+00
-5.774256343684579740e+00
-5.774256343684579740e+00
-5.774256343684579740e+00
-3.984655949502467820e+00
-3.984655949502467820e+00
-3.984655949502467820e+00
-3.984655949502467820e+00
-3.984655949502467820e+00
-3.984655949502467820e+00
-3.984655949502467820e+00
-3.984655949502467820e+00
-3.942497017062258635e-01
-3.942497017062258635e-01
-3.942497017062258635e-01
-3.942497017062258635e-01
-3.942497017062258635e-01
-3.942497017062258635e-01
-3.942497017062258635e-01
-3.942497017062258635e-01
2.039143463793436695e+00
2.039143463793436695e+00
2.039143463793436695e+00
2.039143463793436695e+00
2.039143463793436695e+00
2.039143463793436695e+00
2.039143463793436695e+00
2.039143463793436695e+00
1.400621109567776301e+00
1.400621109567776301e+00
1.400621109567776301e+00
1.400621109567776301e+00
1.400621109567776301e+00
1.400621109567776301e+00
1.400621109567776301e+00
1.400621109567776301e+00
-4.882377128191492943e-01
-4.882377128191492943e-01
-4.882377128191492943e-01
-4.882377128191492943e-01
-4.882377128191492943e-01
-4.882377128191492943e-01
-4.882377128191492943e-01
-4.882377128191492943e-01
-2.019327870202296538e-01
-2.019327870202296538e-01
-2.019327870202296538e-01
-2.019327870202296538e-01
-2.019327870202296538e-01
-2.019327870202296538e-01
-2.019327870202296538e-01
-2.019327870202296538e-01
-2.275762301377209695e+00
-2.275762301377209695e+00
-2.275762301377209695e+00
-2.275762301377209695e+00
-2.275762301377209695e+00
-2.275762301377209695e+00
-2.275762301377209695e+00
-2.275762301377209695e+00
6.088510607910464500e-01
6.088510607910464500e-01
6.088510607910464500e-01
6.088510607910464500e-01
6.088510607910464500e-01
6.088510607910464500e-01
6.088510607910464500e-01
6.088510607910464500e-01
-4.964882884652396910e+00
-4.964882884652396910e+00
-4.964882884652396910e+00
-4.964882884652396910e+00
-4.964882884652396910e+00
-4.964882884652396910e+00
-4.964882884652396910e+00
-4.964882884652396910e+00
-7.578050586821305501e-01
-7.578050586821305501e-01
-7.578050586821305501e-01
-7.578050586821305501e-01
-7.578050586821305501e-01
-7.578050586821305501e-01
-7.578050586821305501e-01
-7.578050586821305501e-01
2.280630998095535489e+00
2.280630998095535489e+00
2.280630998095535489e+00
2.280630998095535489e+00
2.280630998095535489e+00
2.280630998095535489e+00
2.280630998095535489e+00
2.280630998095535489e+00
-3.758645084621786481e+00
-3.758645084621786481e+00
-3.758645084621786481e+00
-3.758645084621786481e+00
-3.758645084621786481e+00
-3.758645084621786481e+00
-3.758645084621786481e+00
-3.758645084621786481e+00
-2.025466211260773974e+00
-2.025466211260773974e+00
-2.025466211260773974e+00
-2.025466211260773974e+00
-2.025466211260773974e+00
-2.025466211260773974e+00
-2.025466211260773974e+00
-2.025466211260773974e+00
2.531159121547272406e+00
2.531159121547272406e+00
2.531159121547272406e+00
2.531159121547272406e+00
2.531159121547272406e+00
2.531159121547272406e+00
2.531159121547272406e+00
2.531159121547272406e+00
1.456745725862738539e+00
1.456745725862738539e+00
1.456745725862738539e+00
1.456745725862738539e+00
1.456745725862738539e+00
1.456745725862738539e+00
1.456745725862738539e+00
1.456745725862738539e+00
-4.593874024504874143e+00
-4.593874024504874143e+00
-4.593874024504874143e+00
-4.593874024504874143e+00
-4.593874024504874143e+00
-4.593874024504874143e+00
-4.593874024504874143e+00
-4.593874024504874143e+00
-3.434254060774616590e+00
-3.434254060774616590e+00
-3.434254060774616590e+00
-3.434254060774616590e+00
-3.434254060774616590e+00
-3.434254060774616590e+00
-3.434254060774616590e+00
-3.434254060774616590e+00
4.489808283063297267e+00
4.489808283063297267e+00
4.489808283063297267e+00
4.489808283063297267e+00
4.489808283063297267e+00
4.489808283063297267e+00
4.489808283063297267e+00
4.489808283063297267e+00
1.950172499223604916e+00
1.950172499223604916e+00
1.950172499223604916e+00
1.950172499223604916e+00
1.950172499223604916e+00
1.950172499223604916e+00
1.950172499223604916e+00
1.950172499223604916e+00
3.931875398653641440e+00
3.931875398653641440e+00
3.931875398653641440e+00
3.931875398653641440e+00
3.931875398653641440e+00
3.931875398653641440e+00
3.931875398653641440e+00
3.931875398653641440e+00
-7.952247619341790141e-02
-7.952247619341790141e-02
-7.952247619341790141e-02
-7.952247619341790141e-02
-7.952247619341790141e-02
-7.952247619341790141e-02
-7.952247619341790141e-02
-7.952247619341790141e-02
-9.859345328224083715e+00
-9.859345328224083715e+00
-9.859345328224083715e+00
-9.859345328224083715e+00
-9.859345328224083715e+00
-9.859345328224083715e+00
-9.859345328224083715e+00
-9.859345328224083715e+00
4.659008534270832058e-01
4.659008534270832058e-01
4.659008534270832058e-01
4.659008534270832058e-01
4.659008534270832058e-01
4.659008534270832058e-01
4.659008534270832058e-01
4.659008534270832058e-01
7.733768441284288642e+00
7.733768441284288642e+00
7.733768441284288642e+00
7.733768441284288642e+00
7.733768441284288642e+00
7.733768441284288642e+00
7.733768441284288642e+00
7.733768441284288642e+00
-4.713321271326442741e-01
-4.713321271326442741e-01
-4.713321271326442741e-01
-4.713321271326442741e-01
-4.713321271326442741e-01
-4.713321271326442741e-01
-4.713321271326442741e-01
-4.713321271326442741e-01
-4.994749421767611608e+00
-4.994749421767611608e+00
-4.994749421767611608e+00
-4.994749421767611608e+00
-4.994749421767611608e+00
-4.994749421767611608e+00
-4.994749421767611608e+00
-4.994749421767611608e+00
1.157875367987344362e+00
1.157875367987344362e+00
1.157875367987344362e+00
1.157875367987344362e+00
1.157875367987344362e+00
1.157875367987344362e+00
1.157875367987344362e+00
1.157875367987344362e+00
7.635046573259316460e-01
7.635046573259316460e-01
7.635046573259316460e-01
7.635046573259316460e-01
7.635046573259316460e-01
7.635046573259316460e-01
7.635046573259316460e-01
7.635046573259316460e-01
-2.215399759138968250e+00
-2.215399759138968250e+00
-2.215399759138968250e+00
-2.215399759138968250e+00
-2.215399759138968250e+00
-2.215399759138968250e+00
-2.215399759138968250e+00
-2.215399759138968250e+00
1.343370226697327752e+00
1.343370226697327752e+00
1.343370226697327752e+00
1.343370226697327752e+00
1.343370226697327752e+00
1.343370226697327752e+00
1.343370226697327752e+00
1.343370226697327752e+00
-4.586140348325255189e+00
-4.586140348325255189e+00
-4.586140348325255189e+00
-4.586140348325255189e+00
-4.586140348325255189e+00
-4.586140348325255189e+00
-4.586140348325255189e+00
-4.586140348325255189e+00
2.730568604711768543e+00
2.730568604711768543e+00
2.730568604711768543e+00
2.730568604711768543e+00
2.730568604711768543e+00
2.730568604711768543e+00
2.730568604711768543e+00
2.730568604711768543e+00
-5.514166223243734066e+00
-5.514166223243734066e+00
-5.514166223243734066e+00
-5.514166223243734066e+00
-5.514166223243734066e+00
-5.514166223243734066e+00
-5.514166223243734066e+00
-5.514166223243734066e+00
5.865902878783211705e+00
5.865902878783211705e+00
5.865902878783211705e+00
5.865902878783211705e+00
5.865902878783211705e+00
5.865902878783211705e+00
5.865902878783211705e+00
5.865902878783211705e+00
-4.901067407676400478e-01
-4.901067407676400478e-01
-4.901067407676400478e-01
-4.901067407676400478e-01
-4.901067407676400478e-01
-4.901067407676400478e-01
-4.901067407676400478e-01
-4.901067407676400478e-01
-3.520861998861114728e+00
-3.520861998861114728e+00
-3.520861998861114728e+00
-3.520861998861114728e+00
-3.520861998861114728e+00
-3.520861998861114728e+00
-3.520861998861114728e+00
-3.520861998861114728e+00
-4.231019913378215591e+00
-4.231019913378215591e+00
-4.231019913378215591e+00
-4.231019913378215591e+00
-4.231019913378215591e+00
-4.231019913378215591e+00
-4.231019913378215591e+00
-4.231019913378215591e+00
-1.491865629950492433e+00
-1.491865629950492433e+00
-1.491865629950492433e+00
-1.491865629950492433e+00
-1.491865629950492433e+00
-1.491865629950492433e+00
-1.491865629950492433e+00
-1.491865629950492433e+00
3.619640781246641126e+00
3.619640781246641126e+00
3.619640781246641126e+00
3.619640781246641126e+00
3.619640781246641126e+00
3.619640781246641126e+00
3.619640781246641126e+00
3.619640781246641126e+00
-1.706056496556346502e+00
-1.706056496556346502e+00
-1.706056496556346502e+00
-1.706056496556346502e+00
-1.706056496556346502e+00
-1.706056496556346502e+00
-1.706056496556346502e+00
-1.706056496556346502e+00
-1.753269996220296889e+00
-1.753269996220296889e+00
-1.753269996220296889e+00
-1.753269996220296889e+00
-1.753269996220296889e+00
-1.753269996220296889e+00
-1.753269996220296889e+00
-1.753269996220296889e+00
6.085234686294111128e+00
6.085234686294111128e+00
6.085234686294111128e+00
6.085234686294111128e+00
6.085234686294111128e+00
6.085234686294111128e+00
6.085234686294111128e+00
6.085234686294111128e+00
7.295809001466221133e+00
7.295809001466221133e+00
7.295809001466221133e+00
7.295809001466221133e+00
7.295809001466221133e+00
7.295809001466221133e+00
7.295809001466221133e+00
7.295809001466221133e+00
7.128565555634089890e-01
7.128565555634089890e-01
7.128565555634089890e-01
7.128565555634089890e-01
7.128565555634089890e-01
7.128565555634089890e-01
7.128565555634089890e-01
7.128565555634089890e-01
-5.282542588349748769e+00
-5.282542588349748769e+00
-5.282542588349748769e+00
-5.282542588349748769e+00
-5.282542588349748769e+00
-5.282542588349748769e+00
-5.282542588349748769e+00
-5.282542588349748769e+00
-5.784531397960037680e+00
-5.784531397960037680e+00
-5.784531397960037680e+00
-5.784531397960037680e+00
-5.784531397960037680e+00
-5.784531397960037680e+00
-5.784531397960037680e+00
-5.784531397960037680e+00
-1.515853684647691324e+00
-1.515853684647691324e+00
-1.515853684647691324e+00
-1.515853684647691324e+00
-1.515853684647691324e+00
-1.515853684647691324e+00
-1.515853684647691324e+00
-1.515853684647691324e+00
9.979679819554263531e-01
9.979679819554263531e-01
9.979679819554263531e-01
9.979679819554263531e-01
9.979679819554263531e-01
9.979679819554263531e-01
9.979679819554263531e-01
9.979679819554263531e-01
1.496434614179609213e-01
1.496434614179609213e-01
1.496434614179609213e-01
1.496434614179609213e-01
1.496434614179609213e-01
1.496434614179609213e-01
1.496434614179609213e-01
1.496434614179609213e-01
-1.556202964633754959e+00
-1.556202964633754959e+00
-1.556202964633754959e+00
-1.556202964633754959e+00
-1.556202964633754959e+00
-1.556202964633754959e+00
-1.556202964633754959e+00
-1.556202964633754959e+00
3.126242677027715189e-01
3.126242677027715189e-01
3.126242677027715189e-01
3.126242677027715189e-01
3.126242677027715189e-01
3.126242677027715189e-01
3.126242677027715189e-01
3.126242677027715189e-01
-8.289620538268376748e+00
-8.289620538268376748e+00
-8.289620538268376748e+00
-8.289620538268376748e+00
-8.289620538268376748e+00
-8.289620538268376748e+00
-8.289620538268376748e+00
-8.289620538268376748e+00
-3.398927381020016014e+00
-3.398927381020016014e+00
-3.398927381020016014e+00
-3.398927381020016014e+00
-3.398927381020016014e+00
-3.398927381020016014e+00
-3.398927381020016014e+00
-3.398927381020016014e+00
2.641000534129471333e+00
2.641000534129471333e+00
2.641000534129471333e+00
2.641000534129471333e+00
2.641000534129471333e+00
2.641000534129471333e+00
2.641000534129471333e+00
2.641000534129471333e+00
2.603054337556486075e+00
2.603054337556486075e+00
2.603054337556486075e+00
2.603054337556486075e+00
2.603054337556486075e+00
2.603054337556486075e+00
2.603054337556486075e+00
2.603054337556486075e+00
1.653134062779045621e+00
1.653134062779045621e+00
1.653134062779045621e+00
1.653134062779045621e+00
1.653134062779045621e+00
1.653134062779045621e+00
1.653134062779045621e+00
1.653134062779045621e+00
-6.813640968814738130e+00
-6.813640968814738130e+00
-6.813640968814738130e+00
-6.813640968814738130e+00
-6.813640968814738130e+00
-6.813640968814738130e+00
-6.813640968814738130e+00
-6.813640968814738130e+00
-1.225504112749652208e+00
-1.225504112749652208e+00
-1.225504112749652208e+00
-1.225504112749652208e+00
-1.225504112749652208e+00
-1.225504112749652208e+00
-1.225504112749652208e+00
-1.225504112749652208e+00
-4.678132738011783864e+00
-4.678132738011783864e+00
-4.678132738011783864e+00
-4.678132738011783864e+00
-4.678132738011783864e+00
-4.678132738011783864e+00
-4.678132738011783864e+00
-4.678132738011783864e+00
-5.433101088206608864e+00
-5.433101088206608864e+00
-5.433101088206608864e+00
-5.433101088206608864e+00
-5.433101088206608864e+00
-5.433101088206608864e+00
-5.433101088206608864e+00
-5.433101088206608864e+00
8.620760189281249097e-01
8.620760189281249097e-01
8.620760189281249097e-01
8.620760189281249097e-01
8.620760189281249097e-01
8.620760189281249097e-01
8.620760189281249097e-01
8.620760189281249097e-01
1.398941544515759361e+00
1.398941544515759361e+00
1.398941544515759361e+00
1.398941544515759361e+00
1.398941544515759361e+00
1.398941544515759361e+00
1.398941544515759361e+00
1.398941544515759361e+00
3.024180349485433794e+00
3.024180349485433794e+00
3.024180349485433794e+00
3.024180349485433794e+00
3.024180349485433794e+00
3.024180349485433794e+00
3.024180349485433794e+00
3.024180349485433794e+00
-1.453047215710313367e+00
-1.453047215710313367e+00
-1.453047215710313367e+00
-1.453047215710313367e+00
-1.453047215710313367e+00
-1.453047215710313367e+00
-1.453047215710313367e+00
-1.453047215710313367e+00
-2.865661747193989584e+00
-2.865661747193989584e+00
-2.865661747193989584e+00
-2.865661747193989584e+00
-2.865661747193989584e+00
-2.865661747193989584e+00
-2.865661747193989584e+00
-2.865661747193989584e+00
-1.214276022674646072e+00
-1.214276022674646072e+00
-1.214276022674646072e+00
-1.214276022674646072e+00
-1.214276022674646072e+00
-1.214276022674646072e+00
-1.214276022674646072e+00
-1.214276022674646072e+00
-1.235889476065192838e+00
-1.235889476065192838e+00
-1.235889476065192838e+00
-1.235889476065192838e+00
-1.235889476065192838e+00
-1.235889476065192838e+00
-1.235889476065192838e+00
-1.235889476065192838e+00
6.801788995019033557e-01
6.801788995019033557e-01
6.801788995019033557e-01
6.801788995019033557e-01
6.801788995019033557e-01
6.801788995019033557e-01
6.801788995019033557e-01
6.801788995019033557e-01
-3.881132705944891903e-01
-3.881132705944891903e-01
-3.881132705944891903e-01
-3.881132705944891903e-01
-3.881132705944891903e-01
-3.881132705944891903e-01
-3.881132705944891903e-01
-3.881132705944891903e-01
3.341581848440782210e+00
3.341581848440782210e+00
3.341581848440782210e+00
3.341581848440782210e+00
3.341581848440782210e+00
3.341581848440782210e+00
3.341581848440782210e+00
3.341581848440782210e+00
9.837401620184969886e+00
9.837401620184969886e+00
9.837401620184969886e+00
9.837401620184969886e+00
9.837401620184969886e+00
9.837401620184969886e+00
9.837401620184969886e+00
9.837401620184969886e+00
9.877111766420298977e-01
9.877111766420298977e-01
9.877111766420298977e-01
9.877111766420298977e-01
9.877111766420298977e-01
9.877111766420298977e-01
9.877111766420298977e-01
9.877111766420298977e-01
-3.711599603769343503e+00
-3.711599603769343503e+00
-3.711599603769343503e+00
-3.711599603769343503e+00
-3.711599603769343503e+00
-3.711599603769343503e+00
-3.711599603769343503e+00
-3.711599603769343503e+00
-1.176643274291937047e+00
-1.176643274291937047e+00
-1.176643274291937047e+00
-1.176643274291937047e+00
-1.176643274291937047e+00
-1.176643274291937047e+00
-1.176643274291937047e+00
-1.176643274291937047e+00
3.439674713126009920e+00
3.439674713126009920e+00
3.439674713126009920e+00
3.439674713126009920e+00
3.439674713126009920e+00
3.439674713126009920e+00
3.439674713126009920e+00
3.439674713126009920e+00
-2.902585957045449305e+00
-2.902585957045449305e+00
-2.902585957045449305e+00
-2.902585957045449305e+00
-2.902585957045449305e+00
-2.902585957045449305e+00
-2.902585957045449305e+00
-2.902585957045449305e+00
-7.086580624766867231e-01
-7.086580624766867231e-01
-7.086580624766867231e-01
-7.086580624766867231e-01
-7.086580624766867231e-01
-7.086580624766867231e-01
-7.086580624766867231e-01
-7.086580624766867231e-01
6.760446200569745656e+00
6.760446200569745656e+00
6.760446200569745656e+00
6.760446200569745656e+00
6.760446200569745656e+00
6.760446200569745656e+00
6.760446200569745656e+00
6.760446200569745656e+00
-1.500429550383081789e+00
-1.500429550383081789e+00
-1.500429550383081789e+00
-1.500429550383081789e+00
-1.500429550383081789e+00
-1.500429550383081789e+00
-1.500429550383081789e+00
-1.500429550383081789e+00
-1.035662343358234594e+01
-1.035662343358234594e+01
-1.035662343358234594e+01
-1.035662343358234594e+01
-1.035662343358234594e+01
-1.035662343358234594e+01
-1.035662343358234594e+01
-1.035662343358234594e+01
-1.691004197048357582e+00
-1.691004197048357582e+00
-1.691004197048357582e+00
-1.691004197048357582e+00
-1.691004197048357582e+00
-1.691004197048357582e+00
-1.691004197048357582e+00
-1.691004197048357582e+00
-4.756120533214598822e+00
-4.756120533214598822e+00
-4.756120533214598822e+00
-4.756120533214598822e+00
-4.756120533214598822e+00
-4.756120533214598822e+00
-4.756120533214598822e+00
-4.756120533214598822e+00
-5.226251050953315769e+00
-5.226251050953315769e+00
-5.226251050953315769e+00
-5.226251050953315769e+00
-5.226251050953315769e+00
-5.226251050953315769e+00
-5.226251050953315769e+00
-5.226251050953315769e+00
-7.273448974119352428e+00
-7.273448974119352428e+00
-7.273448974119352428e+00
-7.273448974119352428e+00
-7.273448974119352428e+00
-7.273448974119352428e+00
-7.273448974119352428e+00
-7.273448974119352428e+00
-1.514100197917684909e+00
-1.514100197917684909e+00
-1.514100197917684909e+00
-1.514100197917684909e+00
-1.514100197917684909e+00
-1.514100197917684909e+00
-1.514100197917684909e+00
-1.514100197917684909e+00
6.671559398079381253e+00
6.671559398079381253e+00
6.671559398079381253e+00
6.671559398079381253e+00
6.671559398079381253e+00
6.671559398079381253e+00
6.671559398079381253e+00
6.671559398079381253e+00
-2.618788874768426922e+00
-2.618788874768426922e+00
-2.618788874768426922e+00
-2.618788874768426922e+00
-2.618788874768426922e+00
-2.618788874768426922e+00
-2.618788874768426922e+00
-2.618788874768426922e+00
-3.459080361167274020e+00
-3.459080361167274020e+00
-3.459080361167274020e+00
-3.459080361167274020e+00
-3.459080361167274020e+00
-3.459080361167274020e+00
-3.459080361167274020e+00
-3.459080361167274020e+00
-2.138549168894886776e+00
-2.138549168894886776e+00
-2.138549168894886776e+00
-2.138549168894886776e+00
-2.138549168894886776e+00
-2.138549168894886776e+00
-2.138549168894886776e+00
-2.138549168894886776e+00
1.566033406118300775e+00
1.566033406118300775e+00
1.566033406118300775e+00
1.566033406118300775e+00
1.566033406118300775e+00
1.566033406118300775e+00
1.566033406118300775e+00
1.566033406118300775e+00
2.458457400376524049e+00
2.458457400376524049e+00
2.458457400376524049e+00
2.458457400376524049e+00
2.458457400376524049e+00
2.458457400376524049e+00
2.458457400376524049e+00
2.458457400376524049e+00
-3.746169400369243618e+00
-3.746169400369243618e+00
-3.746169400369243618e+00
-3.746169400369243618e+00
-3.746169400369243618e+00
-3.746169400369243618e+00
