-2.053768248826874299e+01
-2.218415982106402851e+01
-1.638815198905632542e+01
-8.858562141678255841e+00
-2.810280728609289014e+00
-9.131459903360806152e+00
-1.214781102156574732e+01
-1.098623516665467292e+01
-6.090832432452650380e+00
-8.063350020566545595e+00
-7.084454900026997848e+00
-1.089496740923095075e+01
-8.189204067887189353e+00
-5.145166228049546930e+00
-5.560037899449056908e+00
-6.980861713964266357e+00
-7.888268916969522593e+00
-6.863690477524926337e+00
-5.979534418549903307e+00
-7.449021415210303587e+00
-8.002427011793280087e+00
-7.510507290637974620e+00
-7.986116196555855140e+00
-5.870409152466145031e+00
-7.820648371137245647e+00
-7.739645705812044696e+00
-7.787779833902320092e+00
-8.896494351556071933e+00
-8.322157973998244529e+00
-7.716354406111278763e+00
-6.841506151246989020e+00
-7.700311425317835301e+00
-7.380055139542164966e+00
-6.891356492525190447e+00
-7.684014593941412841e+00
-7.744428812462388123e+00
-8.405263243949789853e+00
-6.881853863874354715e+00
-7.052225694042753901e+00
-7.402537918853937526e+00
-7.081055124444809223e+00
-7.370391541571954974e+00
-7.301946842505619983e+00
-7.652344565284415090e+00
-7.871838646822670427e+00
-7.770455765081280219e+00
-6.728990898294519241e+00
-8.236486019740723918e+00
-8.154171929776623529e+00
-7.631143309695730181e+00
-7.674208010342951525e+00
-6.201135482972958357e+00
-7.381434791715861365e+00
-8.586230317620874075e+00
-6.293053564663949828e+00
-9.524968887112123639e+00
-1.181266596838591454e+01
-6.460616146150414352e+00
-3.664109118096206430e+00
-7.572406047378478888e+00
-5.442984168360766262e+00
-6.871583979379778384e+00
-5.591219964702020206e+00
-7.548126680027309021e+00
-5.086275424487325836e+00
-6.155053924451891589e+00
-6.812565376437220266e+00
-9.389872811355360227e+00
-7.740905329146585245e+00
-1.256306234593964177e+01
-1.243701655912462911e+01
-7.820431460367643695e+00
