-2.341223548956151035e+00
-2.332014309237589345e+00
-2.287726785935139340e+00
-2.313300461102100414e+00
-2.306683419342683727e+00
-2.295308678184990292e+00
-2.294712034028180359e+00
-2.299987331881550912e+00
-2.298450379861584292e+00
-2.300215779106198788e+00
-2.300414436062258261e+00
-2.296529217133640444e+00
-2.298021132463794913e+00
-2.298764265648369332e+00
-2.299376621889498651e+00
-2.297816049401419924e+00
-2.298158255124976179e+00
-2.299375863441374790e+00
-2.299375007569239848e+00
-2.297027547216876631e+00
-2.293954367546396700e+00
-2.298666463216149314e+00
-2.303308990427703318e+00
-2.293812040955148568e+00
-2.294273254271775642e+00
-2.299446075237386644e+00
-2.296215513547984699e+00
-2.300830773707787102e+00
-2.294633733257207098e+00
-2.303975031277003982e+00
-2.302021028978983086e+00
-2.291331380469916024e+00
-2.296535154552478808e+00
-2.304583213835051492e+00
-2.292075892139069371e+00
-2.293716531820546134e+00
