1.742823750923146342e+00
1.742823750923146342e+00
1.742823750923146342e+00
1.742823750923146342e+00
1.742823750923146342e+00
1.742823750923146342e+00
1.742823750923146342e+00
1.742823750923146342e+00
-5.164193661593863283e-01
-5.164193661593863283e-01
-5.164193661593863283e-01
-5.164193661593863283e-01
-5.164193661593863283e-01
-5.164193661593863283e-01
-5.164193661593863283e-01
-5.164193661593863283e-01
-1.078650060150980750e-01
-1.078650060150980750e-01
-1.078650060150980750e-01
-1.078650060150980750e-01
-1.078650060150980750e-01
-1.078650060150980750e-01
-1.078650060150980750e-01
-1.078650060150980750e-01
3.389916877314718135e+00
3.389916877314718135e+00
3.389916877314718135e+00
3.389916877314718135e+00
3.389916877314718135e+00
3.389916877314718135e+00
3.389916877314718135e+00
3.389916877314718135e+00
5.021721318528595823e+00
5.021721318528595823e+00
5.021721318528595823e+00
5.021721318528595823e+00
5.021721318528595823e+00
5.021721318528595823e+00
5.021721318528595823e+00
5.021721318528595823e+00
3.512638449648335381e+00
3.512638449648335381e+00
3.512638449648335381e+00
3.512638449648335381e+00
3.512638449648335381e+00
3.512638449648335381e+00
3.512638449648335381e+00
3.512638449648335381e+00
2.736828674317039578e+00
2.736828674317039578e+00
2.736828674317039578e+00
2.736828674317039578e+00
2.736828674317039578e+00
2.736828674317039578e+00
2.736828674317039578e+00
2.736828674317039578e+00
3.235945958801455191e+00
3.235945958801455191e+00
3.235945958801455191e+00
3.235945958801455191e+00
3.235945958801455191e+00
3.235945958801455191e+00
3.235945958801455191e+00
3.235945958801455191e+00
3.494018101358070894e+00
3.494018101358070894e+00
3.494018101358070894e+00
3.494018101358070894e+00
3.494018101358070894e+00
3.494018101358070894e+00
3.494018101358070894e+00
3.494018101358070894e+00
3.836765116932491004e+00
3.836765116932491004e+00
3.836765116932491004e+00
3.836765116932491004e+00
3.836765116932491004e+00
3.836765116932491004e+00
3.836765116932491004e+00
3.836765116932491004e+00
4.554566879866269957e+00
4.554566879866269957e+00
4.554566879866269957e+00
4.554566879866269957e+00
4.554566879866269957e+00
4.554566879866269957e+00
4.554566879866269957e+00
4.554566879866269957e+00
2.294090993912547560e+00
2.294090993912547560e+00
2.294090993912547560e+00
2.294090993912547560e+00
2.294090993912547560e+00
2.294090993912547560e+00
2.294090993912547560e+00
2.294090993912547560e+00
2.607482249872951741e+00
2.607482249872951741e+00
2.607482249872951741e+00
2.607482249872951741e+00
2.607482249872951741e+00
2.607482249872951741e+00
2.607482249872951741e+00
2.607482249872951741e+00
3.758731359739591049e+00
3.758731359739591049e+00
3.758731359739591049e+00
3.758731359739591049e+00
3.758731359739591049e+00
3.758731359739591049e+00
3.758731359739591049e+00
3.758731359739591049e+00
3.561287841124848530e+00
3.561287841124848530e+00
3.561287841124848530e+00
3.561287841124848530e+00
3.561287841124848530e+00
3.561287841124848530e+00
3.561287841124848530e+00
3.561287841124848530e+00
2.138491714635620600e+00
2.138491714635620600e+00
2.138491714635620600e+00
2.138491714635620600e+00
2.138491714635620600e+00
2.138491714635620600e+00
2.138491714635620600e+00
2.138491714635620600e+00
2.521023032218935089e+00
2.521023032218935089e+00
2.521023032218935089e+00
2.521023032218935089e+00
2.521023032218935089e+00
2.521023032218935089e+00
2.521023032218935089e+00
2.521023032218935089e+00
3.644650653954975894e+00
3.644650653954975894e+00
3.644650653954975894e+00
3.644650653954975894e+00
3.644650653954975894e+00
3.644650653954975894e+00
3.644650653954975894e+00
3.644650653954975894e+00
3.132551068044096443e+00
3.132551068044096443e+00
3.132551068044096443e+00
3.132551068044096443e+00
3.132551068044096443e+00
3.132551068044096443e+00
3.132551068044096443e+00
3.132551068044096443e+00
2.165509944375316742e+00
2.165509944375316742e+00
2.165509944375316742e+00
2.165509944375316742e+00
2.165509944375316742e+00
2.165509944375316742e+00
2.165509944375316742e+00
2.165509944375316742e+00
3.014611268145083400e+00
3.014611268145083400e+00
3.014611268145083400e+00
3.014611268145083400e+00
3.014611268145083400e+00
3.014611268145083400e+00
3.014611268145083400e+00
3.014611268145083400e+00
3.143300414600450843e+00
3.143300414600450843e+00
3.143300414600450843e+00
3.143300414600450843e+00
3.143300414600450843e+00
3.143300414600450843e+00
3.143300414600450843e+00
3.143300414600450843e+00
3.144368337806504599e+00
3.144368337806504599e+00
3.144368337806504599e+00
3.144368337806504599e+00
3.144368337806504599e+00
3.144368337806504599e+00
3.144368337806504599e+00
3.144368337806504599e+00
3.242459876955631870e+00
3.242459876955631870e+00
3.242459876955631870e+00
3.242459876955631870e+00
3.242459876955631870e+00
3.242459876955631870e+00
3.242459876955631870e+00
3.242459876955631870e+00
2.423483362696527088e+00
2.423483362696527088e+00
2.423483362696527088e+00
2.423483362696527088e+00
2.423483362696527088e+00
2.423483362696527088e+00
2.423483362696527088e+00
2.423483362696527088e+00
2.479829337941900747e+00
2.479829337941900747e+00
2.479829337941900747e+00
2.479829337941900747e+00
2.479829337941900747e+00
2.479829337941900747e+00
2.479829337941900747e+00
2.479829337941900747e+00
3.459876508806371209e+00
3.459876508806371209e+00
3.459876508806371209e+00
3.459876508806371209e+00
3.459876508806371209e+00
3.459876508806371209e+00
3.459876508806371209e+00
3.459876508806371209e+00
3.453766718138731928e+00
3.453766718138731928e+00
3.453766718138731928e+00
3.453766718138731928e+00
3.453766718138731928e+00
3.453766718138731928e+00
3.453766718138731928e+00
3.453766718138731928e+00
2.300594508215483280e+00
2.300594508215483280e+00
2.300594508215483280e+00
2.300594508215483280e+00
2.300594508215483280e+00
2.300594508215483280e+00
2.300594508215483280e+00
2.300594508215483280e+00
2.423522041239376534e+00
2.423522041239376534e+00
2.423522041239376534e+00
2.423522041239376534e+00
2.423522041239376534e+00
2.423522041239376534e+00
2.423522041239376534e+00
2.423522041239376534e+00
2.815598551018689832e+00
2.815598551018689832e+00
2.815598551018689832e+00
2.815598551018689832e+00
2.815598551018689832e+00
2.815598551018689832e+00
2.815598551018689832e+00
2.815598551018689832e+00
3.808143670706201522e+00
3.808143670706201522e+00
3.808143670706201522e+00
3.808143670706201522e+00
3.808143670706201522e+00
3.808143670706201522e+00
3.808143670706201522e+00
3.808143670706201522e+00
4.787533459479528020e+00
4.787533459479528020e+00
4.787533459479528020e+00
4.787533459479528020e+00
4.787533459479528020e+00
4.787533459479528020e+00
4.787533459479528020e+00
4.787533459479528020e+00
3.380888227539961655e+00
3.380888227539961655e+00
3.380888227539961655e+00
3.380888227539961655e+00
3.380888227539961655e+00
3.380888227539961655e+00
3.380888227539961655e+00
3.380888227539961655e+00
2.179921318661434348e+00
2.179921318661434348e+00
2.179921318661434348e+00
2.179921318661434348e+00
2.179921318661434348e+00
2.179921318661434348e+00
2.179921318661434348e+00
2.179921318661434348e+00
2.673312025785261170e+00
2.673312025785261170e+00
2.673312025785261170e+00
2.673312025785261170e+00
2.673312025785261170e+00
2.673312025785261170e+00
2.673312025785261170e+00
2.673312025785261170e+00
2.312599341273274600e+00
2.312599341273274600e+00
2.312599341273274600e+00
2.312599341273274600e+00
2.312599341273274600e+00
2.312599341273274600e+00
2.312599341273274600e+00
2.312599341273274600e+00
3.350600531652349723e+00
3.350600531652349723e+00
3.350600531652349723e+00
3.350600531652349723e+00
3.350600531652349723e+00
3.350600531652349723e+00
3.350600531652349723e+00
3.350600531652349723e+00
2.219212540766396735e+00
2.219212540766396735e+00
2.219212540766396735e+00
2.219212540766396735e+00
2.219212540766396735e+00
2.219212540766396735e+00
2.219212540766396735e+00
2.219212540766396735e+00
3.709237722642236168e+00
3.709237722642236168e+00
3.709237722642236168e+00
3.709237722642236168e+00
3.709237722642236168e+00
3.709237722642236168e+00
3.709237722642236168e+00
3.709237722642236168e+00
1.219145262759550263e+00
1.219145262759550263e+00
1.219145262759550263e+00
1.219145262759550263e+00
1.219145262759550263e+00
1.219145262759550263e+00
1.219145262759550263e+00
1.219145262759550263e+00
2.324229795502537499e+00
2.324229795502537499e+00
2.324229795502537499e+00
2.324229795502537499e+00
2.324229795502537499e+00
2.324229795502537499e+00
2.324229795502537499e+00
2.324229795502537499e+00
3.602606121779572401e+00
3.602606121779572401e+00
3.602606121779572401e+00
3.602606121779572401e+00
3.602606121779572401e+00
3.602606121779572401e+00
3.602606121779572401e+00
3.602606121779572401e+00
3.013591540369916277e+00
3.013591540369916277e+00
3.013591540369916277e+00
3.013591540369916277e+00
3.013591540369916277e+00
3.013591540369916277e+00
3.013591540369916277e+00
3.013591540369916277e+00
1.925409249900545738e+00
1.925409249900545738e+00
1.925409249900545738e+00
1.925409249900545738e+00
1.925409249900545738e+00
1.925409249900545738e+00
1.925409249900545738e+00
1.925409249900545738e+00
4.495742199250269522e+00
4.495742199250269522e+00
4.495742199250269522e+00
4.495742199250269522e+00
4.495742199250269522e+00
4.495742199250269522e+00
4.495742199250269522e+00
4.495742199250269522e+00
4.873930350597062144e+00
4.873930350597062144e+00
4.873930350597062144e+00
4.873930350597062144e+00
4.873930350597062144e+00
4.873930350597062144e+00
4.873930350597062144e+00
4.873930350597062144e+00
1.751470343800388463e+00
1.751470343800388463e+00
1.751470343800388463e+00
1.751470343800388463e+00
1.751470343800388463e+00
1.751470343800388463e+00
1.751470343800388463e+00
1.751470343800388463e+00
-1.724789182143071642e+00
-1.724789182143071642e+00
-1.724789182143071642e+00
-1.724789182143071642e+00
-1.724789182143071642e+00
-1.724789182143071642e+00
-1.724789182143071642e+00
-1.724789182143071642e+00
1.662720350228276800e+00
1.662720350228276800e+00
1.662720350228276800e+00
1.662720350228276800e+00
1.662720350228276800e+00
1.662720350228276800e+00
1.662720350228276800e+00
1.662720350228276800e+00
3.956524676412467301e+00
3.956524676412467301e+00
3.956524676412467301e+00
3.956524676412467301e+00
3.956524676412467301e+00
3.956524676412467301e+00
3.956524676412467301e+00
3.956524676412467301e+00
1.929232668227847114e+00
1.929232668227847114e+00
1.929232668227847114e+00
1.929232668227847114e+00
1.929232668227847114e+00
1.929232668227847114e+00
1.929232668227847114e+00
1.929232668227847114e+00
1.404471523559902124e+00
1.404471523559902124e+00
1.404471523559902124e+00
1.404471523559902124e+00
1.404471523559902124e+00
1.404471523559902124e+00
1.404471523559902124e+00
1.404471523559902124e+00
1.456156403025789636e+00
1.456156403025789636e+00
1.456156403025789636e+00
1.456156403025789636e+00
1.456156403025789636e+00
1.456156403025789636e+00
1.456156403025789636e+00
1.456156403025789636e+00
4.217147459629964956e+00
4.217147459629964956e+00
4.217147459629964956e+00
4.217147459629964956e+00
4.217147459629964956e+00
4.217147459629964956e+00
4.217147459629964956e+00
4.217147459629964956e+00
5.186626667084516029e+00
5.186626667084516029e+00
5.186626667084516029e+00
5.186626667084516029e+00
5.186626667084516029e+00
5.186626667084516029e+00
5.186626667084516029e+00
5.186626667084516029e+00
4.814001353025403773e+00
4.814001353025403773e+00
4.814001353025403773e+00
4.814001353025403773e+00
4.814001353025403773e+00
4.814001353025403773e+00
4.814001353025403773e+00
4.814001353025403773e+00
5.161199897092325628e+00
5.161199897092325628e+00
5.161199897092325628e+00
5.161199897092325628e+00
5.161199897092325628e+00
5.161199897092325628e+00
5.161199897092325628e+00
5.161199897092325628e+00
2.413231858932775253e+00
2.413231858932775253e+00
2.413231858932775253e+00
2.413231858932775253e+00
2.413231858932775253e+00
2.413231858932775253e+00
2.413231858932775253e+00
2.413231858932775253e+00
1.561081818569729052e+00
1.561081818569729052e+00
1.561081818569729052e+00
1.561081818569729052e+00
1.561081818569729052e+00
1.561081818569729052e+00
1.561081818569729052e+00
1.561081818569729052e+00
-1.047154715285378401e+00
-1.047154715285378401e+00
-1.047154715285378401e+00
-1.047154715285378401e+00
-1.047154715285378401e+00
-1.047154715285378401e+00
-1.047154715285378401e+00
-1.047154715285378401e+00
2.101592954551247061e+00
2.101592954551247061e+00
2.101592954551247061e+00
2.101592954551247061e+00
2.101592954551247061e+00
2.101592954551247061e+00
2.101592954551247061e+00
2.101592954551247061e+00
3.699644510099595607e+00
3.699644510099595607e+00
3.699644510099595607e+00
3.699644510099595607e+00
3.699644510099595607e+00
3.699644510099595607e+00
3.699644510099595607e+00
3.699644510099595607e+00
3.666260262985838736e+00
3.666260262985838736e+00
3.666260262985838736e+00
3.666260262985838736e+00
3.666260262985838736e+00
3.666260262985838736e+00
3.666260262985838736e+00
3.666260262985838736e+00
3.535712822996012861e+00
3.535712822996012861e+00
3.535712822996012861e+00
3.535712822996012861e+00
3.535712822996012861e+00
3.535712822996012861e+00
3.535712822996012861e+00
3.535712822996012861e+00
4.109983991801195558e+00
4.109983991801195558e+00
4.109983991801195558e+00
4.109983991801195558e+00
4.109983991801195558e+00
4.109983991801195558e+00
4.109983991801195558e+00
4.109983991801195558e+00
-2.889300634187616623e+00
-2.889300634187616623e+00
-2.889300634187616623e+00
-2.889300634187616623e+00
-2.889300634187616623e+00
-2.889300634187616623e+00
-2.889300634187616623e+00
-2.889300634187616623e+00
2.223884649057538354e+00
2.223884649057538354e+00
2.223884649057538354e+00
2.223884649057538354e+00
2.223884649057538354e+00
2.223884649057538354e+00
2.223884649057538354e+00
2.223884649057538354e+00
7.561114314854240348e+00
7.561114314854240348e+00
7.561114314854240348e+00
7.561114314854240348e+00
7.561114314854240348e+00
7.561114314854240348e+00
7.561114314854240348e+00
7.561114314854240348e+00
2.912068415963286583e+00
2.912068415963286583e+00
2.912068415963286583e+00
2.912068415963286583e+00
2.912068415963286583e+00
2.912068415963286583e+00
2.912068415963286583e+00
2.912068415963286583e+00
1.180989327046422233e+00
1.180989327046422233e+00
1.180989327046422233e+00
1.180989327046422233e+00
1.180989327046422233e+00
1.180989327046422233e+00
1.180989327046422233e+00
1.180989327046422233e+00
3.534352064941653992e+00
3.534352064941653992e+00
3.534352064941653992e+00
3.534352064941653992e+00
3.534352064941653992e+00
3.534352064941653992e+00
3.534352064941653992e+00
3.534352064941653992e+00
5.074962870142069704e+00
5.074962870142069704e+00
5.074962870142069704e+00
5.074962870142069704e+00
5.074962870142069704e+00
5.074962870142069704e+00
5.074962870142069704e+00
5.074962870142069704e+00
1.165782558346386111e+00
1.165782558346386111e+00
1.165782558346386111e+00
1.165782558346386111e+00
1.165782558346386111e+00
1.165782558346386111e+00
1.165782558346386111e+00
1.165782558346386111e+00
-4.415457349750209204e-01
-4.415457349750209204e-01
-4.415457349750209204e-01
-4.415457349750209204e-01
-4.415457349750209204e-01
-4.415457349750209204e-01
-4.415457349750209204e-01
-4.415457349750209204e-01
1.409149602376135846e+00
1.409149602376135846e+00
1.409149602376135846e+00
1.409149602376135846e+00
1.409149602376135846e+00
1.409149602376135846e+00
1.409149602376135846e+00
1.409149602376135846e+00
5.519550341994413856e+00
5.519550341994413856e+00
5.519550341994413856e+00
5.519550341994413856e+00
5.519550341994413856e+00
5.519550341994413856e+00
5.519550341994413856e+00
5.519550341994413856e+00
5.809090901576816179e+00
5.809090901576816179e+00
5.809090901576816179e+00
5.809090901576816179e+00
5.809090901576816179e+00
5.809090901576816179e+00
5.809090901576816179e+00
5.809090901576816179e+00
3.358299862559682936e+00
3.358299862559682936e+00
3.358299862559682936e+00
3.358299862559682936e+00
3.358299862559682936e+00
3.358299862559682936e+00
3.358299862559682936e+00
3.358299862559682936e+00
4.440041098677509623e+00
4.440041098677509623e+00
4.440041098677509623e+00
4.440041098677509623e+00
4.440041098677509623e+00
4.440041098677509623e+00
4.440041098677509623e+00
4.440041098677509623e+00
7.136402806816395383e+00
7.136402806816395383e+00
7.136402806816395383e+00
7.136402806816395383e+00
7.136402806816395383e+00
7.136402806816395383e+00
7.136402806816395383e+00
7.136402806816395383e+00
2.294235575895148926e+00
2.294235575895148926e+00
2.294235575895148926e+00
2.294235575895148926e+00
2.294235575895148926e+00
2.294235575895148926e+00
2.294235575895148926e+00
2.294235575895148926e+00
2.038150270230445926e+00
2.038150270230445926e+00
2.038150270230445926e+00
2.038150270230445926e+00
2.038150270230445926e+00
2.038150270230445926e+00
2.038150270230445926e+00
2.038150270230445926e+00
6.609384229610574479e+00
6.609384229610574479e+00
6.609384229610574479e+00
6.609384229610574479e+00
6.609384229610574479e+00
6.609384229610574479e+00
6.609384229610574479e+00
6.609384229610574479e+00
-1.038454592068806193e+00
-1.038454592068806193e+00
-1.038454592068806193e+00
-1.038454592068806193e+00
-1.038454592068806193e+00
-1.038454592068806193e+00
-1.038454592068806193e+00
-1.038454592068806193e+00
2.497641732797905689e+00
2.497641732797905689e+00
2.497641732797905689e+00
2.497641732797905689e+00
2.497641732797905689e+00
2.497641732797905689e+00
2.497641732797905689e+00
2.497641732797905689e+00
1.745041759680631799e+00
1.745041759680631799e+00
1.745041759680631799e+00
1.745041759680631799e+00
1.745041759680631799e+00
1.745041759680631799e+00
1.745041759680631799e+00
1.745041759680631799e+00
2.468453480487077911e+00
2.468453480487077911e+00
2.468453480487077911e+00
2.468453480487077911e+00
2.468453480487077911e+00
2.468453480487077911e+00
2.468453480487077911e+00
2.468453480487077911e+00
4.079745049160692361e+00
4.079745049160692361e+00
4.079745049160692361e+00
4.079745049160692361e+00
4.079745049160692361e+00
4.079745049160692361e+00
4.079745049160692361e+00
4.079745049160692361e+00
7.308912287476481140e-01
7.308912287476481140e-01
7.308912287476481140e-01
7.308912287476481140e-01
7.308912287476481140e-01
7.308912287476481140e-01
7.308912287476481140e-01
7.308912287476481140e-01
5.811828598151748793e+00
5.811828598151748793e+00
5.811828598151748793e+00
5.811828598151748793e+00
5.811828598151748793e+00
5.811828598151748793e+00
5.811828598151748793e+00
5.811828598151748793e+00
7.801326351579518814e+00
7.801326351579518814e+00
7.801326351579518814e+00
7.801326351579518814e+00
7.801326351579518814e+00
7.801326351579518814e+00
7.801326351579518814e+00
7.801326351579518814e+00
1.189973720204242547e+01
1.189973720204242547e+01
1.189973720204242547e+01
1.189973720204242547e+01
1.189973720204242547e+01
1.189973720204242547e+01
