-2.589942630762669395e+00
4.122735548732846311e+00
7.323253750986644661e+00
7.120039255396740430e+00
6.473124569557541896e+00
7.142335318586539472e+00
6.414104363512914908e+00
6.789093795586197189e+00
6.024084913582616885e+00
6.831283482935146978e+00
7.418830314668384496e+00
6.769148559035755852e+00
6.445371586798610331e+00
6.097941365615134224e+00
6.132124278344340595e+00
6.372572821217228345e+00
7.354250475991385372e+00
7.438127376794972712e+00
5.452737989148573661e+00
6.716670539626902858e+00
8.552289791625522497e+00
6.506393277497532601e+00
5.789357951650547562e+00
4.264751752781517524e+00
