-4.263141756139043892e-01
3.781015442242173563e+00
2.681409209235136704e+00
4.629465554604319522e+00
4.158987440593131524e+00
3.909491100376992545e+00
4.509748812420516728e+00
4.596276339432893820e+00
4.521036188797302735e+00
4.453837446486622831e+00
4.397231676187296046e+00
4.119606916793104645e+00
4.146226860127099734e+00
4.314551027475001632e+00
4.380685973460525240e+00
4.246523016473921608e+00
4.329009330431432545e+00
4.510588555262351917e+00
4.644393317128216125e+00
4.305112706933558187e+00
4.054332021457857316e+00
4.492911210451411286e+00
4.572241518931274840e+00
4.189979700868712520e+00
4.148345032626258089e+00
4.415163943576553507e+00
4.096626697082160540e+00
3.761125083022816451e+00
3.713436666153582699e+00
5.193710330059413849e+00
5.019124647020390739e+00
4.038100236206001448e+00
2.925209905659602150e+00
4.679131246512222120e+00
4.961439674030707181e+00
3.771797683878439500e+00
3.434264742614942634e+00
4.040482605351343182e+00
4.574197161694119274e+00
4.596684858392418249e+00
4.204920094076221915e+00
4.417549898843194711e+00
3.643491443965956478e+00
3.867920344085327145e+00
5.264544359512854044e+00
2.895480145872788569e+00
1.650228629921151935e+00
7.095777840896936084e+00
1.875854990884150197e+00
4.494999254439264291e+00
3.550771229420007558e+00
2.331208508184872130e+00
4.334165078353677814e+00
5.458788206966872281e+00
6.473860254663435398e+00
7.880223194862026048e-01
-2.783680210914184272e+00
4.851162689328134547e+00
1.509423477021840654e+00
2.394933235644316483e+00
-7.673642110904665969e-01
-1.398805110802356921e+00
2.351202073884905985e-02
2.964400607073002902e+00
3.131514218893698853e+00
-2.786584958902835751e+00
9.071709046764055984e+00
7.423516789485290701e+00
-3.507544689760720757e+00
4.329362279764836785e+00
1.669716072169882182e+01
