2.119885352999999917e+00
2.092687580999999852e+00
2.486769074999999773e+00
2.756239049999999580e+00
2.870024711999999312e+00
2.675314462000001114e+00
3.016462930999999514e+00
6.128111902000000555e+00
3.658368790000000814e+00
8.050334249000002274e+00
3.693422990000001960e+00
3.566909610000003283e+00
4.007845867000000339e+00
6.235290186000000290e+00
4.422233294000001536e+00
3.496464938000002576e+00
6.402405219000002035e+00
3.388628589999996166e+00
4.757527995999993209e+00
3.305279419999990864e+00
3.323897576999996772e+00
3.085261040999995430e+00
4.050421608999997147e+00
4.075269834000010860e+00
3.416634246000000985e+00
3.508494950000013546e+00
3.420887285999995697e+00
3.206560889999991559e+00
3.144180849999997918e+00
3.112115508000002251e+00
3.533695545000014704e+00
4.536182998000015232e+00
3.152383933000010074e+00
2.816420354999991105e+00
2.910156291999982159e+00
2.933251902999984395e+00
2.866285194999989017e+00
2.837337039000004779e+00
2.863217623000025469e+00
3.147510046999997257e+00
3.656759708000009823e+00
2.972819653999977163e+00
3.046908357000006617e+00
3.873030018999997992e+00
3.221514158999980282e+00
2.928731905000006464e+00
3.105844945999990614e+00
3.238417013999992378e+00
3.072920833000011953e+00
3.212545194000000492e+00
3.667245753000003106e+00
5.252374137999993309e+00
3.176113084999997227e+00
3.557242750999989767e+00
2.966897579000004725e+00
2.961326262000000042e+00
3.036245758999996269e+00
2.779402112000013858e+00
2.890534523000013678e+00
2.955671274999986053e+00
2.819046381999982032e+00
2.898023531999996294e+00
3.031217632999982925e+00
2.923851321999990205e+00
2.955113054000008788e+00
2.798366515000026311e+00
2.857197637999973949e+00
2.825066992000017763e+00
2.953981804000022748e+00
2.930295808000039415e+00
2.851102165000042987e+00
2.832240132999970683e+00
2.894794713000010233e+00
2.865828227999998035e+00
2.963421330000016951e+00
