1.000000000000000000e+03
1.000500000000000000e+03
1.001000000000000000e+03
1.001500000000000000e+03
1.002000000000000000e+03
1.002500000000000000e+03
1.003000000000000000e+03
1.003500000000000000e+03
1.004000000000000000e+03
1.004500000000000000e+03
1.005000000000000000e+03
1.005500000000000000e+03
1.006000000000000000e+03
1.006500000000000000e+03
1.007000000000000000e+03
1.007500000000000000e+03
1.008000000000000000e+03
1.008500000000000000e+03
1.009000000000000000e+03
1.009500000000000000e+03
1.010000000000000000e+03
1.010500000000000000e+03
1.011000000000000000e+03
1.011500000000000000e+03
1.012000000000000000e+03
1.012500000000000000e+03
1.013000000000000000e+03
1.013500000000000000e+03
1.014000000000000000e+03
1.014500000000000000e+03
1.015000000000000000e+03
1.015500000000000000e+03
1.016000000000000000e+03
1.016500000000000000e+03
1.017000000000000000e+03
1.017500000000000000e+03
1.018000000000000000e+03
1.018500000000000000e+03
1.019000000000000000e+03
1.019500000000000000e+03
1.020000000000000000e+03
1.020500000000000000e+03
1.021000000000000000e+03
1.021500000000000000e+03
1.022000000000000000e+03
1.022500000000000000e+03
1.023000000000000000e+03
1.023500000000000000e+03
1.024000000000000000e+03
1.024500000000000000e+03
1.025000000000000000e+03
1.025500000000000000e+03
1.026000000000000000e+03
1.026500000000000000e+03
1.027000000000000000e+03
1.027500000000000000e+03
1.028000000000000000e+03
1.028500000000000000e+03
1.029000000000000000e+03
1.029500000000000000e+03
1.030000000000000000e+03
1.030500000000000000e+03
1.031000000000000000e+03
1.031500000000000000e+03
1.032000000000000000e+03
1.032500000000000000e+03
1.033000000000000000e+03
1.033500000000000000e+03
1.034000000000000000e+03
1.034500000000000000e+03
1.035000000000000000e+03
1.035500000000000000e+03
1.036000000000000000e+03
1.036500000000000000e+03
1.037000000000000000e+03
1.037500000000000000e+03
1.038000000000000000e+03
1.038500000000000000e+03
1.039000000000000000e+03
1.039500000000000000e+03
1.040000000000000000e+03
1.040500000000000000e+03
1.041000000000000000e+03
1.041500000000000000e+03
1.042000000000000000e+03
1.042500000000000000e+03
1.043000000000000000e+03
1.043500000000000000e+03
1.044000000000000000e+03
1.044500000000000000e+03
1.045000000000000000e+03
1.045500000000000000e+03
1.046000000000000000e+03
1.046500000000000000e+03
1.047000000000000000e+03
1.047500000000000000e+03
1.048000000000000000e+03
1.048500000000000000e+03
1.049000000000000000e+03
1.049500000000000000e+03
1.050000000000000000e+03
1.050500000000000000e+03
1.051000000000000000e+03
1.051500000000000000e+03
1.052000000000000000e+03
1.052500000000000000e+03
1.053000000000000000e+03
1.053500000000000000e+03
1.054000000000000000e+03
1.054500000000000000e+03
1.055000000000000000e+03
1.055500000000000000e+03
1.056000000000000000e+03
1.056500000000000000e+03
1.057000000000000000e+03
1.057500000000000000e+03
1.058000000000000000e+03
1.058500000000000000e+03
1.059000000000000000e+03
1.059500000000000000e+03
1.060000000000000000e+03
1.060500000000000000e+03
1.061000000000000000e+03
1.061500000000000000e+03
1.062000000000000000e+03
1.062500000000000000e+03
1.063000000000000000e+03
1.063500000000000000e+03
1.064000000000000000e+03
1.064500000000000000e+03
1.065000000000000000e+03
1.065500000000000000e+03
1.066000000000000000e+03
1.066500000000000000e+03
1.067000000000000000e+03
1.067500000000000000e+03
1.068000000000000000e+03
1.068500000000000000e+03
1.069000000000000000e+03
1.069500000000000000e+03
1.070000000000000000e+03
1.070500000000000000e+03
1.071000000000000000e+03
1.071500000000000000e+03
1.072000000000000000e+03
1.072500000000000000e+03
1.073000000000000000e+03
1.073500000000000000e+03
1.074000000000000000e+03
1.074500000000000000e+03
1.075000000000000000e+03
1.075500000000000000e+03
1.076000000000000000e+03
1.076500000000000000e+03
1.077000000000000000e+03
1.077500000000000000e+03
1.078000000000000000e+03
1.078500000000000000e+03
1.079000000000000000e+03
1.079500000000000000e+03
1.080000000000000000e+03
1.080500000000000000e+03
1.081000000000000000e+03
1.081500000000000000e+03
1.082000000000000000e+03
1.082500000000000000e+03
1.083000000000000000e+03
1.083500000000000000e+03
1.084000000000000000e+03
1.084500000000000000e+03
1.085000000000000000e+03
1.085500000000000000e+03
1.086000000000000000e+03
1.086500000000000000e+03
1.087000000000000000e+03
1.087500000000000000e+03
1.088000000000000000e+03
1.088500000000000000e+03
1.089000000000000000e+03
1.089500000000000000e+03
1.090000000000000000e+03
1.090500000000000000e+03
1.091000000000000000e+03
1.091500000000000000e+03
1.092000000000000000e+03
1.092500000000000000e+03
1.093000000000000000e+03
1.093500000000000000e+03
1.094000000000000000e+03
1.094500000000000000e+03
1.095000000000000000e+03
1.095500000000000000e+03
1.096000000000000000e+03
1.096500000000000000e+03
1.097000000000000000e+03
1.097500000000000000e+03
1.098000000000000000e+03
1.098500000000000000e+03
1.099000000000000000e+03
1.099500000000000000e+03
1.100000000000000000e+03
1.100500000000000000e+03
1.101000000000000000e+03
1.101500000000000000e+03
1.102000000000000000e+03
1.102500000000000000e+03
1.103000000000000000e+03
1.103500000000000000e+03
1.103749999987381671e+03
1.104249999987381671e+03
1.104749999987381671e+03
1.105249999987381671e+03
1.105749999987381671e+03
1.106249999987381671e+03
1.106749999987381671e+03
1.107249999987381671e+03
1.107749999987381671e+03
1.108249999987381671e+03
1.108749999987381671e+03
1.109249999987381671e+03
1.109749999987381671e+03
1.110249999987381671e+03
1.110749999987381671e+03
1.111249999987381671e+03
1.111499999974763341e+03
1.111999999974763341e+03
1.112499999974763341e+03
1.112999999974763341e+03
1.113499999974763341e+03
1.113999999974763341e+03
1.114499999974763341e+03
1.114999999974763341e+03
1.115499999974763341e+03
1.115999999974763341e+03
1.116499999974763341e+03
1.116999999974763341e+03
1.117499999974763341e+03
1.117999999974763341e+03
1.118499999974763341e+03
1.118999999974763341e+03
1.119249999962145012e+03
1.119749999962145012e+03
1.120249999962145012e+03
1.120749999962145012e+03
1.121249999962145012e+03
1.121749999962145012e+03
1.122249999962145012e+03
1.122749999962145012e+03
1.123249999962145012e+03
1.123749999962145012e+03
1.124249999962145012e+03
1.124749999962145012e+03
1.125249999962145012e+03
1.125749999962145012e+03
1.126249999962145012e+03
1.126749999962145012e+03
1.126999999949526682e+03
1.127249999936908353e+03
1.127499999924290023e+03
1.127749999911671694e+03
1.127999999899053364e+03
1.128249999886435035e+03
1.128499999873816705e+03
1.128749999861198376e+03
1.128999999848580046e+03
1.129249999835961717e+03
1.129499999823343387e+03
1.129749999810725058e+03
1.129999999798106728e+03
1.130249999785488399e+03
1.130499999772870069e+03
1.130749999760251740e+03
1.131249999760251740e+03
1.131499999747633410e+03
1.131749999735015081e+03
1.131999999722396751e+03
1.132249999709778422e+03
1.132499999697160092e+03
1.132749999684541763e+03
1.132999999671923433e+03
1.133249999659305104e+03
1.133499999646686774e+03
1.133749999634068445e+03
1.133999999621450115e+03
1.134249999608831786e+03
1.134499999596213456e+03
1.134749999583595127e+03
1.134999999570976797e+03
1.134749999545739911e+03
1.134999999533121581e+03
1.135249999520503252e+03
1.135499999507884922e+03
1.135749999495266593e+03
1.135999999482648263e+03
1.136249999470029934e+03
1.136499999457411604e+03
1.136749999444793275e+03
1.136999999432174945e+03
1.137249999419556616e+03
1.137499999406938286e+03
1.137749999394319957e+03
1.137999999381701627e+03
1.138249999369083298e+03
1.138499999356464969e+03
1.138749999343846639e+03
1.138999999331228310e+03
1.139249999318609980e+03
1.139499999305991651e+03
1.139749999293373321e+03
1.139999999280754992e+03
1.140249999268136662e+03
1.140499999255518333e+03
1.140749999242900003e+03
1.140999999230281674e+03
1.141249999217663344e+03
1.141499999205045015e+03
1.141749999192426685e+03
1.141999999179808356e+03
1.142249999167190026e+03
1.142499999154571697e+03
1.142749999141953367e+03
1.142999999129335038e+03
1.143249999116716708e+03
1.143499999104098379e+03
1.143749999091480049e+03
1.143999999078861720e+03
1.144249999066243390e+03
1.144499999053625061e+03
1.144749999041006731e+03
1.144999999028388402e+03
1.145249999015770072e+03
1.145499999003151743e+03
1.145749998990533413e+03
1.145999998977915084e+03
1.146249998965296754e+03
1.146499998952678425e+03
1.146999998952678425e+03
1.147249998940060095e+03
1.147499998927441766e+03
1.147749998914823436e+03
1.147999998902205107e+03
1.148249998889586777e+03
1.148499998876968448e+03
1.148749998864350118e+03
1.148999998851731789e+03
1.149249998839113459e+03
1.149499998826495130e+03
1.149749998813876800e+03
1.149999998801258471e+03
1.150249998788640141e+03
1.150499998776021812e+03
1.150749998763403482e+03
1.150499998738166596e+03
1.150749998725548267e+03
1.150999998712929937e+03
1.151249998700311608e+03
1.151499998687693278e+03
1.151749998675074949e+03
1.151999998662456619e+03
1.152249998649838290e+03
1.152499998637219960e+03
1.152749998624601631e+03
1.152999998611983301e+03
1.153249998599364972e+03
1.153499998586746642e+03
1.153749998574128313e+03
1.153999998561509983e+03
1.154249998548891654e+03
1.154499998536273324e+03
1.154749998523654995e+03
1.154999998511036665e+03
1.155249998498418336e+03
1.155499998485800006e+03
1.155749998473181677e+03
1.155999998460563347e+03
1.156249998447945018e+03
1.156499998435326688e+03
1.156749998422708359e+03
1.156999998410090029e+03
1.157249998397471700e+03
1.157499998384853370e+03
1.157749998372235041e+03
1.157999998359616711e+03
1.158249998346998382e+03
1.157999998321761495e+03
1.157749998296524609e+03
1.157499998271287723e+03
1.157249998246050836e+03
1.156999998220813950e+03
1.156749998195577064e+03
1.156499998170340177e+03
1.156249998145103291e+03
1.155999998119866405e+03
1.155749998094629518e+03
1.155499998069392632e+03
1.155249998044155745e+03
1.154999998018918859e+03
1.154749997993681973e+03
1.154499997968445086e+03
1.154249997943208200e+03
1.154499997930589871e+03
1.154249997905352984e+03
1.153999997880116098e+03
1.153749997854879211e+03
1.153499997829642325e+03
1.153249997804405439e+03
1.152999997779168552e+03
1.152749997753931666e+03
1.152499997728694780e+03
1.152249997703457893e+03
1.151999997678221007e+03
1.151749997652984121e+03
1.151499997627747234e+03
1.151249997602510348e+03
1.150999997577273462e+03
1.150749997552036575e+03
1.150499997526799689e+03
1.150249997501562802e+03
1.149999997476325916e+03
1.149749997451089030e+03
1.149499997425852143e+03
1.149249997400615257e+03
1.148999997375378371e+03
1.148749997350141484e+03
1.148499997324904598e+03
1.148249997299667712e+03
1.147999997274430825e+03
1.147749997249193939e+03
1.147499997223957052e+03
1.147249997198720166e+03
1.146999997173483280e+03
1.146749997148246393e+03
1.146499997123009507e+03
1.146249997097772621e+03
1.145999997072535734e+03
1.145749997047298848e+03
1.145499997022061962e+03
1.145249996996825075e+03
1.144999996971588189e+03
1.144749996946351303e+03
1.144499996921114416e+03
1.144249996895877530e+03
1.143999996870640643e+03
1.143749996845403757e+03
1.143499996820166871e+03
1.143249996794929984e+03
1.142999996769693098e+03
1.142749996744456212e+03
1.142249996744456212e+03
1.141749996744456212e+03
1.141249996744456212e+03
1.140749996744456212e+03
1.140249996744456212e+03
1.139749996744456212e+03
1.139249996744456212e+03
1.138749996744456212e+03
1.138249996744456212e+03
1.137749996744456212e+03
1.137249996744456212e+03
1.136749996744456212e+03
1.136249996744456212e+03
1.135749996744456212e+03
1.135249996744456212e+03
1.134749996744456212e+03
1.134499996719219325e+03
1.133999996719219325e+03
1.133499996719219325e+03
1.132999996719219325e+03
1.132499996719219325e+03
1.131999996719219325e+03
1.131499996719219325e+03
1.130999996719219325e+03
1.130499996719219325e+03
1.129999996719219325e+03
1.129499996719219325e+03
1.128999996719219325e+03
1.128499996719219325e+03
1.127999996719219325e+03
1.127499996719219325e+03
1.126999996719219325e+03
1.126749996693982439e+03
1.126249996693982439e+03
1.125749996693982439e+03
1.125249996693982439e+03
1.124749996693982439e+03
1.124249996693982439e+03
1.123749996693982439e+03
1.123249996693982439e+03
1.122749996693982439e+03
1.122249996693982439e+03
1.121749996693982439e+03
1.121249996693982439e+03
1.120749996693982439e+03
1.120249996693982439e+03
1.119749996693982439e+03
1.119249996693982439e+03
1.118749996693982439e+03
1.118249996693982439e+03
1.117749996693982439e+03
1.117249996693982439e+03
1.116749996693982439e+03
1.116249996693982439e+03
1.115749996693982439e+03
1.115249996693982439e+03
1.114749996693982439e+03
1.114249996693982439e+03
1.113749996693982439e+03
1.113249996693982439e+03
1.112749996693982439e+03
1.112249996693982439e+03
1.111749996693982439e+03
1.111249996693982439e+03
1.110999996744455984e+03
1.110749996794929530e+03
1.110499996845403075e+03
1.110249996895876620e+03
1.109999996946350166e+03
1.109749996996823711e+03
1.109499997047297256e+03
1.109249997097770802e+03
1.108999997148244347e+03
1.108749997198717892e+03
1.108499997249191438e+03
1.108249997299664983e+03
1.107999997350138528e+03
1.107749997400612074e+03
1.107499997451085619e+03
1.107249997501559164e+03
1.106749997501559164e+03
1.106499997552032710e+03
1.106249997602506255e+03
1.105999997652979800e+03
1.105749997703453346e+03
1.105499997753926891e+03
1.105249997804400437e+03
1.104999997854873982e+03
1.104749997905347527e+03
1.104499997955821073e+03
1.104249998006294618e+03
1.103999998056768163e+03
1.103749998107241709e+03
1.103499998157715254e+03
1.103249998208188799e+03
1.102999998258662345e+03
1.102499998258662345e+03
1.102249998309135890e+03
1.101999998359609435e+03
1.101749998410082981e+03
1.101499998460556526e+03
1.101249998511030071e+03
1.100999998561503617e+03
1.100749998611977162e+03
1.100499998662450707e+03
1.100249998712924253e+03
1.099999998763397798e+03
1.099749998813871343e+03
1.099499998864344889e+03
1.099249998914818434e+03
1.098999998965291979e+03
1.098749999015765525e+03
1.098249999015765525e+03
1.097999999066239070e+03
1.097749999116712615e+03
1.097499999167186161e+03
1.097249999217659706e+03
1.096999999268133251e+03
1.096749999318606797e+03
1.096499999369080342e+03
1.096249999419553887e+03
1.095999999470027433e+03
1.095749999520500978e+03
1.095499999570974524e+03
1.095249999621448069e+03
1.094999999671921614e+03
1.094749999722395160e+03
1.094499999772868705e+03
1.094749999835960580e+03
1.094999999899052455e+03
1.095249999962144329e+03
1.095500000025236204e+03
1.095750000088328079e+03
1.096000000151419954e+03
1.096250000214511829e+03
1.096500000277603704e+03
1.096750000340695578e+03
1.097000000403787453e+03
1.097250000466879328e+03
1.097500000529971203e+03
1.097750000593063078e+03
1.098000000656154953e+03
1.098250000719246827e+03
1.098500000782338702e+03
1.098250000832812248e+03
1.098500000895904122e+03
1.098750000958995997e+03
1.099000001022087872e+03
1.099250001085179747e+03
1.099500001148271622e+03
1.099750001211363497e+03
1.100000001274455371e+03
1.100250001337547246e+03
1.100500001400639121e+03
1.100750001463730996e+03
1.101000001526822871e+03
1.101250001589914746e+03
1.101500001653006620e+03
1.101750001716098495e+03
1.102000001779190370e+03
1.101750001829663915e+03
1.102000001892755790e+03
1.102250001955847665e+03
1.102500002018939540e+03
1.102750002082031415e+03
1.103000002145123290e+03
1.103250002208215165e+03
1.103500002271307039e+03
1.103750002334398914e+03
1.104000002397490789e+03
1.104250002460582664e+03
1.104500002523674539e+03
1.104750002586766414e+03
1.105000002649858288e+03
1.105250002712950163e+03
1.105500002776042038e+03
1.105250002826515583e+03
1.105500002889607458e+03
1.105750002952699333e+03
1.106000003015791208e+03
1.106250003078883083e+03
1.106500003141974958e+03
1.106750003205066832e+03
1.107000003268158707e+03
1.107250003331250582e+03
1.107500003394342457e+03
1.107750003457434332e+03
1.108000003520526207e+03
1.108250003583618081e+03
1.108500003646709956e+03
1.108750003709801831e+03
1.109000003772893706e+03
1.109250003835985581e+03
1.109500003899077456e+03
1.109750003962169330e+03
1.110000004025261205e+03
1.110250004088353080e+03
1.110500004151444955e+03
1.110750004214536830e+03
1.111000004277628705e+03
1.111250004340720579e+03
1.111500004403812454e+03
1.111750004466904329e+03
1.112000004529996204e+03
1.112250004593088079e+03
1.112500004656179954e+03
1.112750004719271828e+03
1.113000004782363703e+03
1.112750004832837249e+03
1.113000004895929123e+03
1.113250004959020998e+03
1.113500005022112873e+03
1.113750005085204748e+03
1.114000005148296623e+03
1.114250005211388498e+03
1.114500005274480372e+03
1.114750005337572247e+03
1.115000005400664122e+03
1.115250005463755997e+03
1.115500005526847872e+03
1.115750005589939747e+03
1.116000005653031621e+03
1.116250005716123496e+03
1.116500005779215371e+03
1.116250005829688916e+03
1.116500005892780791e+03
1.116750005955872666e+03
1.117000006018964541e+03
1.117250006082056416e+03
1.117500006145148291e+03
1.117750006208240166e+03
1.118000006271332040e+03
1.118250006334423915e+03
1.118500006397515790e+03
1.118750006460607665e+03
1.119000006523699540e+03
1.119250006586791415e+03
1.119500006649883289e+03
1.119750006712975164e+03
1.120000006776067039e+03
1.119750006826540584e+03
1.120000006889632459e+03
1.120250006952724334e+03
1.120500007015816209e+03
1.120750007078908084e+03
1.121000007141999959e+03
1.121250007205091833e+03
1.121500007268183708e+03
1.121750007331275583e+03
1.122000007394367458e+03
1.122250007457459333e+03
1.122500007520551208e+03
1.122750007583643082e+03
1.123000007646734957e+03
1.123250007709826832e+03
1.123500007772918707e+03
1.123750007836010582e+03
1.124000007899102457e+03
1.124250007962194331e+03
1.124500008025286206e+03
1.124750008088378081e+03
1.125000008151469956e+03
1.125250008214561831e+03
1.125500008277653706e+03
1.125750008340745580e+03
1.126000008403837455e+03
1.126250008466929330e+03
1.126500008530021205e+03
1.126750008593113080e+03
1.127000008656204955e+03
1.127250008719296829e+03
1.127500008782388704e+03
1.127250008832862250e+03
1.127500008895954124e+03
1.127750008959045999e+03
1.128000009022137874e+03
1.128250009085229749e+03
1.128500009148321624e+03
1.128750009211413499e+03
1.129000009274505373e+03
1.129250009337597248e+03
1.129500009400689123e+03
1.129750009463780998e+03
1.130000009526872873e+03
1.130250009589964748e+03
1.130500009653056622e+03
1.130750009716148497e+03
1.131000009779240372e+03
1.130750009829713917e+03
1.131000009892805792e+03
1.131250009955897667e+03
1.131500010018989542e+03
1.131750010082081417e+03
1.132000010145173292e+03
1.132250010208265167e+03
1.132500010271357041e+03
1.132750010334448916e+03
1.133000010397540791e+03
1.133250010460632666e+03
1.133500010523724541e+03
1.133750010586816416e+03
1.134000010649908290e+03
1.134250010713000165e+03
1.134500010776092040e+03
1.134250010826565585e+03
1.134500010889657460e+03
1.134750010952749335e+03
1.135000011015841210e+03
1.135250011078933085e+03
1.135500011142024960e+03
1.135750011205116834e+03
1.136000011268208709e+03
1.136250011331300584e+03
1.136500011394392459e+03
1.136750011457484334e+03
1.137000011520576209e+03
1.137250011583668083e+03
1.137500011646759958e+03
1.137750011709851833e+03
1.138000011772943708e+03
1.138250011836035583e+03
1.138500011899127458e+03
1.138750011962219332e+03
1.139000012025311207e+03
1.139250012088403082e+03
1.139500012151494957e+03
1.139750012214586832e+03
1.140000012277678707e+03
1.140250012340770581e+03
1.140500012403862456e+03
1.140750012466954331e+03
1.141000012530046206e+03
1.141250012593138081e+03
1.141500012656229956e+03
1.141750012719321830e+03
1.142000012782413705e+03
1.141750012832887251e+03
1.142000012895979125e+03
1.142250012959071000e+03
1.142500013022162875e+03
1.142750013085254750e+03
1.143000013148346625e+03
1.143250013211438500e+03
1.143500013274530374e+03
1.143750013337622249e+03
1.144000013400714124e+03
1.144250013463805999e+03
1.144500013526897874e+03
1.144750013589989749e+03
1.145000013653081623e+03
1.145250013716173498e+03
1.145500013779265373e+03
1.145250013829738919e+03
1.145500013892830793e+03
1.145750013955922668e+03
1.146000014019014543e+03
1.146250014082106418e+03
1.146500014145198293e+03
1.146750014208290168e+03
1.147000014271382042e+03
1.147250014334473917e+03
1.147500014397565792e+03
1.147750014460657667e+03
1.148000014523749542e+03
1.148250014586841417e+03
1.148500014649933291e+03
1.148750014713025166e+03
1.149000014776117041e+03
1.148750014826590586e+03
1.149000014889682461e+03
1.149250014952774336e+03
1.149500015015866211e+03
1.149750015078958086e+03
1.150000015142049961e+03
1.150250015205141835e+03
1.150500015268233710e+03
1.150750015331325585e+03
1.151000015394417460e+03
1.151250015457509335e+03
1.151500015520601210e+03
1.151750015583693084e+03
1.152000015646784959e+03
1.152250015709876834e+03
1.152500015772968709e+03
1.152750015836060584e+03
1.153000015899152459e+03
1.153250015962244333e+03
1.153500016025336208e+03
1.153750016088428083e+03
1.154000016151519958e+03
1.154250016214611833e+03
1.154500016277703708e+03
1.154750016340795582e+03
1.155000016403887457e+03
1.155250016466979332e+03
1.155500016530071207e+03
1.155750016593163082e+03
1.156000016656254957e+03
1.156250016719346831e+03
1.156500016782438706e+03
1.156250016832912252e+03
1.156500016896004126e+03
1.156750016959096001e+03
1.157000017022187876e+03
1.157250017085279751e+03
1.157500017148371626e+03
1.157750017211463501e+03
1.158000017274555375e+03
1.158250017337647250e+03
1.158500017400739125e+03
1.158750017463831000e+03
1.159000017526922875e+03
1.159250017590014750e+03
1.159500017653106624e+03
1.159750017716198499e+03
1.160000017779290374e+03
1.159750017829763920e+03
1.160000017892855794e+03
1.160250017955947669e+03
1.160500018019039544e+03
1.160750018082131419e+03
1.161000018145223294e+03
1.161250018208315169e+03
1.161500018271407043e+03
1.161750018334498918e+03
1.162000018397590793e+03
1.162250018460682668e+03
1.162500018523774543e+03
1.162750018586866418e+03
1.163000018649958292e+03
1.163250018713050167e+03
1.163500018776142042e+03
1.163250018826615587e+03
1.163500018889707462e+03
1.163750018952799337e+03
1.164000019015891212e+03
1.164250019078983087e+03
1.164500019142074962e+03
1.164750019205166836e+03
1.165000019268258711e+03
1.165250019331350586e+03
1.165500019394442461e+03
1.165750019457534336e+03
1.166000019520626211e+03
1.166250019583718085e+03
1.166500019646809960e+03
1.166750019709901835e+03
1.167000019772993710e+03
1.167250019836085585e+03
1.167500019899177460e+03
1.167750019962269334e+03
1.168000020025361209e+03
1.168250020088453084e+03
1.168500020151544959e+03
1.168750020214636834e+03
1.169000020277728709e+03
1.169250020340820583e+03
1.169500020403912458e+03
1.169750020467004333e+03
1.170000020530096208e+03
1.170250020593188083e+03
1.170500020656279958e+03
1.170750020719371832e+03
1.171000020782463707e+03
1.170750020832937253e+03
1.171000020896029127e+03
1.171250020959121002e+03
1.171500021022212877e+03
1.171750021085304752e+03
1.172000021148396627e+03
1.172250021211488502e+03
1.172500021274580376e+03
1.172750021337672251e+03
1.173000021400764126e+03
1.173250021463856001e+03
1.173500021526947876e+03
1.173750021590039751e+03
1.174000021653131625e+03
1.174250021716223500e+03
1.174500021779315375e+03
1.174250021829788921e+03
1.174500021892880795e+03
1.174750021955972670e+03
1.175000022019064545e+03
1.175250022082156420e+03
1.175500022145248295e+03
1.175750022208340170e+03
1.176000022271432044e+03
1.176250022334523919e+03
1.176500022397615794e+03
1.176750022460707669e+03
1.177000022523799544e+03
1.177250022586891419e+03
1.177500022649983293e+03
1.177750022713075168e+03
1.178000022776167043e+03
1.177750022826640588e+03
1.178000022889732463e+03
1.178250022952824338e+03
1.178500023015916213e+03
1.178750023079008088e+03
1.179000023142099963e+03
1.179250023205191837e+03
1.179500023268283712e+03
1.179750023331375587e+03
1.180000023394467462e+03
1.180250023457559337e+03
1.180500023520651212e+03
1.180750023583743086e+03
1.181000023646834961e+03
1.181250023709926836e+03
1.181500023773018711e+03
1.181750023836110586e+03
1.182000023899202461e+03
1.182250023962294335e+03
1.182500024025386210e+03
1.182750024088478085e+03
1.183000024151569960e+03
1.183250024214661835e+03
1.183500024277753710e+03
1.183750024340845584e+03
1.184000024403937459e+03
1.184250024467029334e+03
1.184500024530121209e+03
1.184750024593213084e+03
1.185000024656304959e+03
1.185250024719396833e+03
1.185500024782488708e+03
1.185250024832962254e+03
1.185500024896054128e+03
1.185750024959146003e+03
1.186000025022237878e+03
1.186250025085329753e+03
1.186500025148421628e+03
1.186750025211513503e+03
1.187000025274605377e+03
1.187250025337697252e+03
1.187500025400789127e+03
1.187750025463881002e+03
1.188000025526972877e+03
1.188250025590064752e+03
1.188500025653156627e+03
1.188750025716248501e+03
1.189000025779340376e+03
1.188750025829813922e+03
1.189000025892905796e+03
1.189250025955997671e+03
1.189500026019089546e+03
1.189750026082181421e+03
1.190000026145273296e+03
1.190250026208365171e+03
1.190500026271457045e+03
1.190750026334548920e+03
1.191000026397640795e+03
1.191250026460732670e+03
1.191500026523824545e+03
1.191750026586916420e+03
1.192000026650008294e+03
1.192250026713100169e+03
1.192500026776192044e+03
1.192250026826665589e+03
1.192500026889757464e+03
1.192750026952849339e+03
1.193000027015941214e+03
1.193250027079033089e+03
1.193500027142124964e+03
1.193750027205216838e+03
1.194000027268308713e+03
1.194250027331400588e+03
1.194500027394492463e+03
1.194750027457584338e+03
1.195000027520676213e+03
1.195250027583768087e+03
1.195500027646859962e+03
1.195750027709951837e+03
1.196000027773043712e+03
1.196250027836135587e+03
1.196500027899227462e+03
1.196750027962319336e+03
1.197000028025411211e+03
1.197250028088503086e+03
1.197500028151594961e+03
1.197750028214686836e+03
1.198000028277778711e+03
1.198250028340870585e+03
1.198500028403962460e+03
1.198750028467054335e+03
1.199000028530146210e+03
1.199250028593238085e+03
1.199500028656329960e+03
1.199750028719421834e+03
1.200000028782513709e+03
1.199750028832987255e+03
1.200000028896079129e+03
1.200250028959171004e+03
1.200500029022262879e+03
1.200750029085354754e+03
1.201000029148446629e+03
1.201250029211538504e+03
1.201500029274630378e+03
1.201750029337722253e+03
1.202000029400814128e+03
1.202250029463906003e+03
1.202500029526997878e+03
1.202750029590089753e+03
1.203000029653181628e+03
1.203250029716273502e+03
1.203500029779365377e+03
1.203250029829838923e+03
1.203500029892930797e+03
1.203750029956022672e+03
1.204000030019114547e+03
1.204250030082206422e+03
1.204500030145298297e+03
1.204750030208390172e+03
1.205000030271482046e+03
1.205250030334573921e+03
1.205500030397665796e+03
1.205750030460757671e+03
1.206000030523849546e+03
1.206250030586941421e+03
1.206500030650033295e+03
1.206750030713125170e+03
1.207000030776217045e+03
1.206750030826690590e+03
1.207000030889782465e+03
1.207250030952874340e+03
1.207500031015966215e+03
1.207750031079058090e+03
1.208000031142149965e+03
1.208250031205241839e+03
1.208500031268333714e+03
1.208750031331425589e+03
1.209000031394517464e+03
1.209250031457609339e+03
1.209500031520701214e+03
1.209750031583793088e+03
1.210000031646884963e+03
1.210250031709976838e+03
1.210500031773068713e+03
1.210750031836160588e+03
1.211000031899252463e+03
1.211250031962344337e+03
1.211500032025436212e+03
1.211750032088528087e+03
1.212000032151619962e+03
1.212250032214711837e+03
1.212500032277803712e+03
1.212750032340895586e+03
1.213000032403987461e+03
1.213250032467079336e+03
1.213500032530171211e+03
1.213750032593263086e+03
1.214000032656354961e+03
1.214250032719446835e+03
1.214500032782538710e+03
1.214250032833012256e+03
1.214500032896104130e+03
1.214750032959196005e+03
1.215000033022287880e+03
1.215250033085379755e+03
1.215500033148471630e+03
1.215750033211563505e+03
1.216000033274655380e+03
1.216250033337747254e+03
1.216500033400839129e+03
1.216750033463931004e+03
1.217000033527022879e+03
1.217250033590114754e+03
1.217500033653206629e+03
1.217750033716298503e+03
1.218000033779390378e+03
1.217750033829863924e+03
1.218000033892955798e+03
1.218250033956047673e+03
1.218500034019139548e+03
1.218750034082231423e+03
1.219000034145323298e+03
1.219250034208415173e+03
1.219500034271507047e+03
1.219750034334598922e+03
1.220000034397690797e+03
1.220250034460782672e+03
1.220500034523874547e+03
1.220750034586966422e+03
1.221000034650058296e+03
1.221250034713150171e+03
1.221500034776242046e+03
1.221250034826715591e+03
1.221500034889807466e+03
1.221750034952899341e+03
1.222000035015991216e+03
1.222250035079083091e+03
1.222500035142174966e+03
1.222750035205266840e+03
1.223000035268358715e+03
1.223250035331450590e+03
1.223500035394542465e+03
1.223750035457634340e+03
1.224000035520726215e+03
1.224250035583818089e+03
1.224500035646909964e+03
1.224750035710001839e+03
1.225000035773093714e+03
1.225250035836185589e+03
1.225500035899277464e+03
1.225750035962369338e+03
1.226000036025461213e+03
1.226250036088553088e+03
1.226500036151644963e+03
1.226750036214736838e+03
1.227000036277828713e+03
1.227250036340920587e+03
1.227500036404012462e+03
1.227750036467104337e+03
1.228000036530196212e+03
1.228250036593288087e+03
1.228500036656379962e+03
1.228750036719471836e+03
1.229000036782563711e+03
1.228750036833037257e+03
1.229000036896129131e+03
1.229250036959221006e+03
1.229500037022312881e+03
1.229750037085404756e+03
1.230000037148496631e+03
1.230250037211588506e+03
1.230500037274680381e+03
1.230750037337772255e+03
1.231000037400864130e+03
1.231250037463956005e+03
1.231500037527047880e+03
1.231750037590139755e+03
1.232000037653231630e+03
1.232250037716323504e+03
1.232500037779415379e+03
1.232250037829888925e+03
1.232500037892980799e+03
1.232750037956072674e+03
1.233000038019164549e+03
1.233250038082256424e+03
1.233500038145348299e+03
1.233750038208440174e+03
1.234000038271532048e+03
1.234250038334623923e+03
1.234500038397715798e+03
1.234750038460807673e+03
1.235000038523899548e+03
1.235250038586991423e+03
1.235500038650083297e+03
1.235750038713175172e+03
1.236000038776267047e+03
1.235750038826740592e+03
1.236000038889832467e+03
1.236250038952924342e+03
1.236500039016016217e+03
1.236750039079108092e+03
1.237000039142199967e+03
1.237250039205291841e+03
1.237500039268383716e+03
1.237750039331475591e+03
1.238000039394567466e+03
1.238250039457659341e+03
1.238500039520751216e+03
1.238750039583843090e+03
1.239000039646934965e+03
1.239250039710026840e+03
1.239500039773118715e+03
1.239750039836210590e+03
1.240000039899302465e+03
1.240250039962394339e+03
1.240500040025486214e+03
1.240750040088578089e+03
1.241000040151669964e+03
1.241250040214761839e+03
1.241500040277853714e+03
1.241750040340945588e+03
1.242000040404037463e+03
1.242250040467129338e+03
1.242500040530221213e+03
1.242750040593313088e+03
1.243000040656404963e+03
1.243250040719496837e+03
1.243500040782588712e+03
1.243250040833062258e+03
1.243500040896154132e+03
1.243750040959246007e+03
1.244000041022337882e+03
1.244250041085429757e+03
1.244500041148521632e+03
1.244750041211613507e+03
1.245000041274705382e+03
1.245250041337797256e+03
1.245500041400889131e+03
1.245750041463981006e+03
1.246000041527072881e+03
1.246250041590164756e+03
1.246500041653256631e+03
1.246750041716348505e+03
1.247000041779440380e+03
1.246750041829913926e+03
1.247000041893005800e+03
1.247250041956097675e+03
1.247500042019189550e+03
1.247750042082281425e+03
1.248000042145373300e+03
1.248250042208465175e+03
1.248500042271557049e+03
1.248750042334648924e+03
1.249000042397740799e+03
1.249250042460832674e+03
1.249500042523924549e+03
1.249750042587016424e+03
1.250000042650108298e+03
1.250250042713200173e+03
1.250500042776292048e+03
1.250250042826765593e+03
1.250500042889857468e+03
1.250750042952949343e+03
1.251000043016041218e+03
1.251250043079133093e+03
1.251500043142224968e+03
1.251750043205316842e+03
1.252000043268408717e+03
1.252250043331500592e+03
1.252500043394592467e+03
1.252750043457684342e+03
1.253000043520776217e+03
1.253250043583868091e+03
1.253500043646959966e+03
1.253750043710051841e+03
1.254000043773143716e+03
1.254250043836235591e+03
1.254500043899327466e+03
1.254750043962419340e+03
1.255000044025511215e+03
1.255250044088603090e+03
1.255500044151694965e+03
1.255750044214786840e+03
1.256000044277878715e+03
1.256250044340970589e+03
1.256500044404062464e+03
1.256750044467154339e+03
1.257000044530246214e+03
1.257250044593338089e+03
1.257500044656429964e+03
1.257750044719521838e+03
1.258000044782613713e+03
1.257750044833087259e+03
1.258000044896179134e+03
1.258250044959271008e+03
1.258500045022362883e+03
1.258750045085454758e+03
1.259000045148546633e+03
1.259250045211638508e+03
1.259500045274730383e+03
1.259750045337822257e+03
1.260000045400914132e+03
1.260250045464006007e+03
1.260500045527097882e+03
1.260750045590189757e+03
1.261000045653281632e+03
1.261250045716373506e+03
1.261500045779465381e+03
1.261250045829938927e+03
1.261500045893030801e+03
1.261750045956122676e+03
1.262000046019214551e+03
1.262250046082306426e+03
1.262500046145398301e+03
1.262750046208490176e+03
1.263000046271582050e+03
1.263250046334673925e+03
1.263500046397765800e+03
1.263750046460857675e+03
1.264000046523949550e+03
1.264250046587041425e+03
1.264500046650133299e+03
1.264750046713225174e+03
1.265000046776317049e+03
1.264750046826790594e+03
1.265000046889882469e+03
1.265250046952974344e+03
1.265500047016066219e+03
1.265750047079158094e+03
1.266000047142249969e+03
1.266250047205341843e+03
1.266500047268433718e+03
1.266750047331525593e+03
1.267000047394617468e+03
1.267250047457709343e+03
1.267500047520801218e+03
1.267750047583893092e+03
1.268000047646984967e+03
1.268250047710076842e+03
1.268500047773168717e+03
1.268750047836260592e+03
1.269000047899352467e+03
1.269250047962444341e+03
1.269500048025536216e+03
1.269750048088628091e+03
1.270000048151719966e+03
1.270250048214811841e+03
1.270500048277903716e+03
1.270750048340995590e+03
1.271000048404087465e+03
1.271250048467179340e+03
1.271500048530271215e+03
1.271750048593363090e+03
1.272000048656454965e+03
1.272250048719546839e+03
1.272500048782638714e+03
1.272250048833112260e+03
1.272500048896204135e+03
1.272750048959296009e+03
1.273000049022387884e+03
1.273250049085479759e+03
1.273500049148571634e+03
1.273750049211663509e+03
1.274000049274755384e+03
1.274250049337847258e+03
1.274500049400939133e+03
1.274750049464031008e+03
1.275000049527122883e+03
1.275250049590214758e+03
1.275500049653306633e+03
1.275750049716398507e+03
1.276000049779490382e+03
1.275750049829963928e+03
1.276000049893055802e+03
1.276250049956147677e+03
1.276500050019239552e+03
1.276750050082331427e+03
1.277000050145423302e+03
1.277250050208515177e+03
1.277500050271607051e+03
1.277750050334698926e+03
1.278000050397790801e+03
1.278250050460882676e+03
1.278500050523974551e+03
1.278750050587066426e+03
1.279000050650158300e+03
1.279250050713250175e+03
1.279500050776342050e+03
1.279250050826815595e+03
1.279500050889907470e+03
1.279750050952999345e+03
1.280000051016091220e+03
1.280250051079183095e+03
1.280500051142274970e+03
1.280750051205366844e+03
1.281000051268458719e+03
1.281250051331550594e+03
1.281500051394642469e+03
1.281750051457734344e+03
1.282000051520826219e+03
1.282250051583918093e+03
1.282500051647009968e+03
1.282750051710101843e+03
1.283000051773193718e+03
1.283250051836285593e+03
1.283500051899377468e+03
1.283750051962469342e+03
1.284000052025561217e+03
1.284250052088653092e+03
1.284500052151744967e+03
1.284750052214836842e+03
1.285000052277928717e+03
1.285250052341020591e+03
1.285500052404112466e+03
1.285750052467204341e+03
1.286000052530296216e+03
1.286250052593388091e+03
1.286500052656479966e+03
1.286750052719571840e+03
1.287000052782663715e+03
1.286750052833137261e+03
1.287000052896229136e+03
1.287250052959321010e+03
1.287500053022412885e+03
1.287750053085504760e+03
1.288000053148596635e+03
1.288250053211688510e+03
1.288500053274780385e+03
1.288750053337872259e+03
1.289000053400964134e+03
1.289250053464056009e+03
1.289500053527147884e+03
1.289750053590239759e+03
1.290000053653331634e+03
1.290250053716423508e+03
1.290500053779515383e+03
1.290250053829988929e+03
1.290500053893080803e+03
1.290750053956172678e+03
1.291000054019264553e+03
1.291250054082356428e+03
1.291500054145448303e+03
1.291750054208540178e+03
1.292000054271632052e+03
1.292250054334723927e+03
1.292500054397815802e+03
1.292750054460907677e+03
1.293000054523999552e+03
1.293250054587091427e+03
1.293500054650183301e+03
1.293750054713275176e+03
1.294000054776367051e+03
1.293750054826840596e+03
1.294000054889932471e+03
1.294250054953024346e+03
1.294500055016116221e+03
1.294750055079208096e+03
1.295000055142299971e+03
1.295250055205391845e+03
1.295500055268483720e+03
1.295750055331575595e+03
1.296000055394667470e+03
1.296250055457759345e+03
1.296500055520851220e+03
1.296750055583943094e+03
1.297000055647034969e+03
1.297250055710126844e+03
1.297500055773218719e+03
1.297750055836310594e+03
1.298000055899402469e+03
1.298250055962494343e+03
1.298500056025586218e+03
1.298750056088678093e+03
1.299000056151769968e+03
1.299250056214861843e+03
1.299500056277953718e+03
1.299750056341045592e+03
1.300000056404137467e+03
1.300250056467229342e+03
1.300500056530321217e+03
1.300750056593413092e+03
1.301000056656504967e+03
1.301250056719596842e+03
1.301500056782688716e+03
1.301250056833162262e+03
1.301500056896254137e+03
1.301750056959346011e+03
1.302000057022437886e+03
1.302250057085529761e+03
1.302500057148621636e+03
1.302750057211713511e+03
1.303000057274805386e+03
1.303250057337897260e+03
1.303500057400989135e+03
1.303750057464081010e+03
1.304000057527172885e+03
1.304250057590264760e+03
1.304500057653356635e+03
1.304750057716448509e+03
1.305000057779540384e+03
1.304750057830013930e+03
1.305000057893105804e+03
1.305250057956197679e+03
1.305500058019289554e+03
1.305750058082381429e+03
1.306000058145473304e+03
1.306250058208565179e+03
1.306500058271657053e+03
1.306750058334748928e+03
1.307000058397840803e+03
1.307250058460932678e+03
1.307500058524024553e+03
1.307750058587116428e+03
1.308000058650208302e+03
1.308250058713300177e+03
1.308500058776392052e+03
1.308250058826865597e+03
1.308500058889957472e+03
1.308750058953049347e+03
1.309000059016141222e+03
1.309250059079233097e+03
1.309500059142324972e+03
1.309750059205416846e+03
1.310000059268508721e+03
1.310250059331600596e+03
1.310500059394692471e+03
1.310750059457784346e+03
1.311000059520876221e+03
1.311250059583968095e+03
1.311500059647059970e+03
1.311750059710151845e+03
1.312000059773243720e+03
1.312250059836335595e+03
1.312500059899427470e+03
1.312750059962519344e+03
1.313000060025611219e+03
1.313250060088703094e+03
1.313500060151794969e+03
1.313750060214886844e+03
1.314000060277978719e+03
1.314250060341070593e+03
1.314500060404162468e+03
1.314750060467254343e+03
1.315000060530346218e+03
1.315250060593438093e+03
1.315500060656529968e+03
1.315750060719621843e+03
1.316000060782713717e+03
1.315750060833187263e+03
1.316000060896279138e+03
1.316250060959371012e+03
1.316500061022462887e+03
1.316750061085554762e+03
1.317000061148646637e+03
1.317250061211738512e+03
1.317500061274830387e+03
1.317750061337922261e+03
1.318000061401014136e+03
1.318250061464106011e+03
1.318500061527197886e+03
1.318750061590289761e+03
1.319000061653381636e+03
1.319250061716473510e+03
1.319500061779565385e+03
1.319250061830038931e+03
1.319500061893130805e+03
1.319750061956222680e+03
1.320000062019314555e+03
1.320250062082406430e+03
1.320500062145498305e+03
1.320750062208590180e+03
1.321000062271682054e+03
1.321250062334773929e+03
1.321500062397865804e+03
1.321750062460957679e+03
1.322000062524049554e+03
1.322250062587141429e+03
1.322500062650233303e+03
1.322750062713325178e+03
1.323000062776417053e+03
1.322750062826890598e+03
1.323000062889982473e+03
1.323250062953074348e+03
1.323500063016166223e+03
1.323750063079258098e+03
1.324000063142349973e+03
1.324250063205441847e+03
1.324500063268533722e+03
1.324750063331625597e+03
1.325000063394717472e+03
1.325250063457809347e+03
1.325500063520901222e+03
1.325750063583993096e+03
1.326000063647084971e+03
1.326250063710176846e+03
1.326500063773268721e+03
1.326750063836360596e+03
1.327000063899452471e+03
1.327250063962544345e+03
1.327500064025636220e+03
1.327750064088728095e+03
1.328000064151819970e+03
1.328250064214911845e+03
1.328500064278003720e+03
1.328750064341095595e+03
1.329000064404187469e+03
1.329250064467279344e+03
1.329500064530371219e+03
1.329750064593463094e+03
1.330000064656554969e+03
1.330250064719646844e+03
1.330500064782738718e+03
1.330250064833212264e+03
1.330500064896304139e+03
1.330750064959396013e+03
1.331000065022487888e+03
1.331250065085579763e+03
1.331500065148671638e+03
1.331750065211763513e+03
1.332000065274855388e+03
1.332250065337947262e+03
1.332500065401039137e+03
1.332750065464131012e+03
1.333000065527222887e+03
1.333250065590314762e+03
1.333500065653406637e+03
1.333750065716498511e+03
1.334000065779590386e+03
1.333750065830063932e+03
1.334000065893155806e+03
1.334250065956247681e+03
1.334500066019339556e+03
1.334750066082431431e+03
1.335000066145523306e+03
1.335250066208615181e+03
1.335500066271707055e+03
1.335750066334798930e+03
1.336000066397890805e+03
1.336250066460982680e+03
1.336500066524074555e+03
1.336750066587166430e+03
1.337000066650258304e+03
1.337250066713350179e+03
1.337500066776442054e+03
1.337250066826915599e+03
1.337500066890007474e+03
1.337750066953099349e+03
1.338000067016191224e+03
1.338250067079283099e+03
1.338500067142374974e+03
1.338750067205466848e+03
1.339000067268558723e+03
1.339250067331650598e+03
1.339500067394742473e+03
1.339750067457834348e+03
1.340000067520926223e+03
1.340250067584018097e+03
1.340500067647109972e+03
1.340750067710201847e+03
1.341000067773293722e+03
1.341250067836385597e+03
1.341500067899477472e+03
1.341750067962569346e+03
1.342000068025661221e+03
1.342250068088753096e+03
1.342500068151844971e+03
1.342750068214936846e+03
1.343000068278028721e+03
1.343250068341120596e+03
1.343500068404212470e+03
1.343750068467304345e+03
1.344000068530396220e+03
1.344250068593488095e+03
1.344500068656579970e+03
1.344750068719671845e+03
1.345000068782763719e+03
1.344750068833237265e+03
1.345000068896329140e+03
1.345250068959421014e+03
1.345500069022512889e+03
1.345750069085604764e+03
1.346000069148696639e+03
1.346250069211788514e+03
1.346500069274880389e+03
1.346750069337972263e+03
1.347000069401064138e+03
1.347250069464156013e+03
1.347500069527247888e+03
1.347750069590339763e+03
1.348000069653431638e+03
1.348250069716523512e+03
1.348500069779615387e+03
1.348250069830088933e+03
1.348500069893180807e+03
1.348750069956272682e+03
1.349000070019364557e+03
1.349250070082456432e+03
1.349500070145548307e+03
1.349750070208640182e+03
1.350000070271732056e+03
1.350250070334823931e+03
1.350500070397915806e+03
1.350750070461007681e+03
1.351000070524099556e+03
1.351250070587191431e+03
1.351500070650283305e+03
1.351750070713375180e+03
1.352000070776467055e+03
1.351750070826940600e+03
1.352000070890032475e+03
1.352250070953124350e+03
1.352500071016216225e+03
1.352750071079308100e+03
1.353000071142399975e+03
1.353250071205491849e+03
1.353500071268583724e+03
1.353750071331675599e+03
1.354000071394767474e+03
1.354250071457859349e+03
1.354500071520951224e+03
1.354750071584043098e+03
1.355000071647134973e+03
1.355250071710226848e+03
1.355500071773318723e+03
1.355750071836410598e+03
1.356000071899502473e+03
1.356250071962594347e+03
1.356500072025686222e+03
1.356750072088778097e+03
1.357000072151869972e+03
1.357250072214961847e+03
1.357500072278053722e+03
1.357750072341145597e+03
1.358000072404237471e+03
1.358250072467329346e+03
1.358500072530421221e+03
1.358750072593513096e+03
1.359000072656604971e+03
1.359250072719696846e+03
1.359500072782788720e+03
1.359250072833262266e+03
1.359500072896354141e+03
1.359750072959446015e+03
1.360000073022537890e+03
1.360250073085629765e+03
1.360500073148721640e+03
1.360750073211813515e+03
1.361000073274905390e+03
1.361250073337997264e+03
1.361500073401089139e+03
1.361750073464181014e+03
1.362000073527272889e+03
1.362250073590364764e+03
1.362500073653456639e+03
1.362750073716548513e+03
1.363000073779640388e+03
1.362750073830113934e+03
1.363000073893205808e+03
1.363250073956297683e+03
1.363500074019389558e+03
1.363750074082481433e+03
1.364000074145573308e+03
1.364250074208665183e+03
1.364500074271757057e+03
1.364750074334848932e+03
1.365000074397940807e+03
1.365250074461032682e+03
1.365500074524124557e+03
1.365750074587216432e+03
1.366000074650308306e+03
1.366250074713400181e+03
1.366500074776492056e+03
1.366250074826965601e+03
1.366500074890057476e+03
1.366750074953149351e+03
1.367000075016241226e+03
1.367250075079333101e+03
1.367500075142424976e+03
1.367750075205516850e+03
1.368000075268608725e+03
1.368250075331700600e+03
1.368500075394792475e+03
1.368750075457884350e+03
1.369000075520976225e+03
1.369250075584068099e+03
1.369500075647159974e+03
1.369750075710251849e+03
1.370000075773343724e+03
1.370250075836435599e+03
1.370500075899527474e+03
1.370750075962619349e+03
1.371000076025711223e+03
1.371250076088803098e+03
1.371500076151894973e+03
1.371750076214986848e+03
1.372000076278078723e+03
1.372250076341170598e+03
1.372500076404262472e+03
1.372750076467354347e+03
1.373000076530446222e+03
1.373250076593538097e+03
1.373500076656629972e+03
1.373750076719721847e+03
1.374000076782813721e+03
1.373750076833287267e+03
1.374000076896379142e+03
1.374250076959471016e+03
1.374500077022562891e+03
1.374750077085654766e+03
1.375000077148746641e+03
1.375250077211838516e+03
1.375500077274930391e+03
1.375750077338022265e+03
1.376000077401114140e+03
1.376250077464206015e+03
1.376500077527297890e+03
1.376750077590389765e+03
1.377000077653481640e+03
1.377250077716573514e+03
1.377500077779665389e+03
1.377250077830138935e+03
1.377500077893230809e+03
1.377750077956322684e+03
1.378000078019414559e+03
1.378250078082506434e+03
1.378500078145598309e+03
1.378750078208690184e+03
1.379000078271782058e+03
1.379250078334873933e+03
1.379500078397965808e+03
1.379750078461057683e+03
1.380000078524149558e+03
1.380250078587241433e+03
1.380500078650333307e+03
1.380750078713425182e+03
1.381000078776517057e+03
1.380750078826990602e+03
1.381000078890082477e+03
1.381250078953174352e+03
1.381500079016266227e+03
1.381750079079358102e+03
1.382000079142449977e+03
1.382250079205541851e+03
1.382500079268633726e+03
1.382750079331725601e+03
1.383000079394817476e+03
1.383250079457909351e+03
1.383500079521001226e+03
1.383750079584093100e+03
1.384000079647184975e+03
1.384250079710276850e+03
1.384500079773368725e+03
1.384750079836460600e+03
1.385000079899552475e+03
1.385250079962644350e+03
1.385500080025736224e+03
1.385750080088828099e+03
1.386000080151919974e+03
1.386250080215011849e+03
1.386500080278103724e+03
1.386750080341195599e+03
1.387000080404287473e+03
1.387250080467379348e+03
1.387500080530471223e+03
1.387750080593563098e+03
1.388000080656654973e+03
1.388250080719746848e+03
1.388500080782838722e+03
1.388250080833312268e+03
1.388500080896404143e+03
1.388750080959496017e+03
1.389000081022587892e+03
1.389250081085679767e+03
1.389500081148771642e+03
1.389750081211863517e+03
1.390000081274955392e+03
1.390250081338047266e+03
1.390500081401139141e+03
1.390750081464231016e+03
1.391000081527322891e+03
1.391250081590414766e+03
1.391500081653506641e+03
1.391750081716598515e+03
1.392000081779690390e+03
1.391750081830163936e+03
1.392000081893255810e+03
1.392250081956347685e+03
1.392500082019439560e+03
1.392750082082531435e+03
1.393000082145623310e+03
1.393250082208715185e+03
1.393500082271807059e+03
1.393750082334898934e+03
1.394000082397990809e+03
1.394250082461082684e+03
1.394500082524174559e+03
1.394750082587266434e+03
1.395000082650358308e+03
1.395250082713450183e+03
1.395500082776542058e+03
1.395250082827015603e+03
1.395500082890107478e+03
1.395750082953199353e+03
1.396000083016291228e+03
1.396250083079383103e+03
1.396500083142474978e+03
1.396750083205566852e+03
1.397000083268658727e+03
1.397250083331750602e+03
1.397500083394842477e+03
1.397750083457934352e+03
1.398000083521026227e+03
1.398250083584118101e+03
1.398500083647209976e+03
1.398750083710301851e+03
1.399000083773393726e+03
1.399250083836485601e+03
1.399500083899577476e+03
1.399750083962669351e+03
1.400000084025761225e+03
1.400250084088853100e+03
1.400500084151944975e+03
1.400750084215036850e+03
1.401000084278128725e+03
1.401250084341220600e+03
1.401500084404312474e+03
1.401750084467404349e+03
1.402000084530496224e+03
1.402250084593588099e+03
1.402500084656679974e+03
1.402750084719771849e+03
1.403000084782863723e+03
1.402750084833337269e+03
1.403000084896429144e+03
1.403250084959521018e+03
1.403500085022612893e+03
1.403750085085704768e+03
1.404000085148796643e+03
1.404250085211888518e+03
1.404500085274980393e+03
1.404750085338072267e+03
1.405000085401164142e+03
1.405250085464256017e+03
1.405500085527347892e+03
1.405750085590439767e+03
1.406000085653531642e+03
1.406250085716623516e+03
1.406500085779715391e+03
1.406250085830188937e+03
1.406500085893280811e+03
1.406750085956372686e+03
1.407000086019464561e+03
1.407250086082556436e+03
1.407500086145648311e+03
1.407750086208740186e+03
1.408000086271832060e+03
1.408250086334923935e+03
1.408500086398015810e+03
1.408750086461107685e+03
1.409000086524199560e+03
1.409250086587291435e+03
1.409500086650383309e+03
1.409750086713475184e+03
1.410000086776567059e+03
1.409750086827040604e+03
1.410000086890132479e+03
1.410250086953224354e+03
1.410500087016316229e+03
1.410750087079408104e+03
1.411000087142499979e+03
1.411250087205591853e+03
1.411500087268683728e+03
1.411750087331775603e+03
1.412000087394867478e+03
1.412250087457959353e+03
1.412500087521051228e+03
1.412750087584143103e+03
1.413000087647234977e+03
1.413250087710326852e+03
1.413500087773418727e+03
1.413750087836510602e+03
1.414000087899602477e+03
1.414250087962694352e+03
1.414500088025786226e+03
1.414750088088878101e+03
1.415000088151969976e+03
1.415250088215061851e+03
1.415500088278153726e+03
1.415750088341245601e+03
1.416000088404337475e+03
1.416250088467429350e+03
1.416500088530521225e+03
1.416750088593613100e+03
1.417000088656704975e+03
1.417250088719796850e+03
1.417500088782888724e+03
1.417250088833362270e+03
1.417500088896454145e+03
1.417750088959546019e+03
1.418000089022637894e+03
1.418250089085729769e+03
1.418500089148821644e+03
1.418750089211913519e+03
1.419000089275005394e+03
1.419250089338097268e+03
1.419500089401189143e+03
1.419750089464281018e+03
1.420000089527372893e+03
1.420250089590464768e+03
1.420500089653556643e+03
1.420750089716648517e+03
1.421000089779740392e+03
1.420750089830213938e+03
1.421000089893305812e+03
1.421250089956397687e+03
1.421500090019489562e+03
1.421750090082581437e+03
1.422000090145673312e+03
1.422250090208765187e+03
1.422500090271857061e+03
1.422750090334948936e+03
1.423000090398040811e+03
1.423250090461132686e+03
1.423500090524224561e+03
1.423750090587316436e+03
1.424000090650408310e+03
1.424250090713500185e+03
1.424500090776592060e+03
1.424250090827065605e+03
1.424500090890157480e+03
1.424750090953249355e+03
1.425000091016341230e+03
1.425250091079433105e+03
1.425500091142524980e+03
1.425750091205616854e+03
1.426000091268708729e+03
1.426250091331800604e+03
1.426500091394892479e+03
1.426750091457984354e+03
1.427000091521076229e+03
1.427250091584168104e+03
1.427500091647259978e+03
1.427750091710351853e+03
1.428000091773443728e+03
1.428250091836535603e+03
1.428500091899627478e+03
1.428750091962719353e+03
1.429000092025811227e+03
1.429250092088903102e+03
1.429500092151994977e+03
1.429750092215086852e+03
1.430000092278178727e+03
1.430250092341270602e+03
1.430500092404362476e+03
1.430750092467454351e+03
1.431000092530546226e+03
1.431250092593638101e+03
1.431500092656729976e+03
1.431750092719821851e+03
1.432000092782913725e+03
1.431750092833387271e+03
1.432000092896479146e+03
1.432250092959571020e+03
1.432500093022662895e+03
1.432750093085754770e+03
1.433000093148846645e+03
1.433250093211938520e+03
1.433500093275030395e+03
1.433750093338122269e+03
1.434000093401214144e+03
1.434250093464306019e+03
1.434500093527397894e+03
1.434750093590489769e+03
1.435000093653581644e+03
1.435250093716673518e+03
1.435500093779765393e+03
1.435250093830238939e+03
1.435500093893330813e+03
1.435750093956422688e+03
1.436000094019514563e+03
1.436250094082606438e+03
1.436500094145698313e+03
1.436750094208790188e+03
1.437000094271882062e+03
1.437250094334973937e+03
1.437500094398065812e+03
1.437750094461157687e+03
1.438000094524249562e+03
1.438250094587341437e+03
1.438500094650433311e+03
1.438750094713525186e+03
1.439000094776617061e+03
1.438750094827090606e+03
1.439000094890182481e+03
1.439250094953274356e+03
1.439500095016366231e+03
1.439750095079458106e+03
1.440000095142549981e+03
1.440250095205641856e+03
1.440500095268733730e+03
1.440750095331825605e+03
1.441000095394917480e+03
1.441250095458009355e+03
1.441500095521101230e+03
1.441750095584193105e+03
1.442000095647284979e+03
1.442250095710376854e+03
1.442500095773468729e+03
1.442750095836560604e+03
1.443000095899652479e+03
1.443250095962744354e+03
1.443500096025836228e+03
1.443750096088928103e+03
1.444000096152019978e+03
1.444250096215111853e+03
1.444500096278203728e+03
1.444750096341295603e+03
1.445000096404387477e+03
1.445250096467479352e+03
1.445500096530571227e+03
1.445750096593663102e+03
1.446000096656754977e+03
1.446250096719846852e+03
1.446500096782938726e+03
1.446250096833412272e+03
1.446500096896504147e+03
1.446750096959596021e+03
1.447000097022687896e+03
1.447250097085779771e+03
1.447500097148871646e+03
1.447750097211963521e+03
1.448000097275055396e+03
1.448250097338147270e+03
1.448500097401239145e+03
1.448750097464331020e+03
1.449000097527422895e+03
1.449250097590514770e+03
1.449500097653606645e+03
1.449750097716698519e+03
1.450000097779790394e+03
1.450500097779790394e+03
1.450750097842882269e+03
1.451000097905974144e+03
1.451250097969066019e+03
1.451500098032157894e+03
1.451750098095249768e+03
1.452000098158341643e+03
1.452250098221433518e+03
1.452500098284525393e+03
1.452750098347617268e+03
1.453000098410709143e+03
1.453250098473801017e+03
1.453500098536892892e+03
1.453750098599984767e+03
1.454000098663076642e+03
1.454250098726168517e+03
1.454000098776642062e+03
1.454250098839733937e+03
1.454500098902825812e+03
1.454750098965917687e+03
1.455000099029009561e+03
1.455250099092101436e+03
1.455500099155193311e+03
1.455750099218285186e+03
1.456000099281377061e+03
1.456250099344468936e+03
1.456500099407560811e+03
1.456750099470652685e+03
1.457000099533744560e+03
1.457250099596836435e+03
1.457500099659928310e+03
1.457750099723020185e+03
1.457500099773493730e+03
1.457250099823967275e+03
1.457000099874440821e+03
1.456750099924914366e+03
1.456500099975387911e+03
1.456250100025861457e+03
1.456000100076335002e+03
1.455750100126808547e+03
1.455500100177282093e+03
1.455250100227755638e+03
1.455000100278229183e+03
1.454750100328702729e+03
1.454500100379176274e+03
1.454250100429649819e+03
1.454000100480123365e+03
1.453750100530596910e+03
1.453250100530596910e+03
1.453000100581070456e+03
1.452750100631544001e+03
1.452500100682017546e+03
1.452250100732491092e+03
1.452000100782964637e+03
1.451750100833438182e+03
1.451500100883911728e+03
1.451250100934385273e+03
1.451000100984858818e+03
1.450750101035332364e+03
1.450500101085805909e+03
1.450250101136279454e+03
1.450000101186753000e+03
1.449750101237226545e+03
1.449500101287700090e+03
1.449000101287700090e+03
1.448750101338173636e+03
1.448500101388647181e+03
1.448250101439120726e+03
1.448000101489594272e+03
1.447750101540067817e+03
1.447500101590541362e+03
1.447250101641014908e+03
1.447000101691488453e+03
1.446750101741961998e+03
1.446500101792435544e+03
1.446250101842909089e+03
1.446000101893382634e+03
1.445750101943856180e+03
1.445500101994329725e+03
1.445250102044803270e+03
1.445000102095276816e+03
1.444750102145750361e+03
1.444500102196223907e+03
1.444250102246697452e+03
1.444000102297170997e+03
1.443750102347644543e+03
1.443500102398118088e+03
1.443250102448591633e+03
1.443000102499065179e+03
1.442750102549538724e+03
1.442500102600012269e+03
1.442250102650485815e+03
1.442000102700959360e+03
1.441750102751432905e+03
1.441500102801906451e+03
1.441250102852379996e+03
1.441000102902853541e+03
1.440750102953327087e+03
1.440500103003800632e+03
1.440250103054274177e+03
1.440000103104747723e+03
1.439750103155221268e+03
1.439500103205694813e+03
1.439250103256168359e+03
1.439000103306641904e+03
1.438750103357115449e+03
1.438500103407588995e+03
1.438250103458062540e+03
1.438000103508536085e+03
1.437750103559009631e+03
1.437500103609483176e+03
1.437250103659956721e+03
1.436750103659956721e+03
1.436500103710430267e+03
1.436250103760903812e+03
1.436000103811377357e+03
1.435750103861850903e+03
1.435500103912324448e+03
1.435250103962797994e+03
1.435000104013271539e+03
1.434750104063745084e+03
1.434500104114218630e+03
1.434250104164692175e+03
1.434000104215165720e+03
1.433750104265639266e+03
1.433500104316112811e+03
1.433250104366586356e+03
1.433000104417059902e+03
1.432500104417059902e+03
1.432250104467533447e+03
1.432000104518006992e+03
1.431750104568480538e+03
1.431500104618954083e+03
1.431250104669427628e+03
1.431000104719901174e+03
1.430750104770374719e+03
1.430500104820848264e+03
1.430250104871321810e+03
1.430000104921795355e+03
1.429750104972268900e+03
1.429500105022742446e+03
1.429250105073215991e+03
1.429000105123689536e+03
1.428750105174163082e+03
1.428500105224636627e+03
1.428250105275110172e+03
1.428000105325583718e+03
1.427750105376057263e+03
1.427500105426530808e+03
1.427250105477004354e+03
1.427000105527477899e+03
1.426750105577951445e+03
1.426500105628424990e+03
1.426250105678898535e+03
1.426000105729372081e+03
1.425750105779845626e+03
1.425500105830319171e+03
1.425250105880792717e+03
1.425000105931266262e+03
1.424750105981739807e+03
1.424500106032213353e+03
1.424250106082686898e+03
1.424000106133160443e+03
1.423750106183633989e+03
1.423500106234107534e+03
1.423250106284581079e+03
1.423000106335054625e+03
1.422750106385528170e+03
1.422500106436001715e+03
1.422250106486475261e+03
1.422000106536948806e+03
1.421750106587422351e+03
1.421500106637895897e+03
1.421250106688369442e+03
1.421000106738842987e+03
1.420750106789316533e+03
1.420250106789316533e+03
1.420000106839790078e+03
1.419750106890263623e+03
1.419500106940737169e+03
1.419250106991210714e+03
1.419000107041684259e+03
1.418750107092157805e+03
1.418500107142631350e+03
1.418250107193104895e+03
1.418000107243578441e+03
1.417750107294051986e+03
1.417500107344525532e+03
1.417250107394999077e+03
1.417000107445472622e+03
1.416750107495946168e+03
1.416500107546419713e+03
1.416000107546419713e+03
1.415750107596893258e+03
1.415500107647366804e+03
1.415250107697840349e+03
1.415000107748313894e+03
1.414750107798787440e+03
1.414500107849260985e+03
1.414250107899734530e+03
1.414000107950208076e+03
1.413750108000681621e+03
1.413500108051155166e+03
1.413250108101628712e+03
1.413000108152102257e+03
1.412750108202575802e+03
1.412500108253049348e+03
1.412250108303522893e+03
1.412000108353996438e+03
1.411750108404469984e+03
1.411500108454943529e+03
1.411250108505417074e+03
1.411000108555890620e+03
1.410750108606364165e+03
1.410500108656837710e+03
1.410250108707311256e+03
1.410000108757784801e+03
1.409750108808258346e+03
1.409500108858731892e+03
1.409250108909205437e+03
1.409000108959678983e+03
1.408750109010152528e+03
1.408500109060626073e+03
1.408250109111099619e+03
1.408000109161573164e+03
1.407750109212046709e+03
1.407500109262520255e+03
1.407250109312993800e+03
1.407000109363467345e+03
1.406750109413940891e+03
1.406500109464414436e+03
1.406250109514887981e+03
1.406000109565361527e+03
1.405750109615835072e+03
1.405500109666308617e+03
1.405250109716782163e+03
1.405000109767255708e+03
1.404750109817729253e+03
1.404500109868202799e+03
1.404250109918676344e+03
1.403750109918676344e+03
1.403500109969149889e+03
1.403250110019623435e+03
1.403000110070096980e+03
1.402750110120570525e+03
1.402500110171044071e+03
1.402250110221517616e+03
1.402000110271991161e+03
1.401750110322464707e+03
1.401500110372938252e+03
1.401250110423411797e+03
1.401000110473885343e+03
1.400750110524358888e+03
1.400500110574832433e+03
1.400250110625305979e+03
1.400000110675779524e+03
1.399500110675779524e+03
1.399250110726253070e+03
1.399000110776726615e+03
1.398750110827200160e+03
1.398500110877673706e+03
1.398250110928147251e+03
1.398000110978620796e+03
1.397750111029094342e+03
1.397500111079567887e+03
1.397250111130041432e+03
1.397000111180514978e+03
1.396750111230988523e+03
1.396500111281462068e+03
1.396250111331935614e+03
1.396000111382409159e+03
1.395750111432882704e+03
1.395500111483356250e+03
1.395250111533829795e+03
1.395000111584303340e+03
1.394750111634776886e+03
1.394500111685250431e+03
1.394250111735723976e+03
1.394000111786197522e+03
1.393750111836671067e+03
1.393500111887144612e+03
1.393250111937618158e+03
1.393000111988091703e+03
1.392750112038565248e+03
1.392500112089038794e+03
1.392250112139512339e+03
1.392000112189985884e+03
1.391750112240459430e+03
1.391500112290932975e+03
1.391250112341406520e+03
1.391000112391880066e+03
1.390750112442353611e+03
1.390500112492827157e+03
1.390250112543300702e+03
1.390000112593774247e+03
1.389750112644247793e+03
1.389500112694721338e+03
1.389250112745194883e+03
1.389000112795668429e+03
1.388750112846141974e+03
1.388500112896615519e+03
1.388250112947089065e+03
1.388000112997562610e+03
1.387750113048036155e+03
1.387250113048036155e+03
1.387000113098509701e+03
1.386750113148983246e+03
1.386500113199456791e+03
1.386250113249930337e+03
1.386000113300403882e+03
1.385750113350877427e+03
1.385500113401350973e+03
1.385250113451824518e+03
1.385000113502298063e+03
1.384750113552771609e+03
1.384500113603245154e+03
1.384250113653718699e+03
1.384000113704192245e+03
1.383750113754665790e+03
1.383500113805139335e+03
1.383000113805139335e+03
1.382750113855612881e+03
1.382500113906086426e+03
1.382250113956559971e+03
1.382000114007033517e+03
1.381750114057507062e+03
1.381500114107980608e+03
1.381250114158454153e+03
1.381000114208927698e+03
1.380750114259401244e+03
1.380500114309874789e+03
1.380250114360348334e+03
1.380000114410821880e+03
1.379750114461295425e+03
1.379500114511768970e+03
1.379250114562242516e+03
1.379000114612716061e+03
1.378750114663189606e+03
1.378500114713663152e+03
1.378250114764136697e+03
1.378000114814610242e+03
1.377750114865083788e+03
1.377500114915557333e+03
1.377250114966030878e+03
1.377000115016504424e+03
1.376750115066977969e+03
1.376500115117451514e+03
1.376250115167925060e+03
1.376000115218398605e+03
1.375750115268872150e+03
1.375500115319345696e+03
1.375250115369819241e+03
1.375000115420292786e+03
1.374750115470766332e+03
1.374500115521239877e+03
1.374250115571713422e+03
1.374000115622186968e+03
1.373750115672660513e+03
1.373500115723134058e+03
1.373250115773607604e+03
1.373000115824081149e+03
1.372750115874554695e+03
1.372500115925028240e+03
1.372250115975501785e+03
1.372000116025975331e+03
1.371750116076448876e+03
1.371500116126922421e+03
1.371250116177395967e+03
1.370750116177395967e+03
1.370500116227869512e+03
1.370250116278343057e+03
1.370000116328816603e+03
1.369750116379290148e+03
1.369500116429763693e+03
1.369250116480237239e+03
1.369000116530710784e+03
1.368750116581184329e+03
1.368500116631657875e+03
1.368250116682131420e+03
1.368000116732604965e+03
1.367750116783078511e+03
1.367500116833552056e+03
1.367250116884025601e+03
1.367000116934499147e+03
1.366500116934499147e+03
1.366250116984972692e+03
1.366000117035446237e+03
1.365750117085919783e+03
1.365500117136393328e+03
1.365250117186866873e+03
1.365000117237340419e+03
1.364750117287813964e+03
1.364500117338287509e+03
1.364250117388761055e+03
1.364000117439234600e+03
1.363750117489708146e+03
1.363500117540181691e+03
1.363250117590655236e+03
1.363000117641128782e+03
1.362750117691602327e+03
1.362250117691602327e+03
1.362000117742075872e+03
1.361750117792549418e+03
1.361500117843022963e+03
1.361250117893496508e+03
1.361000117943970054e+03
1.360750117994443599e+03
1.360500118044917144e+03
1.360250118095390690e+03
1.360000118145864235e+03
1.359750118196337780e+03
1.359500118246811326e+03
1.359250118297284871e+03
1.359000118347758416e+03
1.358750118398231962e+03
1.358500118448705507e+03
1.358750118511797382e+03
1.359000118574889257e+03
1.359250118637981132e+03
1.359500118701073006e+03
1.359750118764164881e+03
1.360000118827256756e+03
1.360250118890348631e+03
1.360500118953440506e+03
1.360750119016532381e+03
1.361000119079624255e+03
1.361250119142716130e+03
1.361500119205808005e+03
1.361750119268899880e+03
1.362000119331991755e+03
1.362250119395083630e+03
1.362500119458175504e+03
1.362250119508649050e+03
1.362500119571740925e+03
1.362750119634832799e+03
1.363000119697924674e+03
1.363250119761016549e+03
1.363500119824108424e+03
1.363750119887200299e+03
1.364000119950292174e+03
1.364250120013384048e+03
1.364500120076475923e+03
1.364750120139567798e+03
1.365000120202659673e+03
1.365250120265751548e+03
1.365500120328843423e+03
1.365750120391935297e+03
1.366000120455027172e+03
1.366500120455027172e+03
1.366750120518119047e+03
1.367000120581210922e+03
1.367250120644302797e+03
1.367500120707394672e+03
1.367750120770486546e+03
1.368000120833578421e+03
1.368250120896670296e+03
1.368500120959762171e+03
1.368750121022854046e+03
1.369000121085945921e+03
1.369250121149037795e+03
1.369500121212129670e+03
1.369750121275221545e+03
1.370000121338313420e+03
1.370250121401405295e+03
1.370750121401405295e+03
1.371000121464497170e+03
1.371250121527589044e+03
1.371500121590680919e+03
1.371750121653772794e+03
1.372000121716864669e+03
1.372250121779956544e+03
1.372500121843048419e+03
1.372750121906140294e+03
1.373000121969232168e+03
1.373250122032324043e+03
1.373500122095415918e+03
1.373750122158507793e+03
1.374000122221599668e+03
1.374250122284691543e+03
1.374500122347783417e+03
1.375000122347783417e+03
1.375500122347783417e+03
1.376000122347783417e+03
1.376500122347783417e+03
1.377000122347783417e+03
1.377500122347783417e+03
1.378000122347783417e+03
1.378500122347783417e+03
1.379000122347783417e+03
1.379500122347783417e+03
1.380000122347783417e+03
1.380500122347783417e+03
1.381000122347783417e+03
1.381500122347783417e+03
1.382000122347783417e+03
1.382500122347783417e+03
1.382750122410875292e+03
1.383250122410875292e+03
1.383750122410875292e+03
1.384250122410875292e+03
1.384750122410875292e+03
1.385250122410875292e+03
1.385750122410875292e+03
1.386250122410875292e+03
1.386750122410875292e+03
1.387250122410875292e+03
1.387750122410875292e+03
1.388250122410875292e+03
1.388750122410875292e+03
1.389250122410875292e+03
1.389750122410875292e+03
1.390250122410875292e+03
1.390500122322546531e+03
1.391000122322546531e+03
1.391500122322546531e+03
1.392000122322546531e+03
1.392500122322546531e+03
1.393000122322546531e+03
1.393500122322546531e+03
1.394000122322546531e+03
1.394500122322546531e+03
1.395000122322546531e+03
1.395500122322546531e+03
1.396000122322546531e+03
1.396500122322546531e+03
1.397000122322546531e+03
1.397500122322546531e+03
1.398000122322546531e+03
1.398250122234217770e+03
1.398750122234217770e+03
1.399250122234217770e+03
1.399750122234217770e+03
1.400250122234217770e+03
1.400750122234217770e+03
1.401250122234217770e+03
1.401750122234217770e+03
1.402250122234217770e+03
1.402750122234217770e+03
1.403250122234217770e+03
1.403750122234217770e+03
1.404250122234217770e+03
1.404750122234217770e+03
1.405250122234217770e+03
1.405750122234217770e+03
1.406000122145889009e+03
1.406250122057560247e+03
1.406500121969231486e+03
1.406750121880902725e+03
1.407000121792573964e+03
1.407250121704245203e+03
1.407500121615916441e+03
1.407750121527587680e+03
1.408000121439258919e+03
1.408250121350930158e+03
1.408500121262601397e+03
1.408750121174272635e+03
1.409000121085943874e+03
1.409250120997615113e+03
1.409500120909286352e+03
1.409750120820957591e+03
1.410250120820957591e+03
1.410500120732628830e+03
1.410750120644300068e+03
1.411000120555971307e+03
1.411250120467642546e+03
1.411500120379313785e+03
1.411750120290985024e+03
1.412000120202656262e+03
1.412250120114327501e+03
1.412500120025998740e+03
1.412750119937669979e+03
1.413000119849341218e+03
1.413250119761012456e+03
1.413500119672683695e+03
1.413750119584354934e+03
1.414000119496026173e+03
1.414250119407697412e+03
1.414500119319368650e+03
1.414750119231039889e+03
1.415000119142711128e+03
1.415250119054382367e+03
1.415500118966053606e+03
1.415750118877724844e+03
1.416000118789396083e+03
1.416250118701067322e+03
1.416500118612738561e+03
1.416750118524409800e+03
1.417000118436081038e+03
1.417250118347752277e+03
1.417500118259423516e+03
1.417750118171094755e+03
1.418000118082765994e+03
1.417750117981818903e+03
1.418000117893490142e+03
1.418250117805161381e+03
1.418500117716832619e+03
1.418750117628503858e+03
1.419000117540175097e+03
1.419250117451846336e+03
1.419500117363517575e+03
1.419750117275188813e+03
1.420000117186860052e+03
1.420250117098531291e+03
1.420500117010202530e+03
1.420750116921873769e+03
1.421000116833545007e+03
1.421250116745216246e+03
1.421500116656887485e+03
1.421250116555940394e+03
1.421000116454993304e+03
1.420750116354046213e+03
1.420500116253099122e+03
1.420250116152152032e+03
1.420000116051204941e+03
1.419750115950257850e+03
1.419500115849310760e+03
1.419250115748363669e+03
1.419000115647416578e+03
1.418750115546469488e+03
1.418500115445522397e+03
1.418250115344575306e+03
1.418000115243628215e+03
1.417750115142681125e+03
1.417500115041734034e+03
1.417750114953405273e+03
1.417500114852458182e+03
1.417250114751511092e+03
1.417000114650564001e+03
1.416750114549616910e+03
1.416500114448669819e+03
1.416250114347722729e+03
1.416000114246775638e+03
1.415750114145828547e+03
1.415500114044881457e+03
1.415250113943934366e+03
1.415000113842987275e+03
1.414750113742040185e+03
1.414500113641093094e+03
1.414250113540146003e+03
1.414000113439198913e+03
1.414250113350870151e+03
1.414000113249923061e+03
1.413750113148975970e+03
1.413500113048028879e+03
1.413250112947081789e+03
1.413000112846134698e+03
1.412750112745187607e+03
1.412500112644240517e+03
1.412250112543293426e+03
1.412000112442346335e+03
1.411750112341399245e+03
1.411500112240452154e+03
1.411250112139505063e+03
1.411000112038557972e+03
1.410750111937610882e+03
1.410500111836663791e+03
1.410000111836663791e+03
1.409750111735716700e+03
1.409500111634769610e+03
1.409250111533822519e+03
1.409000111432875428e+03
1.408750111331928338e+03
1.408500111230981247e+03
1.408250111130034156e+03
1.408000111029087066e+03
1.407750110928139975e+03
1.407500110827192884e+03
1.407250110726245794e+03
1.407000110625298703e+03
1.406750110524351612e+03
1.406500110423404521e+03
1.406250110322457431e+03
1.405750110322457431e+03
1.405250110322457431e+03
1.404750110322457431e+03
1.404250110322457431e+03
1.403750110322457431e+03
1.403250110322457431e+03
1.402750110322457431e+03
1.402250110322457431e+03
1.401750110322457431e+03
1.401250110322457431e+03
1.400750110322457431e+03
1.400250110322457431e+03
1.399750110322457431e+03
1.399250110322457431e+03
1.398750110322457431e+03
1.398250110322457431e+03
1.398000110221510340e+03
1.397500110221510340e+03
1.397000110221510340e+03
1.396500110221510340e+03
1.396000110221510340e+03
1.395500110221510340e+03
1.395000110221510340e+03
1.394500110221510340e+03
1.394000110221510340e+03
1.393500110221510340e+03
1.393000110221510340e+03
1.392500110221510340e+03
1.392000110221510340e+03
1.391500110221510340e+03
1.391000110221510340e+03
1.390500110221510340e+03
1.390250110120563249e+03
1.389750110120563249e+03
1.389250110120563249e+03
1.388750110120563249e+03
1.388250110120563249e+03
1.387750110120563249e+03
1.387250110120563249e+03
1.386750110120563249e+03
1.386250110120563249e+03
1.385750110120563249e+03
1.385250110120563249e+03
1.384750110120563249e+03
1.384250110120563249e+03
1.383750110120563249e+03
1.383250110120563249e+03
1.382750110120563249e+03
1.382250110120563249e+03
1.381750110120563249e+03
1.381250110120563249e+03
1.380750110120563249e+03
1.380250110120563249e+03
1.379750110120563249e+03
1.379250110120563249e+03
1.378750110120563249e+03
1.378250110120563249e+03
1.377750110120563249e+03
1.377250110120563249e+03
1.376750110120563249e+03
1.376250110120563249e+03
1.375750110120563249e+03
1.375250110120563249e+03
1.374750110120563249e+03
1.374500110246747226e+03
1.374250110372931204e+03
1.374000110499115181e+03
1.373750110625299158e+03
1.373500110751483135e+03
1.373250110877667112e+03
1.373000111003851089e+03
1.372750111130035066e+03
1.372500111256219043e+03
1.372250111382403020e+03
1.372000111508586997e+03
1.371750111634770974e+03
1.371500111760954951e+03
1.371250111887138928e+03
1.371000112013322905e+03
1.370750112139506882e+03
1.370250112139506882e+03
1.370000112265690859e+03
1.369750112391874836e+03
1.369500112518058813e+03
1.369250112644242790e+03
1.369000112770426767e+03
1.368750112896610744e+03
1.368500113022794721e+03
1.368250113148978699e+03
1.368000113275162676e+03
1.367750113401346653e+03
1.367500113527530630e+03
1.367250113653714607e+03
1.367000113779898584e+03
1.366750113906082561e+03
1.366500114032266538e+03
1.366000114032266538e+03
1.365750114158450515e+03
1.365500114284634492e+03
1.365250114410818469e+03
1.365000114537002446e+03
1.364750114663186423e+03
1.364500114789370400e+03
1.364250114915554377e+03
1.364000115041738354e+03
1.363750115167922331e+03
1.363500115294106308e+03
1.363250115420290285e+03
1.363000115546474262e+03
1.362750115672658239e+03
1.362500115798842216e+03
1.362250115925026194e+03
1.361750115925026194e+03
1.361500116051210171e+03
1.361250116177394148e+03
1.361000116303578125e+03
1.360750116429762102e+03
1.360500116555946079e+03
1.360250116682130056e+03
1.360000116808314033e+03
1.359750116934498010e+03
1.359500117060681987e+03
1.359250117186865964e+03
1.359000117313049941e+03
1.358750117439233918e+03
1.358500117565417895e+03
1.358250117691601872e+03
1.358000117817785849e+03
1.358250117956588156e+03
1.358500118095390462e+03
1.358750118234192769e+03
1.359000118372995075e+03
1.359250118511797382e+03
1.359500118650599688e+03
1.359750118789401995e+03
1.360000118928204301e+03
1.360250119067006608e+03
1.360500119205808915e+03
1.360750119344611221e+03
1.361000119483413528e+03
1.361250119622215834e+03
1.361500119761018141e+03
1.361750119899820447e+03
1.362000120038622754e+03
1.361750120164806731e+03
1.362000120303609037e+03
1.362250120442411344e+03
1.362500120581213650e+03
1.362750120720015957e+03
1.363000120858818264e+03
1.363250120997620570e+03
1.363500121136422877e+03
1.363750121275225183e+03
1.364000121414027490e+03
1.364250121552829796e+03
1.364500121691632103e+03
1.364750121830434409e+03
1.365000121969236716e+03
1.365250122108039022e+03
1.365500122246841329e+03
1.366000122246841329e+03
1.366250122385643635e+03
1.366500122524445942e+03
1.366750122663248249e+03
1.367000122802050555e+03
1.367250122940852862e+03
1.367500123079655168e+03
1.367750123218457475e+03
1.368000123357259781e+03
1.368250123496062088e+03
1.368500123634864394e+03
1.368750123773666701e+03
1.369000123912469007e+03
1.369250124051271314e+03
1.369500124190073620e+03
1.369750124328875927e+03
1.370250124328875927e+03
1.370500124467678233e+03
1.370750124606480540e+03
1.371000124745282847e+03
1.371250124884085153e+03
1.371500125022887460e+03
1.371750125161689766e+03
1.372000125300492073e+03
1.372250125439294379e+03
1.372500125578096686e+03
1.372750125716898992e+03
1.373000125855701299e+03
1.373250125994503605e+03
1.373500126133305912e+03
1.373750126272108218e+03
1.374000126410910525e+03
1.374500126410910525e+03
1.375000126410910525e+03
1.375500126410910525e+03
1.376000126410910525e+03
1.376500126410910525e+03
1.377000126410910525e+03
1.377500126410910525e+03
1.378000126410910525e+03
1.378500126410910525e+03
1.379000126410910525e+03
1.379500126410910525e+03
1.380000126410910525e+03
1.380500126410910525e+03
1.381000126410910525e+03
1.381500126410910525e+03
1.382000126410910525e+03
1.382250126549712832e+03
1.382750126549712832e+03
1.383250126549712832e+03
1.383750126549712832e+03
1.384250126549712832e+03
1.384750126549712832e+03
1.385250126549712832e+03
1.385750126549712832e+03
1.386250126549712832e+03
1.386750126549712832e+03
1.387250126549712832e+03
1.387750126549712832e+03
1.388250126549712832e+03
1.388750126549712832e+03
1.389250126549712832e+03
1.389750126549712832e+03
1.390000126385673639e+03
1.390500126385673639e+03
1.391000126385673639e+03
1.391500126385673639e+03
1.392000126385673639e+03
1.392500126385673639e+03
1.393000126385673639e+03
1.393500126385673639e+03
1.394000126385673639e+03
1.394500126385673639e+03
1.395000126385673639e+03
1.395500126385673639e+03
1.396000126385673639e+03
1.396500126385673639e+03
1.397000126385673639e+03
1.397500126385673639e+03
1.397750126221634446e+03
1.398250126221634446e+03
1.398750126221634446e+03
1.399250126221634446e+03
1.399750126221634446e+03
1.400250126221634446e+03
1.400750126221634446e+03
1.401250126221634446e+03
1.401750126221634446e+03
1.402250126221634446e+03
1.402750126221634446e+03
1.403250126221634446e+03
1.403750126221634446e+03
1.404250126221634446e+03
1.404750126221634446e+03
1.405250126221634446e+03
1.405500126057595253e+03
1.405750125893556060e+03
1.406000125729516867e+03
1.406250125565477674e+03
1.406500125401438481e+03
1.406750125237399288e+03
1.407000125073360095e+03
1.407250124909320903e+03
1.407500124745281710e+03
1.407750124581242517e+03
1.408000124417203324e+03
1.408250124253164131e+03
1.408500124089124938e+03
1.408750123925085745e+03
1.409000123761046552e+03
1.409250123597007359e+03
1.409750123597007359e+03
1.410000123432968167e+03
1.410250123268928974e+03
1.410500123104889781e+03
1.410750122940850588e+03
1.411000122776811395e+03
1.411250122612772202e+03
1.411500122448733009e+03
1.411750122284693816e+03
1.412000122120654623e+03
1.412250121956615430e+03
1.412500121792576238e+03
1.412750121628537045e+03
1.413000121464497852e+03
1.413250121300458659e+03
1.413500121136419466e+03
1.413250120959761944e+03
1.413500120795722751e+03
1.413750120631683558e+03
1.414000120467644365e+03
1.414250120303605172e+03
1.414500120139565979e+03
1.414750119975526786e+03
1.415000119811487593e+03
1.415250119647448400e+03
1.415500119483409208e+03
1.415750119319370015e+03
1.416000119155330822e+03
1.416250118991291629e+03
1.416500118827252436e+03
1.416750118663213243e+03
1.417000118499174050e+03
1.416750118322516528e+03
1.417000118158477335e+03
1.417250117994438142e+03
1.417500117830398949e+03
1.417750117666359756e+03
1.418000117502320563e+03
1.418250117338281370e+03
1.418500117174242177e+03
1.418750117010202985e+03
1.419000116846163792e+03
1.419250116682124599e+03
1.419500116518085406e+03
1.419750116354046213e+03
1.420000116190007020e+03
1.420250116025967827e+03
1.420500115861928634e+03
1.420250115685271112e+03
1.420000115508613590e+03
1.419750115331956067e+03
1.419500115155298545e+03
1.419250114978641022e+03
1.419000114801983500e+03
1.418750114625325978e+03
1.418500114448668455e+03
1.418250114272010933e+03
1.418000114095353410e+03
1.417750113918695888e+03
1.417500113742038366e+03
1.417250113565380843e+03
1.417000113388723321e+03
1.416750113212065799e+03
1.416500113035408276e+03
1.416750112871369083e+03
1.416500112694711561e+03
1.416250112518054038e+03
1.416000112341396516e+03
1.415750112164738994e+03
1.415500111988081471e+03
1.415250111811423949e+03
1.415000111634766427e+03
1.414750111458108904e+03
1.414500111281451382e+03
1.414250111104793859e+03
1.414000110928136337e+03
1.413750110751478815e+03
1.413500110574821292e+03
1.413250110398163770e+03
1.413000110221506247e+03
1.412750110044848725e+03
1.412500109868191203e+03
1.412250109691533680e+03
1.412000109514876158e+03
1.411750109338218635e+03
1.411500109161561113e+03
1.411250108984903591e+03
1.411000108808246068e+03
1.410750108631588546e+03
1.410500108454931024e+03
1.410250108278273501e+03
1.410000108101615979e+03
1.409750107924958456e+03
1.409500107748300934e+03
1.409250107571643412e+03
1.409000107394985889e+03
1.408750107218328367e+03
1.408500107041670844e+03
1.408250106865013322e+03
1.408000106688355800e+03
1.407750106511698277e+03
1.407500106335040755e+03
1.407250106158383232e+03
1.407000105981725710e+03
1.406750105805068188e+03
1.406500105628410665e+03
1.406250105451753143e+03
1.406000105275095621e+03
1.405750105098438098e+03
1.405500104921780576e+03
1.405250104745123053e+03
1.405000104568465531e+03
1.404750104391808009e+03
1.404500104215150486e+03
1.404250104038492964e+03
1.404000103861835441e+03
1.403750103685177919e+03
1.403500103508520397e+03
1.403250103331862874e+03
1.403000103155205352e+03
1.402750102978547829e+03
1.402500102801890307e+03
1.402250102625232785e+03
1.402000102448575262e+03
1.401750102271917740e+03
1.401500102095260218e+03
1.401250101918602695e+03
1.401000101741945173e+03
1.401250101577905980e+03
1.401000101401248457e+03
1.400750101224590935e+03
1.400500101047933413e+03
1.400250100871275890e+03
1.400000100694618368e+03
1.399750100517960846e+03
1.399500100341303323e+03
1.399250100164645801e+03
1.399000099987988278e+03
1.398750099811330756e+03
1.398500099634673234e+03
1.398250099458015711e+03
1.398000099281358189e+03
1.397750099104700666e+03
1.397500098928043144e+03
1.397000098928043144e+03
1.396750098751385622e+03
1.396500098574728099e+03
1.396250098398070577e+03
1.396000098221413054e+03
1.395750098044755532e+03
1.395500097868098010e+03
1.395250097691440487e+03
1.395000097514782965e+03
1.394750097338125443e+03
1.394500097161467920e+03
1.394250096984810398e+03
1.394000096808152875e+03
1.393750096631495353e+03
1.393500096454837831e+03
1.393250096278180308e+03
1.393000096101522786e+03
1.392750095924865263e+03
1.392500095748207741e+03
1.392250095571550219e+03
1.392000095394892696e+03
1.391750095218235174e+03
1.391500095041577652e+03
1.391250094864920129e+03
1.391000094688262607e+03
1.390750094511605084e+03
1.390500094334947562e+03
1.390250094158290040e+03
1.390000093981632517e+03
1.389750093804974995e+03
1.389500093628317472e+03
1.389250093451659950e+03
1.389000093275002428e+03
1.388750093098344905e+03
1.388500092921687383e+03
1.388250092745029860e+03
1.388000092568372338e+03
1.387750092391714816e+03
1.387500092215057293e+03
1.387250092038399771e+03
1.387000091861742249e+03
1.386750091685084726e+03
1.386500091508427204e+03
1.386250091331769681e+03
1.386000091155112159e+03
1.385750090978454637e+03
1.385500090801797114e+03
1.385250090625139592e+03
1.385500090461100399e+03
1.385250090284442877e+03
1.385000090107785354e+03
1.384750089931127832e+03
1.384500089754470309e+03
1.384250089577812787e+03
1.384000089401155265e+03
1.383750089224497742e+03
1.383500089047840220e+03
1.383250088871182697e+03
1.383000088694525175e+03
1.382750088517867653e+03
1.382500088341210130e+03
1.382250088164552608e+03
1.382000087987895085e+03
1.381750087811237563e+03
1.381250087811237563e+03
1.381000087634580041e+03
1.380750087457922518e+03
1.380500087281264996e+03
1.380250087104607474e+03
1.380000086927949951e+03
1.379750086751292429e+03
1.379500086574634906e+03
1.379250086397977384e+03
1.379000086221319862e+03
1.378750086044662339e+03
1.378500085868004817e+03
1.378250085691347294e+03
1.378000085514689772e+03
1.377750085338032250e+03
1.377500085161374727e+03
1.377250084984717205e+03
1.377000084808059682e+03
1.376750084631402160e+03
1.376500084454744638e+03
1.376250084278087115e+03
1.376000084101429593e+03
1.375750083924772071e+03
1.375500083748114548e+03
1.375250083571457026e+03
1.375000083394799503e+03
1.374750083218141981e+03
1.374500083041484459e+03
1.374250082864826936e+03
1.374000082688169414e+03
1.373750082511511891e+03
1.373500082334854369e+03
1.373250082158196847e+03
1.373000081981539324e+03
1.372750081804881802e+03
1.372500081628224279e+03
1.372250081451566757e+03
1.372000081274909235e+03
1.371750081098251712e+03
1.371500080921594190e+03
1.371250080744936668e+03
1.371000080568279145e+03
1.370750080391621623e+03
1.370500080214964100e+03
1.370250080038306578e+03
1.370000079861649056e+03
1.369750079684991533e+03
1.369500079508334011e+03
1.369750079344294818e+03
1.369500079167637296e+03
1.369250078990979773e+03
1.369000078814322251e+03
1.368750078637664728e+03
1.368500078461007206e+03
1.368250078284349684e+03
1.368000078107692161e+03
1.367750077931034639e+03
1.367500077754377116e+03
1.367250077577719594e+03
1.367000077401062072e+03
1.366750077224404549e+03
1.366500077047747027e+03
1.366250076871089504e+03
1.366000076694431982e+03
1.365500076694431982e+03
1.365250076517774460e+03
1.365000076341116937e+03
1.364750076164459415e+03
1.364500075987801893e+03
1.364250075811144370e+03
1.364000075634486848e+03
1.363750075457829325e+03
1.363500075281171803e+03
1.363250075104514281e+03
1.363000074927856758e+03
1.362750074751199236e+03
1.362500074574541713e+03
1.362250074397884191e+03
1.362000074221226669e+03
1.361750074044569146e+03
1.361500073867911624e+03
1.361250073691254102e+03
1.361000073514596579e+03
1.360750073337939057e+03
1.360500073161281534e+03
1.360250072984624012e+03
1.360000072807966490e+03
1.359750072631308967e+03
1.359500072454651445e+03
1.359250072277993922e+03
1.359000072101336400e+03
1.358750071924678878e+03
1.358500071748021355e+03
1.358250071571363833e+03
1.358000071394706310e+03
1.357750071218048788e+03
1.357500071041391266e+03
1.357250070864733743e+03
1.357000070688076221e+03
1.356750070511418699e+03
1.356500070334761176e+03
1.356250070158103654e+03
1.356000069981446131e+03
1.355750069804788609e+03
1.355500069628131087e+03
1.355250069451473564e+03
1.355000069274816042e+03
1.354750069098158519e+03
1.354500068921500997e+03
1.354250068744843475e+03
1.354000068568185952e+03
1.353750068391528430e+03
1.354000068227489237e+03
1.353750068050831715e+03
1.353500067874174192e+03
1.353250067697516670e+03
1.353000067520859147e+03
1.352750067344201625e+03
1.352500067167544103e+03
1.352250066990886580e+03
1.352000066814229058e+03
1.351750066637571535e+03
1.351500066460914013e+03
1.351250066284256491e+03
1.351000066107598968e+03
1.350750065930941446e+03
1.350500065754283924e+03
1.350250065577626401e+03
1.349750065577626401e+03
1.349500065400968879e+03
1.349250065224311356e+03
1.349000065047653834e+03
1.348750064870996312e+03
1.348500064694338789e+03
1.348250064517681267e+03
1.348000064341023744e+03
1.347750064164366222e+03
1.347500063987708700e+03
1.347250063811051177e+03
1.347000063634393655e+03
1.346750063457736132e+03
1.346500063281078610e+03
1.346250063104421088e+03
1.346000062927763565e+03
1.345500062927763565e+03
1.345250062751106043e+03
1.345000062574448521e+03
1.344750062397790998e+03
1.344500062221133476e+03
1.344250062044475953e+03
1.344000061867818431e+03
1.343750061691160909e+03
1.343500061514503386e+03
1.343250061337845864e+03
1.343000061161188341e+03
1.342750060984530819e+03
1.342500060807873297e+03
1.342250060631215774e+03
1.342000060454558252e+03
1.341750060277900729e+03
1.341500060101243207e+03
1.341250059924585685e+03
1.341000059747928162e+03
1.340750059571270640e+03
1.340500059394613118e+03
1.340250059217955595e+03
1.340000059041298073e+03
1.339750058864640550e+03
1.339500058687983028e+03
1.339250058511325506e+03
1.339000058334667983e+03
1.338750058158010461e+03
1.338500057981352938e+03
1.338250057804695416e+03
1.338000057628037894e+03
1.337750057451380371e+03
1.338000057287341178e+03
1.337750057110683656e+03
1.337500056934026134e+03
1.337250056757368611e+03
1.337000056580711089e+03
1.336750056404053566e+03
1.336500056227396044e+03
1.336250056050738522e+03
1.336000055874080999e+03
1.335750055697423477e+03
1.335500055520765954e+03
1.335250055344108432e+03
1.335000055167450910e+03
1.334750054990793387e+03
1.334500054814135865e+03
1.334250054637478343e+03
1.333750054637478343e+03
1.333500054460820820e+03
1.333250054284163298e+03
1.333000054107505775e+03
1.332750053930848253e+03
1.332500053754190731e+03
1.332250053577533208e+03
1.332000053400875686e+03
1.331750053224218163e+03
1.331500053047560641e+03
1.331250052870903119e+03
1.331000052694245596e+03
1.330750052517588074e+03
1.330500052340930552e+03
1.330250052164273029e+03
1.330000051987615507e+03
1.329500051987615507e+03
1.329250051810957984e+03
1.329000051634300462e+03
1.328750051457642940e+03
1.328500051280985417e+03
1.328250051104327895e+03
1.328000050927670372e+03
1.327750050751012850e+03
1.327500050574355328e+03
1.327250050397697805e+03
1.327000050221040283e+03
1.326750050044382760e+03
1.326500049867725238e+03
1.326250049691067716e+03
1.326000049514410193e+03
1.325750049337752671e+03
1.326000049173713478e+03
1.326250049009674285e+03
1.326500048845635092e+03
1.326750048681595899e+03
1.327000048517556706e+03
1.327250048353517514e+03
1.327500048189478321e+03
1.327750048025439128e+03
1.328000047861399935e+03
1.328250047697360742e+03
1.328500047533321549e+03
1.328750047369282356e+03
1.329000047205243163e+03
1.329250047041203970e+03
1.329500046877164777e+03
1.329750046713125585e+03
1.330250046713125585e+03
1.330500046549086392e+03
1.330750046385047199e+03
1.331000046221008006e+03
1.331250046056968813e+03
1.331500045892929620e+03
1.331750045728890427e+03
1.332000045564851234e+03
1.332250045400812041e+03
1.332500045236772849e+03
1.332750045072733656e+03
1.333000044908694463e+03
1.333250044744655270e+03
1.333500044580616077e+03
1.333750044416576884e+03
1.334000044252537691e+03
1.333750044075880169e+03
1.334000043911840976e+03
1.334250043747801783e+03
1.334500043583762590e+03
1.334750043419723397e+03
1.335000043255684204e+03
1.335250043091645011e+03
1.335500042927605818e+03
1.335750042763566626e+03
1.336000042599527433e+03
1.336250042435488240e+03
1.336500042271449047e+03
1.336750042107409854e+03
1.337000041943370661e+03
1.337250041779331468e+03
1.337500041615292275e+03
1.338000041615292275e+03
1.338250041451253082e+03
1.338500041287213890e+03
1.338750041123174697e+03
1.339000040959135504e+03
1.339250040795096311e+03
1.339500040631057118e+03
1.339750040467017925e+03
1.340000040302978732e+03
1.340250040138939539e+03
1.340500039974900346e+03
1.340750039810861153e+03
1.341000039646821961e+03
1.341250039482782768e+03
1.341500039318743575e+03
1.341750039154704382e+03
1.342000038990665189e+03
1.342250038826625996e+03
1.342500038662586803e+03
1.342750038498547610e+03
1.343000038334508417e+03
1.343250038170469224e+03
1.343500038006430032e+03
1.343750037842390839e+03
1.344000037678351646e+03
1.344250037514312453e+03
1.344500037350273260e+03
1.344750037186234067e+03
1.345000037022194874e+03
1.345250036858155681e+03
1.345500036694116488e+03
