8.000000000000000444e-01
1.600000000000000089e+00
2.400000000000000355e+00
3.200000000000000178e+00
4.000000000000000000e+00
4.799999999999999822e+00
5.599999999999999645e+00
6.399999999999999467e+00
7.199999999999999289e+00
7.999999999999999112e+00
8.799999999999998934e+00
9.599999999999999645e+00
1.040000000000000036e+01
1.120000000000000107e+01
1.200000000000000178e+01
1.280000000000000249e+01
1.360000000000000320e+01
1.440000000000000391e+01
1.520000000000000462e+01
1.600000000000000355e+01
1.680000000000000426e+01
1.760000000000000497e+01
1.840000000000000568e+01
1.920000000000000639e+01
2.000000000000000711e+01
2.080000000000000782e+01
2.160000000000000853e+01
2.240000000000000924e+01
2.320000000000000995e+01
2.400000000000001066e+01
2.480000000000001137e+01
2.560000000000001208e+01
2.640000000000001279e+01
2.720000000000001350e+01
2.800000000000001421e+01
2.880000000000001492e+01
2.960000000000001563e+01
3.040000000000001634e+01
3.120000000000001705e+01
3.200000000000001421e+01
3.280000000000001137e+01
3.360000000000000853e+01
3.440000000000000568e+01
3.520000000000000284e+01
3.600000000000000000e+01
3.679999999999999716e+01
3.759999999999999432e+01
3.839999999999999147e+01
3.919999999999998863e+01
3.999999999999998579e+01
4.079999999999998295e+01
4.159999999999998010e+01
4.239999999999997726e+01
4.319999999999997442e+01
4.399999999999997158e+01
4.477288078215094913e+01
4.554560058220673113e+01
4.631834038573769163e+01
4.709108368202367956e+01
4.786382501734275507e+01
4.863656556986376955e+01
4.940930622497565139e+01
5.018204689809035557e+01
5.095478755761316592e+01
5.172752821713597626e+01
5.250026887665878661e+01
5.327300953618159696e+01
5.404575019570440730e+01
5.481849085522721765e+01
5.559123151475002800e+01
5.636397217427283834e+01
5.713671283379564869e+01
5.790945349331845904e+01
5.868219415284126939e+01
5.945493481236407973e+01
6.022767547188689008e+01
6.100041613140970043e+01
6.177315679093251077e+01
6.254589745045532112e+01
6.331863810997813147e+01
6.409137876950093471e+01
6.486411942902374506e+01
6.563686008854655540e+01
6.640960074806936575e+01
6.718234140759217610e+01
6.795508206711498644e+01
6.872782272663779679e+01
6.950056338616060714e+01
7.027330404568341748e+01
7.104604470520622783e+01
7.181878536472903818e+01
7.259152602425184853e+01
7.336426668377465887e+01
7.413700734329746922e+01
7.490974800282027957e+01
7.568248866234308991e+01
7.645522932186590026e+01
7.722796998138871061e+01
7.800071064091152095e+01
7.877345130043433130e+01
7.954619195995714165e+01
8.031893261947995200e+01
8.109167327900276234e+01
8.186441393852557269e+01
8.263715459804838304e+01
8.340989525757119338e+01
8.418263591709400373e+01
8.495537657661681408e+01
8.572811723613962442e+01
8.650085789566243477e+01
8.727359855518524512e+01
8.804633921470805547e+01
8.881907987423086581e+01
8.959182053375367616e+01
9.036456119327648651e+01
9.111992440637253310e+01
9.187496632179188794e+01
9.263009025039607991e+01
9.338519228606314471e+01
9.414030018697052071e+01
9.489540651637041435e+01
9.565051326679808597e+01
9.640561990464179587e+01
9.716072656613235381e+01
9.791583322762291175e+01
9.867093988911346969e+01
9.942604655060402763e+01
1.001811532120945856e+02
1.009362598735851435e+02
1.016913665350757014e+02
1.024464731965662594e+02
1.032015798580568173e+02
1.039566865195473753e+02
1.047117931810379332e+02
1.054668998425284911e+02
1.062220065040190491e+02
1.069771131655096070e+02
1.077322198270001650e+02
1.084873264884907229e+02
1.092424331499812808e+02
1.099975398114718388e+02
1.107526464729623967e+02
1.115077531344529547e+02
1.122628597959435126e+02
1.130179664574340705e+02
1.137730731189246285e+02
1.145281797804151864e+02
1.152832864419057444e+02
1.160383931033963023e+02
1.167934997648868602e+02
1.175486064263774182e+02
1.183037130878679761e+02
1.190588197493585341e+02
1.198139264108490920e+02
1.205690330723396499e+02
1.213241397338302079e+02
1.220792463953207658e+02
1.228343530568113238e+02
1.235894597183018817e+02
1.243445663797924396e+02
1.250996730412829976e+02
1.258547797027735555e+02
1.266098863642641135e+02
1.273649930257546714e+02
1.281200996872452151e+02
1.288752063487357589e+02
1.296303130102263026e+02
1.303854196717168463e+02
1.311405263332073901e+02
1.318956329946979338e+02
1.326507396561884775e+02
1.334058463176790212e+02
1.341609529791695650e+02
1.349160596406601087e+02
1.356711663021506524e+02
1.364262729636411962e+02
1.371813796251317399e+02
1.379364862866222836e+02
1.386915929481128273e+02
1.394466996096033711e+02
1.401092050665189674e+02
1.407698135513085731e+02
1.414309065568528467e+02
1.420918702427541405e+02
1.427528685755674758e+02
1.434138576253393751e+02
1.440748491621691301e+02
1.447358400339534796e+02
1.453968310454223172e+02
1.460578220568911547e+02
1.467188130683599923e+02
1.473798040798288298e+02
1.480407950912976673e+02
1.487017861027665049e+02
1.493627771142353424e+02
1.500237681257041800e+02
1.506847591371730175e+02
1.513457501486418550e+02
1.520067411601106926e+02
1.526677321715795301e+02
1.533287231830483677e+02
1.539897141945172052e+02
1.546507052059860428e+02
1.553116962174548803e+02
1.559726872289237178e+02
1.566336782403925554e+02
1.572946692518613929e+02
1.579556602633302305e+02
1.586166512747990680e+02
1.592776422862679055e+02
1.599386332977367431e+02
1.605996243092055806e+02
1.612606153206744182e+02
1.619216063321432557e+02
1.625825973436120933e+02
1.632435883550809308e+02
1.639045793665497683e+02
1.645655703780186059e+02
1.652265613894874434e+02
1.658875524009562810e+02
1.665485434124251185e+02
1.672095344238939560e+02
1.678705254353627936e+02
1.685315164468316311e+02
1.691925074583004687e+02
1.698534984697693062e+02
1.705144894812381438e+02
1.711754804927069813e+02
1.718364715041758188e+02
1.724974625156446564e+02
1.731584535271134939e+02
1.738194445385823315e+02
1.744804355500511690e+02
1.751414265615200065e+02
1.758024175729888441e+02
1.764283674362827696e+02
1.770537104103787556e+02
1.776792081839372202e+02
1.783046646271530165e+02
1.789301321424600815e+02
1.795555966911195753e+02
1.801810620345806626e+02
1.808065271655094648e+02
1.814319923410780007e+02
1.820574575166465365e+02
1.826829226922150724e+02
1.833083878677836083e+02
1.839338530433521441e+02
1.845593182189206800e+02
1.851847833944892159e+02
1.858102485700577517e+02
1.864357137456262876e+02
1.870611789211948235e+02
1.876866440967633594e+02
1.883121092723318952e+02
1.889375744479004311e+02
1.895630396234689670e+02
1.901885047990375028e+02
1.908139699746060387e+02
1.914394351501745746e+02
1.920649003257431104e+02
1.926903655013116463e+02
1.933158306768801822e+02
1.939412958524487181e+02
1.945667610280172539e+02
1.951922262035857898e+02
1.958176913791543257e+02
1.964431565547228615e+02
1.970686217302913974e+02
1.976940869058599333e+02
1.983195520814284691e+02
1.989450172569970050e+02
1.995704824325655409e+02
2.001959476081340767e+02
2.008214127837026126e+02
2.014468779592711485e+02
2.020723431348396844e+02
2.026978083104082202e+02
2.033232734859767561e+02
2.039487386615452920e+02
2.045742038371138278e+02
2.051996690126823637e+02
2.058251341882508996e+02
2.064505993638194354e+02
2.070760645393879713e+02
2.077015297149565072e+02
2.083269948905250430e+02
2.089524600660935789e+02
2.095779252416621148e+02
2.102033904172306507e+02
2.108288555927991865e+02
2.114543207683677224e+02
2.120797859439362583e+02
2.127052511195047941e+02
2.133307162950733300e+02
2.139561814706418659e+02
2.145816466462104017e+02
2.152071118217789376e+02
2.158325769973474735e+02
2.164580421729160093e+02
2.170835073484845452e+02
2.177089725240530811e+02
2.183344376996216170e+02
2.189599028751901528e+02
2.195853680507586887e+02
2.200625899459900836e+02
2.205370998769850246e+02
2.210123016988815152e+02
2.214873188006012015e+02
2.219623853881809055e+02
2.224374387166076019e+02
2.229124955973290696e+02
2.233875515281567345e+02
2.238626076584976374e+02
2.243376637888385403e+02
2.248127199191794432e+02
2.252877760495203461e+02
2.257628321798612490e+02
2.262378883102021518e+02
2.267129444405430547e+02
2.271880005708839576e+02
2.276630567012248605e+02
2.281381128315657634e+02
2.286131689619066663e+02
2.290882250922475691e+02
2.295632812225884720e+02
2.300383373529293749e+02
2.305133934832702778e+02
2.309884496136111807e+02
2.314635057439520835e+02
2.319385618742929864e+02
2.324136180046338893e+02
2.328886741349747922e+02
2.333637302653156951e+02
2.338387863956565980e+02
2.343138425259975008e+02
2.347888986563384037e+02
2.352639547866793066e+02
2.357390109170202095e+02
2.362140670473611124e+02
2.366891231777020153e+02
2.371641793080429181e+02
2.376392354383838210e+02
2.381142915687247239e+02
2.385893476990656268e+02
2.390644038294065297e+02
2.395394599597474325e+02
2.400145160900883354e+02
2.404895722204292383e+02
2.409646283507701412e+02
2.414396844811110441e+02
2.419147406114519470e+02
2.423897967417928498e+02
2.428648528721337527e+02
2.433399090024746556e+02
2.438149651328155585e+02
2.442900212631564614e+02
2.447650773934973643e+02
2.452401335238382671e+02
2.457151896541791700e+02
2.461902457845200729e+02
2.466653019148609758e+02
2.471403580452018787e+02
2.476154141755427815e+02
2.480904703058836844e+02
2.485655264362245873e+02
2.490405825665654902e+02
2.495156386969063931e+02
2.499906948272472960e+02
2.504657509575881988e+02
2.509408070879291017e+02
2.514158632182700046e+02
2.518909193486109075e+02
2.523659754789518104e+02
2.528410316092927133e+02
2.533160877396336161e+02
2.537911438699745190e+02
2.542662000003154219e+02
2.547412561306563248e+02
2.552163122609972277e+02
2.555914981613121881e+02
2.559649674605571761e+02
2.563388745302041229e+02
2.567126647126598868e+02
2.570864862079218938e+02
2.574602993132259030e+02
2.578341146663014456e+02
2.582079294183160982e+02
2.585817442965760051e+02
2.589555591748359120e+02
2.593293740530958189e+02
2.597031889313557258e+02
2.600770038096156327e+02
2.604508186878755396e+02
2.608246335661354465e+02
2.611984484443953534e+02
2.615722633226552603e+02
2.619460782009151671e+02
2.623198930791750740e+02
2.626937079574349809e+02
2.630675228356948878e+02
2.634413377139547947e+02
2.638151525922147016e+02
2.641889674704746085e+02
2.645627823487345154e+02
2.649365972269944223e+02
2.653104121052543292e+02
2.656842269835142361e+02
2.660580418617741429e+02
2.664318567400340498e+02
2.668056716182939567e+02
2.671794864965538636e+02
2.675533013748137705e+02
2.679271162530736774e+02
2.683009311313335843e+02
2.686747460095934912e+02
2.690485608878533981e+02
2.694223757661133050e+02
2.697961906443732119e+02
2.701700055226331187e+02
2.705438204008930256e+02
2.709176352791529325e+02
2.712914501574128394e+02
2.716652650356727463e+02
2.720390799139326532e+02
2.724128947921925601e+02
2.727867096704524670e+02
2.731605245487123739e+02
2.735343394269722808e+02
2.739081543052321877e+02
2.742819691834920945e+02
2.746557840617520014e+02
2.750295989400119083e+02
2.754034138182718152e+02
2.757772286965317221e+02
2.761510435747916290e+02
2.765248584530515359e+02
2.768986733313114428e+02
2.772724882095713497e+02
2.776463030878312566e+02
2.780201179660911635e+02
2.783939328443510703e+02
2.787677477226109772e+02
2.791415626008708841e+02
2.795153774791307910e+02
2.798360038704531689e+02
2.801557378378543604e+02
2.804756993517621595e+02
2.807956001067406078e+02
2.811155171381804507e+02
2.814354298084888342e+02
2.817553436471961845e+02
2.820752571734700496e+02
2.823951707653666290e+02
2.827150843572632084e+02
2.830349979491597878e+02
2.833549115410563672e+02
2.836748251329529467e+02
2.839947387248495261e+02
2.843146523167461055e+02
2.846345659086426849e+02
2.849544795005392643e+02
2.852743930924358438e+02
2.855943066843324232e+02
2.859142202762290026e+02
2.862341338681255820e+02
2.865540474600221614e+02
2.868739610519187408e+02
2.871938746438153203e+02
2.875137882357118997e+02
2.878337018276084791e+02
2.881536154195050585e+02
2.884735290114016379e+02
2.887934426032982174e+02
2.891133561951947968e+02
2.894332697870913762e+02
2.897531833789879556e+02
2.900730969708845350e+02
2.903930105627811145e+02
2.907129241546776939e+02
2.910328377465742733e+02
2.913527513384708527e+02
2.916726649303674321e+02
2.919925785222640116e+02
2.923124921141605910e+02
2.926324057060571704e+02
2.929523192979537498e+02
2.932722328898503292e+02
2.935921464817469086e+02
2.939120600736434881e+02
2.942319736655400675e+02
2.945518872574366469e+02
2.948718008493332263e+02
2.951917144412298057e+02
2.955116280331263852e+02
2.958315416250229646e+02
2.961514552169195440e+02
2.964713688088161234e+02
2.967912824007127028e+02
2.971111959926092823e+02
2.974311095845058617e+02
2.977510231764024411e+02
2.980709367682990205e+02
2.983908503601955999e+02
2.987107639520921794e+02
2.989193174206702679e+02
2.991259950901709317e+02
2.993331510162509517e+02
2.995401792375532182e+02
2.997472416690361570e+02
2.999542949341994813e+02
3.001613506551282171e+02
3.003684057193776766e+02
3.005754609215543383e+02
3.007825161237309999e+02
3.009895713259076615e+02
3.011966265280843231e+02
3.014036817302609848e+02
3.016107369324376464e+02
3.018177921346143080e+02
3.020248473367909696e+02
3.022319025389676312e+02
3.024389577411442929e+02
3.026460129433209545e+02
3.028530681454976161e+02
3.030601233476742777e+02
3.032671785498509394e+02
3.034742337520276010e+02
3.036812889542042626e+02
3.038883441563809242e+02
3.040953993585575859e+02
3.043024545607342475e+02
3.045095097629109091e+02
3.047165649650875707e+02
3.049236201672642324e+02
3.051306753694408940e+02
3.053377305716175556e+02
3.055447857737942172e+02
3.057518409759708788e+02
3.059588961781475405e+02
3.061659513803242021e+02
3.063730065825008637e+02
3.065800617846775253e+02
3.067871169868541870e+02
3.069941721890308486e+02
3.072012273912075102e+02
3.074082825933841718e+02
3.076153377955608335e+02
3.078223929977374951e+02
3.080294481999141567e+02
3.082365034020908183e+02
3.084435586042674800e+02
3.086506138064441416e+02
3.088576690086208032e+02
3.090647242107974648e+02
3.092717794129741264e+02
3.094788346151507881e+02
3.096858898173274497e+02
3.098929450195041113e+02
3.101000002216807729e+02
3.103070554238574346e+02
3.105141106260340962e+02
3.107211658282107578e+02
3.109282210303874194e+02
3.111352762325640811e+02
3.112263893721047907e+02
3.113155725348373153e+02
3.114052476982712392e+02
3.114947914823249562e+02
3.115843704605992457e+02
3.116739400088652587e+02
3.117635120835403200e+02
3.118530834826456726e+02
3.119426550236458979e+02
3.120322265646461233e+02
3.121217981056463486e+02
3.122113696466465740e+02
3.123009411876467993e+02
3.123905127286470247e+02
3.124800842696472500e+02
3.125696558106474754e+02
3.126592273516477007e+02
3.127487988926479261e+02
3.128383704336481514e+02
3.129279419746483768e+02
3.130175135156486022e+02
3.131070850566488275e+02
3.131966565976490529e+02
3.132862281386492782e+02
3.133757996796495036e+02
3.134653712206497289e+02
3.135549427616499543e+02
3.136445143026501796e+02
3.137340858436504050e+02
3.138236573846506303e+02
3.139132289256508557e+02
3.140028004666510810e+02
3.140923720076513064e+02
3.141819435486515317e+02
3.142715150896517571e+02
3.143610866306519824e+02
3.144506581716522078e+02
3.145402297126524331e+02
3.146298012536526585e+02
3.147193727946528838e+02
3.148089443356531092e+02
3.148985158766533345e+02
3.149880874176535599e+02
3.150776589586537852e+02
3.151672304996540106e+02
3.152568020406542360e+02
3.153463735816544613e+02
3.154359451226546867e+02
3.155255166636549120e+02
3.156150882046551374e+02
3.157046597456553627e+02
3.157942312866555881e+02
3.158838028276558134e+02
3.159733743686560388e+02
3.160629459096562641e+02
3.161525174506564895e+02
3.162420889916567717e+02
3.163316605326570539e+02
3.164212320736573361e+02
3.165108036146576183e+02
3.166003751556579005e+02
3.166899466966581826e+02
3.167795182376584648e+02
3.168690897786587470e+02
3.169586613196590292e+02
3.170482328606593114e+02
3.171378044016595936e+02
3.172273759426598758e+02
3.173169474836601580e+02
3.174065190246604402e+02
3.174960905656607224e+02
3.175856621066610046e+02
3.176752336476612868e+02
3.177648051886615690e+02
3.178543767296618512e+02
3.179439482706621334e+02
3.180335198116624156e+02
3.181230913526626978e+02
3.182126628936629800e+02
3.183022344346632622e+02
3.183329246423064660e+02
3.183626417254038188e+02
3.183926068868342441e+02
3.184225058039706937e+02
3.184524224668057286e+02
3.184823343748250295e+02
3.185122475567149536e+02
3.185421603979678480e+02
3.185720733107672800e+02
3.186019862235667119e+02
3.186318991363661439e+02
3.186618120491655759e+02
3.186917249619650079e+02
3.187216378747644399e+02
3.187515507875638718e+02
3.187814637003633038e+02
3.188113766131627358e+02
3.188412895259621678e+02
3.188712024387615998e+02
3.189011153515610317e+02
3.189310282643604637e+02
3.189609411771598957e+02
3.189908540899593277e+02
3.190207670027587596e+02
3.190506799155581916e+02
3.190805928283576236e+02
3.191105057411570556e+02
3.191404186539564876e+02
3.191703315667559195e+02
3.192002444795553515e+02
3.192301573923547835e+02
3.192600703051542155e+02
3.192899832179536475e+02
3.193198961307530794e+02
3.193498090435525114e+02
3.193797219563519434e+02
3.194096348691513754e+02
3.194395477819508073e+02
3.194694606947502393e+02
3.194993736075496713e+02
3.195292865203491033e+02
3.195591994331485353e+02
3.195891123459479672e+02
3.196190252587473992e+02
3.196489381715468312e+02
3.196788510843462632e+02
3.197087639971456952e+02
3.197386769099451271e+02
3.197685898227445591e+02
3.197985027355439911e+02
3.198284156483434231e+02
3.198583285611428551e+02
3.198882414739422870e+02
3.199181543867417190e+02
3.199480672995411510e+02
3.199779802123405830e+02
3.200078931251400149e+02
3.200378060379394469e+02
3.200677189507388789e+02
3.200976318635383109e+02
3.200096021706967235e+02
3.199196421855435801e+02
3.198301741812302339e+02
3.197405747961256566e+02
3.196510106051398452e+02
3.195614369841385951e+02
3.194718658895458248e+02
3.193822941193833458e+02
3.192927224911156827e+02
3.192031508628480196e+02
3.191135792345803566e+02
3.190240076063126935e+02
3.189344359780450304e+02
3.188448643497773674e+02
3.187552927215097043e+02
3.186657210932420412e+02
3.185761494649743781e+02
3.184865778367067151e+02
3.183970062084390520e+02
3.183074345801713889e+02
3.182178629519037258e+02
3.181282913236360628e+02
3.180387196953683997e+02
3.179491480671007366e+02
3.178595764388330736e+02
3.177700048105654105e+02
3.176804331822977474e+02
3.175908615540300843e+02
3.175012899257624213e+02
3.174117182974947582e+02
3.173221466692270951e+02
3.172325750409594320e+02
3.171430034126917690e+02
3.170534317844241059e+02
3.169638601561564428e+02
3.168742885278887798e+02
3.167847168996211167e+02
3.166951452713534536e+02
3.166055736430857905e+02
3.165160020148181275e+02
3.164264303865504644e+02
3.163368587582828013e+02
3.162472871300151382e+02
3.161577155017474752e+02
3.160681438734798121e+02
