1.000000000000000000e+03
1.000000000000000000e+03
1.000000000000000000e+03
1.000000000000000000e+03
1.000000000000000000e+03
1.000000000000000000e+03
1.000000000000000000e+03
1.000000000000000000e+03
1.000000000000000000e+03
1.000000000000000000e+03
1.000000000000000000e+03
1.000000000000000000e+03
1.000000000000000000e+03
1.000000000000000000e+03
1.000000000000000000e+03
1.000000000000000000e+03
1.000000000000000000e+03
1.000000000000000000e+03
1.000000000000000000e+03
1.000000000000000000e+03
1.000000000000000000e+03
1.000000000000000000e+03
1.000000000000000000e+03
1.000000000000000000e+03
1.000000000000000000e+03
1.000000000000000000e+03
1.000000000000000000e+03
1.000000000000000000e+03
1.000000000000000000e+03
1.000000000000000000e+03
1.000000000000000000e+03
1.000000000000000000e+03
1.000000000000000000e+03
1.000000000000000000e+03
1.000000000000000000e+03
1.000000000000000000e+03
1.000000000000000000e+03
1.000000000000000000e+03
1.000000000000000000e+03
1.000000000000000000e+03
1.000000000000000000e+03
1.000000000000000000e+03
1.000000000000000000e+03
1.000000000000000000e+03
1.000000000000000000e+03
1.000000000000000000e+03
1.000000000000000000e+03
1.000000000000000000e+03
1.000000000000000000e+03
1.000000000000000000e+03
1.000000000000000000e+03
1.000000000000000000e+03
1.000000000000000000e+03
1.000000000000000000e+03
1.000000000000000000e+03
1.000000000000000000e+03
1.000000000000000000e+03
1.000000000000000000e+03
1.000000000000000000e+03
1.000000000000000000e+03
1.000000000000000000e+03
1.000000000000000000e+03
1.000000000000000000e+03
1.000000000000000000e+03
1.000000000000000000e+03
1.000000000000000000e+03
1.000000000000000000e+03
1.000000000000000000e+03
1.000000000000000000e+03
1.000000000000000000e+03
1.000000000000000000e+03
1.000000000000000000e+03
1.000000000000000000e+03
1.000000000000000000e+03
1.000000000000000000e+03
1.000000000000000000e+03
1.000000000000000000e+03
1.000000000000000000e+03
1.000000000000000000e+03
1.000000000000000000e+03
1.000000000000000000e+03
1.000000000000000000e+03
1.000000000000000000e+03
1.000000000000000000e+03
1.000000000000000000e+03
1.000000000000000000e+03
1.000000000000000000e+03
1.000000000000000000e+03
1.000000000000000000e+03
1.000000000000000000e+03
1.000000000000000000e+03
1.000000000000000000e+03
1.000000000000000000e+03
1.000000000000000000e+03
1.000000000000000000e+03
1.000000000000000000e+03
1.000000000000000000e+03
1.000000000000000000e+03
1.000000000000000000e+03
1.000000000000000000e+03
1.000000000000000000e+03
1.000000000000000000e+03
1.000000000000000000e+03
1.000000000000000000e+03
1.000000000000000000e+03
1.000000000000000000e+03
1.000000000000000000e+03
1.000000000000000000e+03
1.000000000000000000e+03
1.000000000000000000e+03
1.000000000000000000e+03
1.000000000000000000e+03
1.000000000000000000e+03
1.000000000000000000e+03
1.000000000000000000e+03
1.000000000000000000e+03
1.000000000000000000e+03
1.000000000000000000e+03
1.000000000000000000e+03
1.000000000000000000e+03
1.000000000000000000e+03
1.000000000000000000e+03
1.000000000000000000e+03
1.000000000000000000e+03
1.000000000000000000e+03
1.000000000000000000e+03
1.000000000000000000e+03
1.000000000000000000e+03
1.000000000000000000e+03
1.000000000000000000e+03
1.000000000000000000e+03
1.000000000000000000e+03
1.000000000000000000e+03
1.000000000000000000e+03
1.000000000000000000e+03
1.000000000000000000e+03
1.000000000000000000e+03
1.000000000000000000e+03
1.000000000000000000e+03
1.000000000000000000e+03
1.000000000000000000e+03
1.000000000000000000e+03
1.000000000000000000e+03
1.000000000000000000e+03
1.000000000000000000e+03
1.000000000000000000e+03
1.000000000000000000e+03
1.000000000000000000e+03
1.000000000000000000e+03
1.000000000000000000e+03
1.000000000000000000e+03
1.000000000000000000e+03
1.000000000000000000e+03
1.000000000000000000e+03
1.000000000000000000e+03
1.000000000000000000e+03
1.000000000000000000e+03
1.000000000000000000e+03
1.000000000000000000e+03
1.000000000000000000e+03
1.000000000000000000e+03
1.000000000000000000e+03
1.000000000000000000e+03
1.000000000000000000e+03
1.000000000000000000e+03
1.000000000000000000e+03
1.000000000000000000e+03
1.000000000000000000e+03
1.000000000000000000e+03
1.000000000000000000e+03
1.000000000000000000e+03
1.000000000000000000e+03
1.000000000000000000e+03
1.000000000000000000e+03
1.000000000000000000e+03
1.000000000000000000e+03
1.000000000000000000e+03
1.000000000000000000e+03
1.000000000000000000e+03
1.000000000000000000e+03
1.000000000000000000e+03
1.000000000000000000e+03
1.000000000000000000e+03
1.000000000000000000e+03
1.000000000000000000e+03
1.000000000000000000e+03
1.000000000000000000e+03
1.000000000000000000e+03
1.000000000000000000e+03
1.000000000000000000e+03
1.000000000000000000e+03
1.000000000000000000e+03
1.000000000000000000e+03
1.000000000000000000e+03
1.000000000000000000e+03
1.000000000000000000e+03
1.000000000000000000e+03
1.000000000000000000e+03
1.000000000000000000e+03
1.000000000000000000e+03
1.000007845909790717e+03
1.000014516836686084e+03
1.000020188293751517e+03
1.000025009750371169e+03
1.000029108429543612e+03
1.000032592577712535e+03
1.000035554270012199e+03
1.000038071810633369e+03
1.000040211782905658e+03
1.000042030797870439e+03
1.000043576984255083e+03
1.000044891257215227e+03
1.000046008398156573e+03
1.000046957973437884e+03
1.000047765115793140e+03
1.000048451188862373e+03
1.000049034352240824e+03
1.000049530041892126e+03
1.000049951378574519e+03
1.000050309515048639e+03
1.000050613931232192e+03
1.000050872685099193e+03
1.000051092625954198e+03
1.000051279575722788e+03
1.000051438483051811e+03
1.000051573554297192e+03
1.000051688364865527e+03
1.000051785953854505e+03
1.000051868904498747e+03
1.000051939412548677e+03
1.000051999344392470e+03
1.000052050286460485e+03
1.000052093587218906e+03
1.000052130392863887e+03
1.000052161677662298e+03
1.000052188269741009e+03
1.000052210873007994e+03
1.000052230085785027e+03
1.000052246416645517e+03
1.000052260297876956e+03
1.000044426150815070e+03
1.000036592003753185e+03
1.000028757856691300e+03
1.000020923709629415e+03
1.000013089562567529e+03
1.000005255415505644e+03
9.999974212684437589e+02
9.999895871213818737e+02
9.999817529743199884e+02
9.999739188272581032e+02
9.999660846801962180e+02
9.999582505331343327e+02
9.999504163860724475e+02
9.999425822390105623e+02
9.999347480919486770e+02
9.999269139448867918e+02
9.999190797978249066e+02
9.999112456507630213e+02
9.999034115037011361e+02
9.998955773566392509e+02
9.998799455635933100e+02
9.998654784430785867e+02
9.998520028792795529e+02
9.998393712050408340e+02
9.998274575588771995e+02
9.998161547283755226e+02
9.998053714281886641e+02
9.997950299609940430e+02
9.997850642127067431e+02
9.997754179374642263e+02
9.997660432925993064e+02
9.997568995885153527e+02
9.997479522228185260e+02
9.997391717721229725e+02
9.997305332185832185e+02
9.997220152914173923e+02
9.997135999064935277e+02
9.997052716894871764e+02
9.996970175702238066e+02
9.996888264376314055e+02
9.996885338204419895e+02
9.996871088162873775e+02
9.996847214211846904e+02
9.996815161641898158e+02
9.996776158911377479e+02
9.996731250014338457e+02
9.996681322101517253e+02
9.996627129011403667e+02
9.996569311294776981e+02
9.996508413242855795e+02
9.996444897360704545e+02
9.996379156665716437e+02
9.996311525136303544e+02
9.996242286588326351e+02
9.996171682215656347e+02
9.996099916995962076e+02
9.996027165132660457e+02
9.995953574678230780e+02
9.995879271462226825e+02
9.995804362428713148e+02
9.995728938472044547e+02
9.995653076846501790e+02
9.995576843213904112e+02
9.995500293383651069e+02
9.995423474791442686e+02
9.995346427755960121e+02
9.995269186546873925e+02
9.995191780292527710e+02
9.995114233751378379e+02
9.995036567967653127e+02
9.994958800828611629e+02
9.994880947538183591e+02
9.994803021019533844e+02
9.994725032257226758e+02
9.994646990588049675e+02
9.994568903948205616e+02
9.994490779083420193e+02
9.994412621727524311e+02
9.994334436754249964e+02
9.994256228306251160e+02
9.994177999904770786e+02
9.994099771503290413e+02
9.994021543101810039e+02
9.993943314700329665e+02
9.993865086298849292e+02
9.993786857897368918e+02
9.993708629495888545e+02
9.993630401094408171e+02
9.993552172692927797e+02
9.993473944291447424e+02
9.993395715889967050e+02
9.993317487488486677e+02
9.993239259087006303e+02
9.993161030685525930e+02
9.993082802284045556e+02
9.993004573882565182e+02
9.992926345481084809e+02
9.992848117079604435e+02
9.992769888678124062e+02
9.992691660276643688e+02
9.992535454370139405e+02
9.992390895389960406e+02
9.992256252135554178e+02
9.992130047902714978e+02
9.992011024051287222e+02
9.991898108437405881e+02
9.991790388192109731e+02
9.991687086329935710e+02
9.991587541700303063e+02
9.991491191836799999e+02
9.991397558306488236e+02
9.991306234208328760e+02
9.991216873514252939e+02
9.991129181987025731e+02
9.991042909445417308e+02
9.990957843179320435e+02
9.990873802345519152e+02
9.990790633199192143e+02
9.990708205037282141e+02
9.990626406747971942e+02
9.990623593992822862e+02
9.990609457357064684e+02
9.990585696791076771e+02
9.990553757580271395e+02
9.990514868180915755e+02
9.990470072586949755e+02
9.990420257950211180e+02
9.990366178110988358e+02
9.990308473622217207e+02
9.990247688777395751e+02
9.990184286083856477e+02
9.990118658561152643e+02
9.990051140189702892e+02
9.989982014787196931e+02
9.989911523549147887e+02
9.989839871454687454e+02
9.989767232708518350e+02
9.989693755364248773e+02
9.989619565252414759e+02
9.989544769317934652e+02
9.989469458455901076e+02
9.989393709921230311e+02
9.989317589376289561e+02
9.989241152630947909e+02
9.989164447121307830e+02
9.989087513166394956e+02
9.989010385036176558e+02
9.988933091859247497e+02
9.988855658394279544e+02
9.988778105685684068e+02
9.988700451620876493e+02
9.988622711403920675e+02
9.988544897958095135e+02
9.988467022268059736e+02
9.988389093670684815e+02
9.988311120102243876e+02
9.988233108308521651e+02
9.988155064023401337e+02
9.988076992120656996e+02
9.987998896742979014e+02
9.987920781411642110e+02
9.987842666080305207e+02
9.987764550748968304e+02
9.987686435417631401e+02
9.987608320086294498e+02
9.987530204754957595e+02
9.987452089423620691e+02
9.987373974092283788e+02
9.987295858760946885e+02
9.987217743429609982e+02
9.987139628098273079e+02
9.987061512766936175e+02
9.986983397435599272e+02
9.986905282104262369e+02
9.986827166772925466e+02
9.986749051441588563e+02
9.986670936110251660e+02
9.986592820778914756e+02
9.986514705447577853e+02
9.986436590116240950e+02
9.986280496235702913e+02
9.986136049482353201e+02
9.986001518613263670e+02
9.985875426891595907e+02
9.985756515651906966e+02
9.985643712730612833e+02
9.985536105243274960e+02
9.985432916192200992e+02
9.985333484417087675e+02
9.985237247443745900e+02
9.985143726832976654e+02
9.985052515678671625e+02
9.984963267948637622e+02
9.984875689402267653e+02
9.984789529855559067e+02
9.984704576596117249e+02
9.984620648778833356e+02
9.984537592657313780e+02
9.984455277527188173e+02
9.984373592275544524e+02
9.984370892937176905e+02
9.984356869707387432e+02
9.984333222526744294e+02
9.984301396675491560e+02
9.984262620607800045e+02
9.984217938317483458e+02
9.984168236957467570e+02
9.984114270369832411e+02
9.984056679109658035e+02
9.983996007472719612e+02
9.983932717968607449e+02
9.983867203619031443e+02
9.983799798406413402e+02
9.983730786150267704e+02
9.983660408047747978e+02
9.983588869079442247e+02
9.983516343451340163e+02
9.983442979218175424e+02
9.983368902211466320e+02
9.983294219376982710e+02
9.983219021610552772e+02
9.983143386167728295e+02
9.983067378711423316e+02
9.982991055051975309e+02
9.982914462625889200e+02
9.982837641752536229e+02
9.982760626702176978e+02
9.982683446603658695e+02
9.982606126215868017e+02
9.982528686583399349e+02
9.982451145593825004e+02
9.982373518451340715e+02
9.982295818079339824e+02
9.982218055462577695e+02
9.982140239938007653e+02
9.982062379441973690e+02
9.981984480720319652e+02
9.981906549506978763e+02
9.981828590675768282e+02
9.981750608369416113e+02
9.981672606109227672e+02
9.981594603849039231e+02
9.981516601588850790e+02
9.981438599328662349e+02
9.981360597068473908e+02
9.981282594808285467e+02
9.981204592548097025e+02
9.981126590287908584e+02
9.981048588027720143e+02
9.980970585767531702e+02
9.980892583507343261e+02
9.980814581247154820e+02
9.980736578986966379e+02
9.980658576726777937e+02
9.980580574466589496e+02
9.980502572206401055e+02
9.980424569946212614e+02
9.980346567686024173e+02
9.980268565425835732e+02
9.980190563165647291e+02
9.980034581313082072e+02
9.979890246788418153e+02
9.979755828306376770e+02
9.979629849097502756e+02
9.979511050471082854e+02
9.979398360243827710e+02
9.979290865515831683e+02
9.979187789277185630e+02
9.979088470357871756e+02
9.978992346275929322e+02
9.978898938585904261e+02
9.978807840376626928e+02
9.978718705611782980e+02
9.978631240047395750e+02
9.978545193496694310e+02
9.978460353245001215e+02
9.978376538445314736e+02
9.978293595349670113e+02
9.978211393252388461e+02
9.978129821039461831e+02
9.978127235117910914e+02
9.978113325294272045e+02
9.978089791499278363e+02
9.978058079007988681e+02
9.978019416272460376e+02
9.977974847286367321e+02
9.977925259203713040e+02
9.977871405868359034e+02
9.977813927837522670e+02
9.977753369409247171e+02
9.977690193095377253e+02
9.977624791919772633e+02
9.977557499866853732e+02
9.977488600757956192e+02
9.977418335791870732e+02
9.977346909950640566e+02
9.977274497441538870e+02
9.977201246320422570e+02
9.977127282419791072e+02
9.977052712686263476e+02
9.976977628016403514e+02
9.976902105666398484e+02
9.976826211299705847e+02
9.976750000727133738e+02
9.976673521385588401e+02
9.976596813594784408e+02
9.976519911625275654e+02
9.976442844606161771e+02
9.976365637296543127e+02
9.976288310741197165e+02
9.976210882827853084e+02
9.976133368760839630e+02
9.976055781463662697e+02
9.975978131921175418e+02
9.975900429470411837e+02
9.975822682047786429e+02
9.975744896399202162e+02
9.975667078258643414e+02
9.975589232499970649e+02
9.975511363265948148e+02
9.975433474077912024e+02
9.975355584889875900e+02
9.975277695701839775e+02
9.975199806513803651e+02
9.975121917325767527e+02
9.975044028137731402e+02
9.974966138949695278e+02
9.974888249761659154e+02
9.974810360573623029e+02
9.974732471385586905e+02
9.974654582197550781e+02
9.974576693009514656e+02
9.974498803821478532e+02
9.974420914633442408e+02
9.974343025445406283e+02
9.974265136257370159e+02
9.974187247069334035e+02
9.974109357881297910e+02
9.974031468693261786e+02
9.973953579505225662e+02
9.973797709682639834e+02
9.973653487388519352e+02
9.973519181295254157e+02
9.973393314600793929e+02
9.973274628589172153e+02
9.973162051057405506e+02
9.973054669090134894e+02
9.972951705665242343e+02
9.972852499603005754e+02
9.972756488413699572e+02
9.972663193645621504e+02
9.972572208382542840e+02
9.972483186584036048e+02
9.972395834002757056e+02
9.972309900449170073e+02
9.972225173206315958e+02
9.972141471425304644e+02
9.972058641356602493e+02
9.971976552293220948e+02
9.971895093120060665e+02
9.971892620615359419e+02
9.971878824198049642e+02
9.971855403789007823e+02
9.971823804658089330e+02
9.971785255255222182e+02
9.971740799573925642e+02
9.971691324769271887e+02
9.971637584686891387e+02
9.971580219886131999e+02
9.971519774667298179e+02
9.971456711544482232e+02
9.971391423543690280e+02
9.971324244651335675e+02
9.971255458690571913e+02
9.971185306861823392e+02
9.971113994148587381e+02
9.971041694759417169e+02
9.970968556751291771e+02
9.970894705957689439e+02
9.970820249326077374e+02
9.970745277753754863e+02
9.970669868497540165e+02
9.970594087221437576e+02
9.970517989736721347e+02
9.970441623480699036e+02
9.970365028773429685e+02
9.970288239885760504e+02
9.970211285947041233e+02
9.970134191716587111e+02
9.970056978239358614e+02
9.969979663403240693e+02
9.969902262412695109e+02
9.969824788191339167e+02
9.969747251724123771e+02
9.969669662348165957e+02
9.969592027999948414e+02
9.969514355425434360e+02
9.969436650358658198e+02
9.969358917673523592e+02
9.969281161512832341e+02
9.969203385397950115e+02
9.969125609283067888e+02
9.969047833168185662e+02
9.968970057053303435e+02
9.968892280938421209e+02
9.968814504823538982e+02
9.968736728708656756e+02
9.968658952593774529e+02
9.968581176478892303e+02
9.968503400364010076e+02
9.968425624249127850e+02
9.968347848134245623e+02
9.968270072019363397e+02
9.968192295904481171e+02
9.968114519789598944e+02
9.968036743674716718e+02
9.967958967559834491e+02
9.967881191444952265e+02
9.967803415330070038e+02
9.967725639215187812e+02
9.967569881424586811e+02
9.967425771362865135e+02
9.967291577660103030e+02
9.967165823481676625e+02
9.967047250086378654e+02
9.966934785251548874e+02
9.966827516046383835e+02
9.966724665436569239e+02
9.966625572232685499e+02
9.966529673937250209e+02
9.966436492092318531e+02
9.966345619776610647e+02
9.966256710945585837e+02
9.966169471348538309e+02
9.966083650793170818e+02
9.965999036560245941e+02
9.965915447798987543e+02
9.965832730758293110e+02
9.965750754729868959e+02
9.965669408597523216e+02
9.965667049509703475e+02
9.965653366498899004e+02
9.965630059476110318e+02
9.965598573705968874e+02
9.965560137636257423e+02
9.965515795260330378e+02
9.965466433734312659e+02
9.965412806905596881e+02
9.965355555335652298e+02
9.965295223327037775e+02
9.965232273396086384e+02
9.965167098570946109e+02
9.965100032840019821e+02
9.965031360028275458e+02
9.964961321337767686e+02
9.964890121753443282e+02
9.964817935485134512e+02
9.964744910590941345e+02
9.964671172905317462e+02
9.964596829376579308e+02
9.964521970902757175e+02
9.964446674741303696e+02
9.964371006556765451e+02
9.964295022160883946e+02
9.964218768991368052e+02
9.964142287368619009e+02
9.964065611563777338e+02
9.963988770706444029e+02
9.963911789556146914e+02
9.963834689158029505e+02
9.963757487400132504e+02
9.963680199487049549e+02
9.963602838342512769e+02
9.963525414951568564e+02
9.963447938651414688e+02
9.963370417378604316e+02
9.963292857879159783e+02
9.963215265887165515e+02
9.963137646276569512e+02
9.963060003190208818e+02
9.962982340149482070e+02
9.962904677108755322e+02
9.962827014068028575e+02
9.962749351027301827e+02
9.962671687986575080e+02
9.962594024945848332e+02
9.962516361905121585e+02
9.962438698864394837e+02
9.962361035823668090e+02
9.962283372782941342e+02
9.962205709742214594e+02
9.962128046701487847e+02
9.962050383660761099e+02
9.961972720620034352e+02
9.961895057579307604e+02
9.961817394538580857e+02
9.961739731497854109e+02
9.961662068457127361e+02
9.961584405416400614e+02
9.961506742375673866e+02
9.961351096619060854e+02
9.961207098791591079e+02
9.961073017481060106e+02
9.960947375820284151e+02
9.960828915042835661e+02
9.960716562906388845e+02
9.960609406464710673e+02
9.960506668671297348e+02
9.960407688327040887e+02
9.960311902926709990e+02
9.960218834006124098e+02
9.960128074638954558e+02
9.960039278776555420e+02
9.959952152164861445e+02
9.959866444608818483e+02
9.959781943386911962e+02
9.959698467646480822e+02
9.959615863634858215e+02
9.959534000642445335e+02
9.959452767551960051e+02
9.959450521881051372e+02
9.959436952276929560e+02
9.959413758640693004e+02
9.959382386231734472e+02
9.959344063495674391e+02
9.959299834425686413e+02
9.959250586178940239e+02
9.959197072604579262e+02
9.959139934266186174e+02
9.959079715468566292e+02
9.959016878730290045e+02
9.958951817081640456e+02
9.958884864513005368e+02
9.958816304851163750e+02
9.958746379299797127e+02
9.958675292845299509e+02
9.958603219698781004e+02
9.958530307919459119e+02
9.958456683342762972e+02
9.958382452917853698e+02
9.958307707543496008e+02
9.958232524477771221e+02
9.958156969385770481e+02
9.958081098079701405e+02
9.958004957997673046e+02
9.957928589460427702e+02
9.957852026739399207e+02
9.957775298964438662e+02
9.957698430895288766e+02
9.957621443577274931e+02
9.957544354898591337e+02
9.957467180063965770e+02
9.957389931997242911e+02
9.957312621683564657e+02
9.957235258460210616e+02
9.957157850263804448e+02
9.957080403840426470e+02
9.957002924924213403e+02
9.956925418389154174e+02
9.956847888378123344e+02
9.956770338412550245e+02
9.956692788446977147e+02
9.956615238481404049e+02
9.956537688515830951e+02
9.956460138550257852e+02
9.956382588584684754e+02
9.956305038619111656e+02
9.956227488653538558e+02
9.956149938687965459e+02
9.956072388722392361e+02
9.955994838756819263e+02
9.955917288791246165e+02
9.955839738825673066e+02
9.955762188860099968e+02
9.955684638894526870e+02
9.955607088928953772e+02
9.955529538963380674e+02
9.955451988997807575e+02
9.955374439032234477e+02
9.955296889066661379e+02
9.955141355346039518e+02
9.954997469754674739e+02
9.954863500838098389e+02
9.954737971696589511e+02
9.954619623538513906e+02
9.954507384101896150e+02
9.954400340425082732e+02
9.954297715449391717e+02
9.954198847966036965e+02
9.954103175462042827e+02
9.954010219466998706e+02
9.953919573049535074e+02
9.953830890156903024e+02
9.953743876531684691e+02
9.953658281976067883e+02
9.953573893766265428e+02
9.953490531047735885e+02
9.953408040066246940e+02
9.953326290110898071e+02
9.953245170063319165e+02
9.953243037809351108e+02
9.953229581612085894e+02
9.953206501362700465e+02
9.953175242315327296e+02
9.953137032913410849e+02
9.953092917149931509e+02
9.953043782183090116e+02
9.952990381863772882e+02
9.952933356757666843e+02
9.952873251171816946e+02
9.952810527627024157e+02
9.952745579155701989e+02
9.952678739750219847e+02
9.952610293239162047e+02
9.952540480827835836e+02
9.952469507504080184e+02
9.952397547480278490e+02
9.952324748816765805e+02
9.952251237349944404e+02
9.952177120029820117e+02
9.952102487755887523e+02
9.952027417786860042e+02
9.951951975788368827e+02
9.951876217573088752e+02
9.951800190579526770e+02
9.951723935128767380e+02
9.951647485492537726e+02
9.951570870800937882e+02
9.951494115813924282e+02
9.951417241577003097e+02
9.951340265978525395e+02
9.951263204223349703e+02
9.951186069235434388e+02
9.951108872000016845e+02
9.951031621854458535e+02
9.950954326735451332e+02
9.950876993389136942e+02
9.950799627549700972e+02
9.950722234091175551e+02
9.950644817156471618e+02
9.950567380267049202e+02
9.950489943377626787e+02
9.950412506488204372e+02
9.950335069598781956e+02
9.950257632709359541e+02
9.950180195819937126e+02
9.950102758930514710e+02
9.950025322041092295e+02
9.949947885151669880e+02
9.949870448262247464e+02
9.949793011372825049e+02
9.949715574483402634e+02
9.949638137593980218e+02
9.949560700704557803e+02
9.949483263815135388e+02
9.949405826925712972e+02
9.949328390036290557e+02
9.949250953146868142e+02
9.949173516257445726e+02
9.949096079368023311e+02
9.948940657685392353e+02
9.948796884331982255e+02
9.948663027811084021e+02
9.948537611190456573e+02
9.948419375653276120e+02
9.948307248917930110e+02
9.948200318007358192e+02
9.948097805850709392e+02
9.947999051229527367e+02
9.947903491623101218e+02
9.947810648554795989e+02
9.947720115088204693e+02
9.947631545166481146e+02
9.947544644528855997e+02
9.947459162974765832e+02
9.947374887778154289e+02
9.947291638082598411e+02
9.947209260132304962e+02
9.947127623215071708e+02
9.947046616211441687e+02
9.947044597374441537e+02
9.947031254584206863e+02
9.947008287721969282e+02
9.946977142036585064e+02
9.946939045969304516e+02
9.946895043512901111e+02
9.946846021826596598e+02
9.946792734763009776e+02
9.946735822889924066e+02
9.946675830516618362e+02
9.946613220166116207e+02
9.946548384872957058e+02
9.946481658631487335e+02
9.946413325272094426e+02
9.946343626001706753e+02
9.946272765809605971e+02
9.946200918909446500e+02
9.946128233362679794e+02
9.946054835006677877e+02
9.945980830792291272e+02
9.945906311619744429e+02
9.945831354748378317e+02
9.945756025844367514e+02
9.945680380720849598e+02
9.945604466816731701e+02
9.945528324453439382e+02
9.945451987902991959e+02
9.945375486295738483e+02
9.945298844391847979e+02
9.945222083237008519e+02
9.945145220719726922e+02
9.945068272044993591e+02
9.944991250136877170e+02
9.944914165980712824e+02
9.944837028913943868e+02
9.944759846873331526e+02
9.944682626605075484e+02
9.944605373843411371e+02
9.944528093462415654e+02
9.944450789605034515e+02
9.944373465792759816e+02
9.944296141980485118e+02
9.944218818168210419e+02
9.944141494355935720e+02
9.944064170543661021e+02
9.943986846731386322e+02
9.943909522919111623e+02
9.943832199106836924e+02
9.943754875294562225e+02
9.943677551482287527e+02
9.943600227670012828e+02
9.943522903857738129e+02
9.943445580045463430e+02
9.943368256233188731e+02
9.943290932420914032e+02
9.943213608608639333e+02
9.943136284796364635e+02
9.943058960984089936e+02
9.942981637171815237e+02
9.942904313359540538e+02
9.942749003716900233e+02
9.942605342603295639e+02
9.942471598479796739e+02
9.942346294381663938e+02
9.942228171466899767e+02
9.942116157434268189e+02
9.942009339291312244e+02
9.941906939955025564e+02
9.941808298197286149e+02
9.941712851489656941e+02
9.941620121349283181e+02
9.941529700834728374e+02
9.941441243885052472e+02
9.941354456236139185e+02
9.941269087684676151e+02
9.941184925502338956e+02
9.941101788830827672e+02
9.941019523912789282e+02
9.940938000034722108e+02
9.940857106076082346e+02
