0.000000000000000000e+00
0.000000000000000000e+00
0.000000000000000000e+00
0.000000000000000000e+00
0.000000000000000000e+00
0.000000000000000000e+00
0.000000000000000000e+00
0.000000000000000000e+00
0.000000000000000000e+00
0.000000000000000000e+00
0.000000000000000000e+00
0.000000000000000000e+00
0.000000000000000000e+00
0.000000000000000000e+00
0.000000000000000000e+00
0.000000000000000000e+00
0.000000000000000000e+00
0.000000000000000000e+00
0.000000000000000000e+00
0.000000000000000000e+00
0.000000000000000000e+00
0.000000000000000000e+00
0.000000000000000000e+00
0.000000000000000000e+00
0.000000000000000000e+00
0.000000000000000000e+00
0.000000000000000000e+00
0.000000000000000000e+00
0.000000000000000000e+00
0.000000000000000000e+00
0.000000000000000000e+00
0.000000000000000000e+00
0.000000000000000000e+00
0.000000000000000000e+00
0.000000000000000000e+00
0.000000000000000000e+00
0.000000000000000000e+00
0.000000000000000000e+00
0.000000000000000000e+00
0.000000000000000000e+00
0.000000000000000000e+00
0.000000000000000000e+00
0.000000000000000000e+00
0.000000000000000000e+00
0.000000000000000000e+00
0.000000000000000000e+00
0.000000000000000000e+00
0.000000000000000000e+00
0.000000000000000000e+00
0.000000000000000000e+00
3.076113556694683171e-02
6.348741031212871977e-02
9.821756094730044184e-02
1.349803058349595963e-01
1.737445075454288335e-01
2.144690374420474832e-01
2.571127500893752305e-01
3.016344871925014659e-01
3.479930813094765374e-01
3.961473593412148109e-01
4.460561458033263649e-01
4.976782658844285945e-01
5.509725482955754039e-01
6.058978279155166069e-01
6.624129482365683774e-01
7.204767636159334909e-01
7.800481413373616668e-01
8.410859634880820668e-01
9.035491286559788060e-01
9.673965534520079235e-01
1.032587173862879126e+00
1.099079946439042832e+00
1.166833849323037242e+00
1.235807883123256845e+00
1.305961071638207516e+00
1.377252462436315605e+00
1.449641127296349863e+00
1.523086162513511699e+00
1.597546689076238646e+00
1.672981852718750995e+00
1.749350823854359360e+00
1.826612797394533194e+00
1.904726992458711354e+00
1.983652651979816994e+00
2.063349042210418371e+00
2.143775452134454085e+00
2.224891192789422600e+00
2.306655596503908612e+00
2.389028016055301240e+00
2.471967823752535764e+00
2.555434410448662597e+00
2.639387184488037441e+00
2.723785570592894167e+00
2.808589008694047262e+00
2.893756952710455188e+00
2.979248869282348888e+00
3.065024236462622120e+00
3.151042542371160771e+00
3.237263283816774528e+00
3.323645964891380977e+00
3.430591720313989512e+00
3.539207343422722030e+00
3.649493790044379793e+00
3.761447677470501905e+00
3.875039558062632672e+00
3.990235640812044071e+00
4.107002137918424722e+00
4.225305266734445730e+00
4.345111251582888912e+00
4.466386325448906014e+00
4.589096731550004193e+00
4.713208724786396964e+00
4.838688573074391819e+00
4.965502558565501268e+00
5.093616978753996882e+00
5.222998147475650832e+00
5.353612395800409374e+00
5.485426072821776522e+00
5.618405546345687007e+00
5.752517203481662733e+00
5.887727451139046941e+00
6.024002716431126281e+00
6.161309446989945648e+00
6.299614111194624222e+00
6.438883198315984657e+00
6.579083218580302095e+00
6.720180703154974289e+00
6.862142204058919503e+00
7.004934294000491057e+00
7.148523566145705388e+00
7.292876633819557419e+00
7.437960130143205006e+00
7.583740707609785581e+00
7.730185037601621012e+00
7.877259809851564931e+00
8.024931731851228989e+00
8.173167528208812982e+00
8.321933939959270887e+00
8.471197723829515525e+00
8.620925651461362804e+00
8.771084508594910290e+00
8.921641094215038592e+00
9.072562219663698357e+00
9.223814707720659811e+00
9.375365391655380520e+00
9.527181114252631033e+00
9.679228726814548267e+00
9.831475088141720775e+00
9.983887063495968661e+00
1.013643152354742405e+01
1.031016289834154698e+01
1.048562050642479093e+01
1.066281494576440814e+01
1.084175099833821676e+01
1.102239869464019861e+01
1.120472229764811978e+01
1.138868609758200989e+01
1.157425441371892028e+01
1.176139159605413198e+01
1.195006202681214980e+01
1.214023012181086258e+01
1.233186033168227169e+01
1.252491714295322645e+01
1.271936507898960400e+01
1.291516870080740276e+01
1.311229260775423278e+01
1.331070143806467421e+01
1.351035986929300314e+01
1.371123261862676657e+01
1.391328444308470047e+01
1.411648013960247106e+01
1.432078454500972420e+01
1.452616253590189288e+01
1.473257902841025135e+01
1.493999897787362841e+01
1.514838737841523297e+01
1.535770926242800449e+01
1.556792969997187193e+01
1.577901379808632853e+01
1.599092670002166372e+01
1.620363358439219681e+01
1.641709966425486300e+01
1.663129018611640220e+01
1.684617042887250804e+01
1.706170570268212572e+01
1.727786134778018479e+01
1.749460273323199289e+01
1.771189525563246647e+01
1.792970433775339956e+01
1.814799542714193592e+01
1.836673399467338896e+01
1.858588553306152491e+01
1.880541555532945353e+01
1.902528959324417457e+01
1.924547319571792769e+01
1.946593192717933007e+01
1.968663136591744589e+01
1.990753710240174357e+01
2.012861473758105291e+01
2.034982988116448155e+01
2.059143557282211390e+01
2.083470652903397635e+01
2.107965028267033247e+01
2.132626907126032378e+01
2.157453348494163237e+01
2.182440887919572958e+01
2.207586065394941599e+01
2.232885425488827380e+01
2.258335517462439412e+01
2.283932895372173988e+01
2.309674118158245903e+01
2.335555749719751617e+01
2.361574358976502452e+01
2.387726519917965007e+01
2.414008811639648755e+01
2.440417818367278713e+01
2.466950129469091735e+01
2.493602339456595374e+01
2.520371047974128587e+01
2.547252859777555756e+01
2.574244384702436150e+01
2.601342237621997455e+01
2.628543038395250520e+01
2.655843411805570753e+01
2.683239987490081901e+01
2.710729399860162658e+01
2.738308288013405800e+01
2.765973295637351725e+01
2.793721070905314363e+01
2.821548266364620616e+01
2.849451538817580243e+01
2.877427549195494905e+01
2.905472962426024353e+01
2.933584447294212794e+01
2.961758676297485948e+01
2.989992325494921488e+01
3.018282074351095545e+01
3.046624605574805145e+01
3.075016604952963561e+01
3.103454761179964905e+01
3.131935765682811734e+01
3.160456312442296678e+01
3.189013097810529018e+01
3.217602820325093660e+01
3.246222180520127409e+01
3.274867880734602466e+01
3.303536624918095299e+01
3.332225118434325850e+01
3.360930067862747705e+01
3.389648180798472055e+01
3.420351653935233571e+01
3.451216935658943896e+01
3.482244782389763316e+01
3.513435427480015960e+01
3.544785983718468003e+01
3.576293049687549086e+01
3.607953230429871638e+01
3.639763137534330895e+01
3.671719389207656548e+01
3.703818610331771310e+01
3.736057432507301002e+01
3.768432494083597106e+01
3.800940440175619983e+01
3.833577922668034432e+01
3.866341600206872187e+01
3.899228138179110204e+01
3.932234208680517185e+01
3.965356490472108675e+01
3.998591668925568143e+01
4.031936435957968001e+01
4.065387489956138722e+01
4.098941535691023574e+01
4.132595284222357890e+01
4.166345452794003990e+01
4.200188764720275003e+01
4.234121949263582962e+01
4.268141741503725939e+01
4.302244882199144627e+01
4.336428117640470958e+01
4.370688199496677129e+01
4.405021884654149034e+01
4.439425935048987526e+01
4.473897117492850128e+01
4.508432203492638735e+01
4.543027969064331018e+01
4.577681194541259657e+01
4.612388664377136394e+01
4.647147166944109387e+01
4.681953494326150889e+01
4.716804442108062290e+01
4.751696809160381463e+01
4.786627397420478758e+01
4.821593011670120177e+01
4.856590459309781949e+01
4.891616550129991481e+01
4.926668096079971093e+01
4.961741911033859509e+01
4.996834810554783957e+01
5.031943611657055015e+01
5.067065132566752794e+01
5.104093243590435236e+01
5.141276535561310368e+01
5.178615682764956318e+01
5.216110859577459280e+01
5.253759261535079617e+01
5.291557595300707817e+01
5.329502575839274670e+01
5.367590926457415890e+01
5.405819378828943655e+01
5.444184673006485298e+01
5.482683557419655074e+01
5.521312788860115006e+01
5.560069132453882190e+01
5.598949361621244947e+01
5.637950258024639538e+01
5.677068611504840590e+01
5.716301220005821904e+01
5.755644889488627314e+01
5.795096433834608973e+01
5.834652674738364908e+01
5.874310441590723997e+01
5.914066571352113755e+01
5.953917908416639904e+01
5.993861304467215945e+01
6.033893618322061769e+01
6.074011715772899578e+01
6.114212469415166851e+01
6.154492758470555458e+01
6.194849468602200204e+01
6.235279491722819500e+01
6.275779725796108721e+01
6.316347074631700309e+01
6.356978447673976973e+01
6.397670759785039252e+01
6.438420931022118054e+01
6.479225886409714974e+01
6.520082555706765959e+01
6.560987873169095508e+01
6.601938777307456974e+01
6.642932210641419033e+01
6.683965119449381120e+01
6.725034453514984989e+01
6.766137165870192405e+01
6.807270212535291876e+01
6.848430552256100157e+01
6.889615146238620014e+01
6.930820957881414301e+01
6.972044952505947890e+01
7.013284097085168867e+01
7.054535359970566333e+01
7.097602484582402838e+01
7.140817151261539664e+01
7.184179966571929299e+01
7.227691060950981239e+01
7.271347732083181370e+01
7.315146814828732147e+01
7.359085154170766430e+01
7.403159605208135474e+01
7.447367033134419501e+01
7.491704313203518950e+01
7.536168330682210126e+01
7.580755980790009119e+01
7.625464168626733397e+01
7.670289809088103539e+01
7.715229826769748911e+01
7.760281155859981084e+01
7.805440740021671786e+01
7.850705532263596353e+01
7.896072494801583730e+01
7.941538598909811242e+01
7.987100824762589468e+01
8.032756161266958372e+01
8.078501605886431491e+01
8.124334164456219298e+01
8.170250850990233005e+01
8.216248687480204183e+01
8.262324703687225735e+01
8.308475936926015493e+01
8.354699431842219326e+01
8.400992240183035165e+01
8.447351420561474811e+01
8.493774038214534983e+01
8.540257164755573172e+01
8.586797877921175370e+01
8.633393261312785683e+01
8.680040404133380605e+01
8.726736400919456571e+01
8.773478351268595077e+01
8.820263359562883920e+01
8.867088534688437562e+01
8.913950989751289455e+01
8.960847841789910717e+01
9.007776211484595308e+01
9.054733222863983144e+01
9.101716003008948519e+01
9.148721681754116730e+01
9.195747391387237712e+01
9.242790266346669625e+01
9.289847442917211140e+01
9.336916058924515482e+01
9.385695360635796192e+01
9.434613400840024156e+01
9.483670709043393288e+01
9.532867366814683407e+01
9.582200795081078581e+01
9.631667982246558779e+01
9.681265928568583945e+01
9.730991646104169490e+01
9.780842158642717266e+01
9.830814501625951607e+01
9.880905722055361196e+01
9.931112878387493481e+01
9.981433040417472569e+01
1.003186328915111858e+02
1.008240071666600102e+02
1.013304242596180131e+02
1.018378553080032418e+02
1.023462715553550453e+02
1.028556443493375525e+02
1.033659451398498277e+02
1.038771454770461276e+02
1.043892170092694442e+02
1.049021314809015593e+02
1.054158607301328345e+02
1.059303766866547392e+02
1.064456513692783375e+02
1.069616568834815951e+02
1.074783654188885720e+02
1.079957492466834168e+02
1.085137807169619464e+02
1.090324322560237960e+02
1.095516763636077116e+02
1.100714856100729548e+02
1.105918326335292647e+02
1.111126901369182178e+02
1.116340308850485030e+02
1.121558277015876683e+02
1.126780534660129121e+02
1.132006811105233481e+02
1.137236836169163041e+02
1.142470340134299249e+02
1.147707053715545982e+02
1.152946708028154745e+02
1.158189034555284991e+02
1.163433765115321705e+02
1.168680631828973588e+02
1.173929367086174125e+02
1.179179703512808715e+02
1.184431373937288754e+02
1.189684111356995686e+02
1.195096113053477609e+02
1.200521003662413193e+02
1.205958828137101477e+02
1.211409589778050417e+02
1.216873044951018557e+02
1.222348910111392541e+02
1.227836903064338685e+02
1.233336742954776355e+02
1.238848150256088587e+02
1.244370846757606444e+02
1.249904555550906764e+02
1.255449001014957418e+02
1.261003908800149418e+02
1.266569005811249866e+02
1.272144020189312101e+02
1.277728681292578159e+02
1.283322719676407644e+02
1.288925867072267408e+02
1.294537856365815287e+02
1.300158421574110150e+02
1.305787297821982236e+02
1.311424221317592469e+02
1.317068929327216438e+02
1.322721160149278319e+02
1.328380653087669145e+02
1.334047148424376985e+02
1.339720387391458019e+02
1.345400112142376372e+02
1.351086065722742262e+02
1.356777992040474601e+02
1.362475635835413925e+02
1.368178742648414072e+02
1.373887058789936191e+02
1.379600331308172656e+02
1.385318307956723345e+02
1.391040737161849563e+02
1.396767367989331490e+02
1.402497950110948182e+02
1.408232233770608843e+02
1.413969969750152984e+02
1.419710909334845041e+02
1.425454804278583936e+02
1.431201406768850859e+02
1.436950469391414344e+02
1.442701745094815635e+02
1.448454987154654816e+02
1.454209949137698175e+02
1.459966384865825830e+02
1.465724048379843509e+02
1.471482693903173811e+02
1.477387583695836781e+02
1.483304279133472789e+02
1.489232816804269248e+02
1.495173195106027038e+02
1.501125186535412297e+02
1.507088527328431837e+02
1.513062955224916664e+02
1.519048209453939080e+02
1.525044030718038357e+02
1.531050161176293329e+02
1.537066344426279159e+02
1.543092325484944354e+02
1.549127850768445569e+02
1.555172668070973998e+02
1.561226526542610031e+02
1.567289176666238859e+02
1.573360370233562833e+02
1.579439860320241849e+02
1.585527401260194438e+02
1.591622748619093102e+02
1.597725659167083165e+02
1.603835890850756414e+02
1.609953202764409923e+02
1.616077355120618506e+02
1.622208109220150618e+02
1.628345227421253867e+02
1.634488473108339974e+02
1.640637610660094481e+02
1.646792405417037060e+02
1.652952623648559722e+02
1.659118032519467363e+02
1.665288400056043088e+02
1.671463495111666191e+02
1.677643087332004086e+02
1.683826947119799513e+02
1.690014845599279454e+02
1.696206554580204511e+02
1.702401846521581774e+02
1.708600494495061923e+02
1.714802272148041311e+02
1.721006953666490347e+02
1.727214313737525515e+02
1.733424127511748054e+02
1.739636170565366911e+02
1.745850218862123313e+02
1.752066048715040267e+02
1.758283436748010331e+02
1.764502159857243271e+02
1.770721995172590937e+02
1.776942720018766977e+02
1.783295556957551184e+02
1.789659026480605064e+02
1.796033156538289290e+02
1.802417940642610574e+02
1.808813169151646605e+02
1.815218600087586367e+02
1.821633993119074262e+02
1.828059109542181488e+02
1.834493712260266420e+02
1.840937565762763199e+02
1.847390436102934927e+02
1.853852090874627265e+02
1.860322299188058253e+02
1.866800831644679022e+02
1.873287460311140649e+02
1.879781958692399257e+02
1.886284101703991780e+02
1.892793665643516192e+02
1.899310428161346636e+02
1.905834168230612704e+02
1.912364666116475007e+02
1.918901703344725433e+02
1.925445062669739400e+02
1.931994528041809644e+02
1.938549884573887709e+02
1.945110918507758697e+02
1.951677417179677718e+02
1.958249168985490201e+02
1.964825963345262210e+02
1.971407590667444083e+02
1.977993842312590687e+02
1.984584510556661598e+02
1.991179388553920830e+02
1.997778270299461667e+02
2.004380950591373391e+02
2.010987224992574056e+02
2.017596889792325499e+02
2.024209741967453340e+02
2.030825579143289588e+02
2.037444199554356317e+02
2.044065402004808050e+02
2.050688985828653017e+02
2.057314750849767506e+02
2.063942497341723765e+02
2.070572025987443965e+02
2.077203137838702389e+02
2.083835634275486370e+02
2.090469316965236146e+02
2.097103987821976432e+02
2.103739448965358463e+02
2.110491884383082208e+02
2.117253698391712078e+02
2.124024910089822242e+02
2.130805508151990750e+02
2.137595302393441159e+02
2.144394074464571815e+02
2.151201607792329185e+02
2.158017687556877888e+02
2.164842100667249554e+02
2.171674635736008554e+02
2.178515083052971306e+02
2.185363234558012948e+02
2.192218883812997490e+02
2.199081825972864692e+02
2.205951857755906360e+02
2.212828777413265584e+02
2.219712384697688492e+02
2.226602480831561195e+02
2.233498868474260064e+02
2.240401351688846034e+02
2.247309735908130790e+02
2.254223827900140975e+02
2.261143435733009426e+02
2.268068368739318430e+02
2.274998437479920312e+02
2.281933453707259503e+02
2.288873230328221666e+02
2.295817581366530078e+02
2.302766321924715669e+02
2.309719268145678939e+02
2.316676237173867037e+02
2.323637047116085341e+02
2.330601517001965419e+02
2.337569466744105853e+02
2.344540717097907248e+02
2.351515089621118761e+02
2.358492406633112637e+02
2.365472491173906917e+02
2.372455166962950273e+02
2.379440258357685707e+02
2.386427590311911047e+02
2.393416988333949575e+02
2.400408278444646442e+02
2.407401287135205621e+02
2.414395841324882781e+02
2.421391768318545985e+02
2.428388895764121571e+02
2.435387051609934304e+02
2.442386064061959416e+02
2.449385761540997066e+02
2.456486405272372622e+02
2.463595102227202744e+02
2.470711862507180285e+02
2.477836670035854922e+02
2.484969355532960549e+02
2.492109725938779548e+02
2.499257590086717187e+02
2.506412758675846533e+02
2.513575044242531931e+02
2.520744261131164876e+02
2.527920225464048940e+02
2.535102755110467001e+02
2.542291669654964608e+02
2.549486790364883575e+02
2.556687940157173387e+02
2.563894943564517348e+02
2.571107626700796800e+02
2.578325817225929200e+02
2.585549344310102811e+02
2.592778038597436989e+02
2.600011732169098195e+02
2.607250258505891907e+02
2.614493452450359996e+02
2.621741150168402896e+02
2.628993189110456115e+02
2.636249407972238714e+02
2.643509646655097072e+02
2.650773746225964373e+02
2.658041548876958586e+02
2.665312897884635959e+02
2.672587637568920513e+02
2.679865613251725449e+02
2.687146671215288052e+02
2.694430658660232893e+02
2.701717423663378099e+02
2.709006815135305146e+02
2.716298682777702993e+02
2.723592877040503595e+02
2.730889249078823013e+02
2.738187650709723471e+02
2.745487934368803735e+02
2.752789953066641715e+02
2.760093560345089827e+02
2.767398610233444174e+02
2.774704957204495486e+02
2.782012456130474334e+02
2.789320962238903121e+02
2.796630331068362807e+02
2.803940418424190284e+02
2.811251080334110952e+02
2.818645892203834933e+02
2.826047370639120118e+02
2.833455516667847860e+02
2.840870309584851157e+02
2.848291602302712704e+02
2.855719228520921433e+02
2.863153023934254406e+02
2.870592826201408911e+02
2.878038474912812603e+02
2.885489811557655457e+02
2.892946679490166844e+02
2.900408923895180351e+02
2.907876391753011944e+02
2.915348931803685559e+02
2.922826394510534556e+02
2.930308632023210862e+02
2.937795498140126256e+02
2.945286848270356472e+02
2.952782539395034291e+02
2.960282430028253771e+02
2.967786380177514616e+02
2.975294251303726583e+02
2.982805906280801196e+02
2.990321209354847838e+02
2.997840026102998650e+02
3.005362223391882708e+02
3.012887669335766532e+02
3.020416233254382519e+02
3.027947785630460658e+02
3.035482198066985120e+02
3.043019343244186530e+02
3.050559094876290942e+02
3.058101327668038039e+02
3.065645917270983887e+02
3.073192740239602472e+02
3.080741673987199079e+02
3.088292596741649731e+02
3.095845387500976358e+02
3.103399925988773020e+02
3.110956092609490042e+02
3.118513768403593076e+02
3.126072835002600527e+02
3.133633174584016956e+02
3.141194669826164727e+02
3.148757203862928122e+02
3.156320660238419578e+02
3.163884922861571454e+02
3.171449875960669829e+02
3.179015404037828603e+02
3.186581391823423814e+02
