0.000000000000000000e+00
0.000000000000000000e+00
0.000000000000000000e+00
0.000000000000000000e+00
0.000000000000000000e+00
0.000000000000000000e+00
0.000000000000000000e+00
0.000000000000000000e+00
-8.362277293262594668e-02
-2.170377739833110886e-01
-3.800878774230062596e-01
-5.608105070282048965e-01
-7.520928477803227041e-01
-9.496942281437735778e-01
-1.147295608507224340e+00
-1.344896988870675214e+00
-1.606673426101797864e+00
-1.906101843564355303e+00
-2.227764396165202498e+00
-2.562628286074488226e+00
-2.905360622442482832e+00
-3.248092958810477437e+00
-3.590825295178472043e+00
-3.933557631546466649e+00
-4.276289967914460810e+00
-4.619022304282455416e+00
-4.961754640650450021e+00
-5.304486977018444627e+00
-5.647219313386439232e+00
-5.989951649754433838e+00
-6.332683986122428443e+00
-6.675416322490423049e+00
-7.018148658858417654e+00
-7.360880995226412260e+00
-7.703613331594406866e+00
-8.046345667962400583e+00
-8.389078004330395189e+00
-8.731810340698389794e+00
-9.074542677066384400e+00
-9.417275013434379005e+00
-9.698317510613241765e+00
-9.941371570119949652e+00
-1.016133164974935710e+01
-1.036733796214993575e+01
-1.056493934251338729e+01
-1.076254072287683883e+01
-1.096014210324029037e+01
-1.115774348360374191e+01
-1.141951992083486367e+01
-1.171894833829742133e+01
-1.204061089089826808e+01
-1.237547478080755425e+01
-1.271820711717554886e+01
-1.306093945354354346e+01
-1.340367178991153807e+01
-1.374640412627953268e+01
-1.402744662345839544e+01
-1.427050068296510332e+01
-1.449046076259451077e+01
-1.469646707499508942e+01
-1.489406845535854096e+01
-1.509166983572199250e+01
-1.528927121608544404e+01
-1.548687259644889558e+01
-1.568447397681234712e+01
-1.588207535717579866e+01
-1.607967673753924842e+01
-1.627727811790269996e+01
-1.647487949826615150e+01
-1.667248087862960304e+01
-1.687008225899305458e+01
-1.706768363935650612e+01
-1.726528501971995766e+01
-1.746288640008340920e+01
-1.766048778044686074e+01
-1.785808916081031228e+01
-1.805569054117376382e+01
-1.825329192153721536e+01
-1.845089330190066690e+01
-1.864849468226411844e+01
-1.884609606262756998e+01
-1.904369744299102152e+01
-1.924129882335447306e+01
-1.943890020371792460e+01
-1.963650158408137614e+01
-1.983410296444482768e+01
-2.003170434480827922e+01
-2.022930572517173076e+01
-2.042690710553518230e+01
-2.062450848589863384e+01
-2.082210986626208538e+01
-2.101971124662553692e+01
-2.121731262698898846e+01
-2.141491400735244000e+01
-2.161251538771589153e+01
-2.181011676807934307e+01
-2.200771814844279461e+01
-2.220531952880624615e+01
-2.240292090916969769e+01
-2.260052228953314923e+01
-2.279812366989660077e+01
-2.299572505026005231e+01
-2.319332643062350385e+01
-2.339092781098695539e+01
-2.358852919135040693e+01
-2.378613057171385847e+01
-2.398373195207731001e+01
-2.418133333244076155e+01
-2.437893471280421309e+01
-2.457653609316766463e+01
-2.477413747353111617e+01
-2.497173885389456771e+01
-2.516934023425801925e+01
-2.536694161462147079e+01
-2.556454299498492233e+01
-2.576214437534837387e+01
-2.595974575571182541e+01
-2.615734713607527695e+01
-2.635494851643872849e+01
-2.655254989680218003e+01
-2.675015127716563157e+01
-2.694775265752908311e+01
-2.714535403789253465e+01
-2.734295541825598619e+01
-2.754055679861943773e+01
-2.773815817898288927e+01
-2.793575955934634081e+01
-2.813336093970979235e+01
-2.833096232007324389e+01
-2.852856370043669543e+01
-2.872616508080014697e+01
-2.892376646116359851e+01
-2.912136784152705005e+01
-2.931896922189050159e+01
-2.951657060225395313e+01
-2.971417198261740467e+01
-2.984621227432923618e+01
-2.993844161280436467e+01
-3.000666608558774229e+01
-3.006045645455074933e+01
-3.010557760416008222e+01
-3.015069875376941511e+01
-3.019581990337874799e+01
-3.024094105298808088e+01
-3.035273967229983327e+01
-3.050419810528636333e+01
-3.067927515434894659e+01
-3.086844830927202921e+01
-3.106604968963548075e+01
-3.126365106999893229e+01
-3.146125245036238383e+01
-3.165885383072583537e+01
-3.179089412243766688e+01
-3.188312346091279537e+01
-3.195134793369617299e+01
-3.200513830265918358e+01
-3.205025945226851292e+01
-3.209538060187784225e+01
-3.214050175148717159e+01
-3.218562290109650093e+01
-3.223074405070583026e+01
-3.227586520031515960e+01
-3.232098634992448893e+01
-3.236610749953381827e+01
-3.241122864914314761e+01
-3.245634979875247694e+01
-3.250147094836180628e+01
-3.254659209797113562e+01
-3.259171324758046495e+01
-3.263683439718979429e+01
-3.268195554679912362e+01
-3.272707669640845296e+01
-3.277219784601778230e+01
-3.281731899562711163e+01
-3.286244014523644097e+01
-3.290756129484577031e+01
-3.295268244445509964e+01
-3.299780359406442898e+01
-3.304292474367375831e+01
-3.308804589328308765e+01
-3.313316704289241699e+01
-3.317828819250174632e+01
-3.322340934211107566e+01
-3.326853049172040500e+01
-3.331365164132973433e+01
-3.335877279093906367e+01
-3.340389394054839300e+01
-3.344901509015772234e+01
-3.349413623976705168e+01
-3.353925738937638101e+01
-3.358437853898571035e+01
-3.362949968859503969e+01
-3.367462083820436902e+01
-3.371974198781369836e+01
-3.376486313742302769e+01
-3.380998428703235703e+01
-3.385510543664168637e+01
-3.390022658625101570e+01
-3.394534773586034504e+01
-3.399046888546967438e+01
-3.403559003507900371e+01
-3.408071118468833305e+01
-3.412583233429766238e+01
-3.417095348390699172e+01
-3.421607463351632106e+01
-3.426119578312565039e+01
-3.430631693273497973e+01
-3.435143808234430907e+01
-3.439655923195363840e+01
-3.444168038156296774e+01
-3.448680153117229708e+01
-3.453192268078162641e+01
-3.457704383039095575e+01
-3.462216498000028508e+01
-3.466728612960961442e+01
-3.471240727921894376e+01
-3.475752842882827309e+01
-3.480264957843760243e+01
-3.484777072804693177e+01
-3.489289187765626110e+01
-3.493801302726559044e+01
-3.498313417687491977e+01
-3.502825532648424911e+01
-3.507337647609357845e+01
-3.505150366353787916e+01
-3.498947804811980689e+01
-3.490342948039040749e+01
-3.480300331158971261e+01
-3.469396606541953076e+01
-3.458492881924934892e+01
-3.447589157307916707e+01
-3.436685432690898523e+01
-3.432451706640709688e+01
-3.432237240833144654e+01
-3.434435241363505043e+01
-3.438079902497476326e+01
-3.442592017458409259e+01
-3.447104132419342193e+01
-3.451616247380275126e+01
-3.456128362341208060e+01
-3.453941081085638132e+01
-3.447738519543830904e+01
-3.439133662770890965e+01
-3.429091045890821476e+01
-3.418187321273803292e+01
-3.407283596656785107e+01
-3.396379872039766923e+01
-3.385476147422748738e+01
-3.374572422805730554e+01
-3.363668698188712369e+01
-3.352764973571694185e+01
-3.341861248954676000e+01
-3.330957524337657816e+01
-3.320053799720639631e+01
-3.309150075103621447e+01
-3.298246350486603262e+01
-3.287342625869585078e+01
-3.276438901252566893e+01
-3.265535176635548709e+01
-3.254631452018530524e+01
-3.243727727401512340e+01
-3.232824002784494155e+01
-3.221920278167475971e+01
-3.211016553550457786e+01
-3.200112828933439602e+01
-3.189209104316421417e+01
-3.178305379699403233e+01
-3.167401655082385048e+01
-3.156497930465366863e+01
-3.145594205848348679e+01
-3.134690481231330494e+01
-3.123786756614312310e+01
-3.112883031997294125e+01
-3.101979307380275941e+01
-3.091075582763257756e+01
-3.080171858146239572e+01
-3.069268133529221387e+01
-3.058364408912203203e+01
-3.047460684295185018e+01
-3.036556959678166834e+01
-3.025653235061148649e+01
-3.014749510444130465e+01
-3.003845785827112280e+01
-2.992942061210094096e+01
-2.982038336593075911e+01
-2.971134611976057727e+01
-2.960230887359039542e+01
-2.949327162742021358e+01
-2.938423438125003173e+01
-2.927519713507984989e+01
-2.916615988890966804e+01
-2.905712264273948620e+01
-2.894808539656930435e+01
-2.883904815039912251e+01
-2.873001090422894066e+01
-2.862097365805875882e+01
-2.851193641188857697e+01
-2.840289916571839512e+01
-2.829386191954821328e+01
-2.818482467337803143e+01
-2.807578742720784959e+01
-2.796675018103766774e+01
-2.785771293486748590e+01
-2.774867568869730405e+01
-2.757370327484010275e+01
-2.735972958865069415e+01
-2.712260833541052918e+01
-2.687170072171444701e+01
-2.661256043949233785e+01
-2.635342015727022869e+01
-2.609427987504811952e+01
-2.583513959282601036e+01
-2.564024107794578811e+01
-2.548457309384509273e+01
-2.535263856566532326e+01
-2.523500309552039056e+01
-2.512596584935020871e+01
-2.501692860318002687e+01
-2.490789135700984502e+01
-2.479885411083966318e+01
-2.462388169698246188e+01
-2.440990801079305328e+01
-2.417278675755288830e+01
-2.392187914385680614e+01
-2.366273886163469697e+01
-2.340359857941258781e+01
-2.314445829719047865e+01
-2.288531801496836948e+01
-2.262617773274626032e+01
-2.236703745052415115e+01
-2.210789716830204199e+01
-2.184875688607993283e+01
-2.158961660385782366e+01
-2.133047632163571450e+01
-2.107133603941360533e+01
-2.081219575719149617e+01
-2.055305547496938701e+01
-2.029391519274727784e+01
-2.003477491052516868e+01
-1.977563462830305951e+01
-1.951649434608095035e+01
-1.925735406385884119e+01
-1.899821378163673202e+01
-1.873907349941462286e+01
-1.847993321719251369e+01
-1.822079293497040453e+01
-1.796165265274829537e+01
-1.770251237052618620e+01
-1.744337208830407704e+01
-1.718423180608196787e+01
-1.692509152385985871e+01
-1.666595124163774955e+01
-1.640681095941564038e+01
-1.614767067719353122e+01
-1.588853039497142383e+01
-1.562939011274931644e+01
-1.537024983052720906e+01
-1.511110954830510167e+01
-1.485196926608299428e+01
-1.459282898386088689e+01
-1.433368870163877951e+01
-1.407454841941667212e+01
-1.381540813719456473e+01
-1.355626785497245734e+01
-1.329712757275034996e+01
-1.303798729052824257e+01
-1.277884700830613518e+01
-1.251970672608402779e+01
-1.226056644386192040e+01
-1.200142616163981302e+01
-1.174228587941770563e+01
-1.148314559719559824e+01
-1.122400531497349085e+01
-1.096486503275138347e+01
-1.070572475052927608e+01
-1.044658446830716869e+01
-1.018744418608506130e+01
-9.928303903862953916e+00
-9.669163621640846529e+00
-9.410023339418739141e+00
-9.150883057196631754e+00
-8.891742774974524366e+00
-8.632602492752416978e+00
-8.373462210530309591e+00
-8.114321928308202203e+00
-7.855181646086094815e+00
-7.596041363863987428e+00
-7.336901081641880040e+00
-7.077760799419772653e+00
-6.818620517197665265e+00
-6.559480234975557877e+00
-6.300339952753450490e+00
-5.978775586178314505e+00
-5.620812029742756621e+00
-5.241437205695482326e+00
-4.849380010001025809e+00
-4.449774747540316433e+00
-4.050169485079607057e+00
-3.650564222618897681e+00
-3.250958960158188304e+00
-2.910747939524284789e+00
-2.607346299403701551e+00
-2.326404202938700649e+00
-2.059061799847057284e+00
-1.799921517624949896e+00
-1.540781235402842508e+00
-1.281640953180735121e+00
-1.022500670958627733e+00
-7.009363043834919704e-01
-3.429727479479340868e-01
3.640207609934020816e-02
4.284592717937964479e-01
8.280645342545057686e-01
1.227669796715215034e+00
1.627275059175924410e+00
2.026880321636633564e+00
2.426485584097342940e+00
2.826090846558052316e+00
3.225696109018761693e+00
3.625301371479471069e+00
4.024906633940180001e+00
4.424511896400889377e+00
4.824117158861598753e+00
5.223722421322308129e+00
5.623327683783017505e+00
6.022932946243726882e+00
6.422538208704436258e+00
6.822143471165145634e+00
7.221748733625855010e+00
7.621353996086564386e+00
8.020959258547273762e+00
8.420564521007982250e+00
8.820169783468690738e+00
9.219775045929399226e+00
9.619380308390107714e+00
1.001898557085081620e+01
1.041859083331152469e+01
1.081819609577223318e+01
1.121780135823294167e+01
1.161740662069365015e+01
1.201701188315435864e+01
1.241661714561506713e+01
1.281622240807577562e+01
1.321582767053648411e+01
1.361543293299719259e+01
1.401503819545790108e+01
1.441464345791860957e+01
1.481424872037931806e+01
1.521385398284002655e+01
1.561345924530073503e+01
1.601306450776144530e+01
1.641266977022215556e+01
1.681227503268286583e+01
1.721188029514357609e+01
1.761148555760428636e+01
1.801109082006499662e+01
1.841069608252570688e+01
1.881030134498641715e+01
1.920990660744712741e+01
1.960951186990783768e+01
2.000911713236854794e+01
2.040872239482925821e+01
2.080832765728996847e+01
2.120793291975067874e+01
2.160753818221138900e+01
2.200714344467209926e+01
2.240674870713280953e+01
2.280635396959351979e+01
2.320595923205423006e+01
2.360556449451494032e+01
2.400516975697565059e+01
2.440477501943636085e+01
2.480438028189707111e+01
2.520398554435778138e+01
2.560359080681849164e+01
2.600319606927920191e+01
2.640280133173991217e+01
2.680240659420062244e+01
2.720201185666133270e+01
2.760161711912204296e+01
2.805781367945347426e+01
2.854645357299213870e+01
2.905397209771370015e+01
2.957259731710260198e+01
3.009780527058207866e+01
3.062301322406155535e+01
3.114822117754103203e+01
3.167342913102050872e+01
3.214629938414211807e+01
3.258615043718359772e+01
3.300565118375398299e+01
3.341275740720416820e+01
3.381236266966487847e+01
3.421196793212558873e+01
3.461157319458629900e+01
3.501117845704700926e+01
3.546737501737844411e+01
3.595601491091710500e+01
3.646353343563866645e+01
3.698215865502756827e+01
3.750736660850704851e+01
3.803257456198652875e+01
3.855778251546600899e+01
3.908299046894548923e+01
3.960819842242496946e+01
4.013340637590444970e+01
4.065861432938392994e+01
4.118382228286341018e+01
4.170903023634289042e+01
4.223423818982237066e+01
4.275944614330185090e+01
4.328465409678133113e+01
4.380986205026081137e+01
4.433507000374029161e+01
4.486027795721977185e+01
4.538548591069925209e+01
4.591069386417873233e+01
4.643590181765821256e+01
4.696110977113769280e+01
4.748631772461717304e+01
4.801152567809665328e+01
4.853673363157613352e+01
4.906194158505561376e+01
4.958714953853509400e+01
5.011235749201457423e+01
5.063756544549405447e+01
5.116277339897353471e+01
5.168798135245301495e+01
5.221318930593249519e+01
5.273839725941197543e+01
5.326360521289145566e+01
5.378881316637093590e+01
5.431402111985041614e+01
5.483922907332989638e+01
5.536443702680937662e+01
5.588964498028885686e+01
5.641485293376833710e+01
5.694006088724781733e+01
5.746526884072729757e+01
5.799047679420677781e+01
5.851568474768625805e+01
5.904089270116573829e+01
5.956610065464521853e+01
6.009130860812469876e+01
6.061651656160417900e+01
6.114172451508365924e+01
6.166693246856313948e+01
6.219214042204261972e+01
6.271734837552209996e+01
6.324255632900158020e+01
6.376776428248106043e+01
6.429297223596053357e+01
6.481818018944001381e+01
6.534338814291949404e+01
6.586859609639897428e+01
6.639380404987845452e+01
6.691901200335793476e+01
6.744421995683741500e+01
6.796942791031689524e+01
6.849463586379637547e+01
6.901984381727585571e+01
6.954505177075533595e+01
7.007025972423481619e+01
7.059546767771429643e+01
7.112067563119377667e+01
7.164588358467325691e+01
7.217109153815273714e+01
7.269629949163221738e+01
7.322150744511169762e+01
7.374671539859117786e+01
7.427192335207065810e+01
7.479713130555013834e+01
7.532233925902961857e+01
7.584754721250909881e+01
7.637275516598857905e+01
7.689796311946805929e+01
7.742317107294753953e+01
7.794837902642701977e+01
7.847358697990650001e+01
7.899879493338598024e+01
7.952400288686546048e+01
8.004921084034494072e+01
8.057441879382442096e+01
8.109962674730390120e+01
8.162483470078338144e+01
8.215004265426286167e+01
8.267525060774234191e+01
8.320045856122182215e+01
8.372566651470130239e+01
8.425087446818078263e+01
8.477608242166026287e+01
8.530129037513974311e+01
8.587515207233991532e+01
8.647629459981922651e+01
8.709308097995621267e+01
8.771898529285932966e+01
8.835026217932571058e+01
8.898153906579209149e+01
8.961281595225847241e+01
9.024409283872485332e+01
9.083203513235859816e+01
9.139197647050644946e+01
9.193443361663858582e+01
9.246616239228968936e+01
9.299137034576916960e+01
9.351657829924864984e+01
9.404178625272813008e+01
9.456699420620761032e+01
9.514085590340778253e+01
9.574199843088709372e+01
9.635878481102407989e+01
9.698468912392719687e+01
9.761596601039357779e+01
9.824724289685995871e+01
9.887851978332633962e+01
9.950979666979272054e+01
1.000977389634264654e+02
1.006576803015743167e+02
1.012001374477064530e+02
1.017318662233575566e+02
1.022570741768370368e+02
1.027822821303165171e+02
1.033074900837959973e+02
1.038326980372754775e+02
1.044065597344756497e+02
1.050077022619549609e+02
1.056244886420919471e+02
1.062503929549950641e+02
1.068816698414614450e+02
1.075129467279278259e+02
1.081442236143942068e+02
1.087755005008605877e+02
1.094067773873269687e+02
1.100380542737933496e+02
1.106693311602597305e+02
1.113006080467261114e+02
1.119318849331924923e+02
1.125631618196588732e+02
1.131944387061252542e+02
1.138257155925916351e+02
1.144569924790580160e+02
1.150882693655243969e+02
1.157195462519907778e+02
1.163508231384571587e+02
1.169821000249235396e+02
1.176133769113899206e+02
1.182446537978563015e+02
1.188759306843226824e+02
1.195072075707890633e+02
1.201384844572554442e+02
1.207697613437218251e+02
1.214010382301882061e+02
1.220323151166545870e+02
1.226635920031209679e+02
1.232948688895873488e+02
1.239261457760537297e+02
1.245574226625201106e+02
1.251886995489864915e+02
1.258199764354528725e+02
1.264512533219192534e+02
1.270825302083856343e+02
1.277138070948520152e+02
1.283450839813183961e+02
1.289763608677847628e+02
1.296076377542511295e+02
1.302389146407174962e+02
1.308701915271838629e+02
1.315014684136502296e+02
1.321327453001165964e+02
1.327640221865829631e+02
1.333952990730493298e+02
1.340265759595156965e+02
1.346578528459820632e+02
1.352891297324484299e+02
1.359204066189147966e+02
1.365516835053811633e+02
1.371829603918475300e+02
1.378142372783138967e+02
1.384455141647802634e+02
1.390767910512466301e+02
1.397080679377129968e+02
1.403393448241793635e+02
1.409706217106457302e+02
1.416018985971120969e+02
1.422331754835784636e+02
1.428644523700448303e+02
1.434957292565111970e+02
1.441270061429775637e+02
1.447582830294439304e+02
1.453895599159102971e+02
1.460208368023766639e+02
1.466521136888430306e+02
1.472833905753093973e+02
1.479146674617757640e+02
1.485459443482421307e+02
1.491772212347084974e+02
1.498084981211748641e+02
1.504397750076412308e+02
1.510710518941075975e+02
1.517023287805739642e+02
1.523336056670403309e+02
1.529648825535066976e+02
1.535961594399730643e+02
1.542274363264394310e+02
1.548587132129057977e+02
1.554899900993721644e+02
1.561212669858385311e+02
1.567525438723048978e+02
1.573838207587712645e+02
1.580150976452376312e+02
1.586463745317039979e+02
1.592776514181703646e+02
1.599089283046367314e+02
1.605402051911030981e+02
1.611714820775694648e+02
1.618027589640358315e+02
1.624340358505021982e+02
1.630653127369685649e+02
1.636965896234349316e+02
1.643278665099012983e+02
1.649591433963676650e+02
1.655904202828340317e+02
1.662216971693003984e+02
1.668529740557667651e+02
1.674842509422331318e+02
1.681155278286994985e+02
1.687468047151658652e+02
1.693780816016322319e+02
1.700093584880985986e+02
1.706406353745649653e+02
1.712719122610313320e+02
1.719031891474976987e+02
1.725344660339640654e+02
1.731657429204304322e+02
1.737970198068967989e+02
1.744282966933631656e+02
1.750595735798295323e+02
1.756908504662958990e+02
1.763221273527622657e+02
1.769534042392286324e+02
1.775846811256949991e+02
1.782159580121613658e+02
1.788472348986277325e+02
1.794785117850940992e+02
1.801486953103600683e+02
1.808399825227111535e+02
1.815430969763597773e+02
1.822530014828321328e+02
1.829668685832948540e+02
1.836807356837575753e+02
