1.089200000000000000e+04
1.088600000000000000e+04
1.088000032445436409e+04
1.087399597800067568e+04
1.086500000000000000e+04
1.085900000000000000e+04
1.085299911996602896e+04
1.084700141601333962e+04
1.084100000000000000e+04
1.083500000000000000e+04
1.082899891837709220e+04
1.082300036195634129e+04
1.081400000000000000e+04
1.080800000000000000e+04
1.080200120387980132e+04
1.079600582710184608e+04
1.079000000000000000e+04
1.078400000000000000e+04
1.077799752637180427e+04
1.077199281164417152e+04
1.076300097656250000e+04
1.075700097656250000e+04
1.075100145619119940e+04
1.074501246919428741e+04
1.073900000000000000e+04
1.073300000000000000e+04
1.072699873066848522e+04
1.072100502117451651e+04
1.071200097656250000e+04
1.070600097656250000e+04
1.070000030115655500e+04
1.069399522247916684e+04
1.068800195312500000e+04
1.068200195312500000e+04
1.067599773157527852e+04
1.066998296177084558e+04
1.066100195312500000e+04
1.065500195312500000e+04
1.064900455560875162e+04
1.064301523731442830e+04
1.063400195312500000e+04
1.062800195312500000e+04
1.062201062223265035e+04
1.061599862633787234e+04
1.061000195312500000e+04
1.060400195312500000e+04
1.059799816059646400e+04
1.059200572411837129e+04
1.058300292968750000e+04
1.057700292968750000e+04
1.057099644963576611e+04
1.056501632429858728e+04
1.055900390625000000e+04
1.055300390625000000e+04
1.054699089570870092e+04
1.054095078684563123e+04
1.053200683593750000e+04
1.052600683593750000e+04
1.052000289070986582e+04
1.051387225014475371e+04
1.050800292968750000e+04
1.050200292968750000e+04
1.049597790198111761e+04
1.049008541287438675e+04
1.048100683593750000e+04
1.047500683593750000e+04
1.046898383039633700e+04
1.046306025870963640e+04
1.045700781250000000e+04
1.045100781250000000e+04
1.044501622240862707e+04
1.043891857643539879e+04
1.043000585937500000e+04
1.042400585937500000e+04
1.041799241099099709e+04
1.041202906443805114e+04
1.040300585937500000e+04
1.039700585937500000e+04
1.039098354073594965e+04
1.038498213566077175e+04
1.037601074218750000e+04
1.037001074218750000e+04
1.036398464007291295e+04
1.035801608296634004e+04
1.035200488281250000e+04
1.034600488281250000e+04
1.033995196972767553e+04
1.033396890719850671e+04
1.032502246093750000e+04
1.031902246093750000e+04
1.031300824706500316e+04
1.030702285755792764e+04
1.029802539062500000e+04
1.029202539062500000e+04
1.028605221271401933e+04
1.028007650944500347e+04
1.027402441406250000e+04
1.026802441406250000e+04
1.026202200713577622e+04
1.025603704050642227e+04
1.024702636718750000e+04
1.024102636718750000e+04
1.023500869610055634e+04
1.022902000135094750e+04
1.022303808593750000e+04
1.021703808593750000e+04
1.021103223185812021e+04
1.020536970711254617e+04
1.019603125000000000e+04
1.019003125000000000e+04
1.018403184239961047e+04
1.017808202460392204e+04
1.017203808593750000e+04
1.016603808593750000e+04
1.015997410882544500e+04
1.015390320352120580e+04
1.014506152343750000e+04
1.013906152343750000e+04
1.013300899692258099e+04
1.012699961734712269e+04
1.011807714843750000e+04
1.011207714843750000e+04
1.010610384891597460e+04
1.010005276538968610e+04
1.009407910156250000e+04
1.008807910156250000e+04
1.008209399832241070e+04
1.007618329715913933e+04
1.006707910156250000e+04
1.006107910156250000e+04
1.005505254102162326e+04
1.004896462185444216e+04
1.004307812500000000e+04
1.003707812500000000e+04
1.003108168646019476e+04
1.002499907175591579e+04
1.001609082031250000e+04
1.001009082031250000e+04
1.000417163293572048e+04
9.998334477714986861e+03
9.992085937500000000e+03
9.986085937500000000e+03
9.980160403059884629e+03
9.974249066766498800e+03
9.965106445312500000e+03
9.959106445312500000e+03
9.953072554478163511e+03
9.947190887666178241e+03
9.941126953125000000e+03
9.935126953125000000e+03
9.929139725724957316e+03
9.923294085675135648e+03
9.914137695312500000e+03
9.908137695312500000e+03
9.902171683932494489e+03
9.896150107917670539e+03
9.890117187500000000e+03
9.884117187500000000e+03
9.878106357980870598e+03
9.872297019928428199e+03
9.863156250000000000e+03
9.857156250000000000e+03
9.851205129107745961e+03
9.844719557631466159e+03
9.839152343750000000e+03
9.833152343750000000e+03
9.827107866959589956e+03
9.821095770657932007e+03
9.812169921875000000e+03
9.806169921875000000e+03
9.800157266828409774e+03
9.794031347757219919e+03
9.785183593750000000e+03
9.779183593750000000e+03
9.773167661863555622e+03
9.767454788277076659e+03
9.761198242187500000e+03
9.755198242187500000e+03
9.749287174035825956e+03
9.742844341419398916e+03
9.734193359375000000e+03
9.728193359375000000e+03
9.722193593394245909e+03
9.716319540675598546e+03
9.710214843750000000e+03
9.704214843750000000e+03
9.698260852943589271e+03
9.692538602459217145e+03
9.683218750000000000e+03
9.677218750000000000e+03
9.671301653848073329e+03
9.665733926668124695e+03
9.659207031250000000e+03
9.653207031250000000e+03
9.647272887527604325e+03
9.640915368972546275e+03
9.632204101562500000e+03
9.626204101562500000e+03
9.620086157643656406e+03
9.614277381822652387e+03
9.605246093750000000e+03
9.599246093750000000e+03
9.593387536271096906e+03
9.587445825618795425e+03
9.581211914062500000e+03
9.575211914062500000e+03
9.569565314324985593e+03
9.563786033682044945e+03
9.554259765625000000e+03
9.548259765625000000e+03
9.542428588435175698e+03
9.536681925775314085e+03
9.530297851562500000e+03
9.524297851562500000e+03
9.518467270496736091e+03
9.511960406355905434e+03
9.503352539062500000e+03
9.497352539062500000e+03
9.491343481905192675e+03
9.484835075759507163e+03
9.476364257812500000e+03
9.470364257812500000e+03
9.464454921748108973e+03
9.458463378846199703e+03
9.452449218750000000e+03
9.446449218750000000e+03
9.440317902207618317e+03
9.433392292623453613e+03
9.425440429687500000e+03
9.419440429687500000e+03
9.413742194097714673e+03
9.407392352552349621e+03
9.401544921875000000e+03
9.395544921875000000e+03
9.389522895535508724e+03
9.383805353021387418e+03
9.374630859375000000e+03
9.368630859375000000e+03
9.362663384375755413e+03
9.356739532638996025e+03
9.347567382812500000e+03
9.341567382812500000e+03
9.335430612179477976e+03
9.329096524138787572e+03
9.323583984375000000e+03
9.317583984375000000e+03
9.311516745667369833e+03
9.305385065997064885e+03
9.296525390625000000e+03
9.290525390625000000e+03
9.284867213056517357e+03
9.278362478172559349e+03
9.269581054687500000e+03
9.263581054687500000e+03
9.257453314046391824e+03
9.251485656481905608e+03
9.242715820312500000e+03
9.236715820312500000e+03
9.230716780406735779e+03
9.224883667646636241e+03
9.215723632812500000e+03
9.209723632812500000e+03
9.203801854009030649e+03
9.197788422015362812e+03
9.188728515625000000e+03
9.182728515625000000e+03
9.176598138703393488e+03
9.170145926055944074e+03
9.161747070312500000e+03
9.155747070312500000e+03
9.149990495635172920e+03
9.142956041523006206e+03
9.131743164062500000e+03
9.125743164062500000e+03
9.119873029660022439e+03
9.113076224672113312e+03
9.104706054687500000e+03
9.098706054687500000e+03
9.093153041250274327e+03
9.086596759663712874e+03
9.077761718750000000e+03
9.071761718750000000e+03
9.065975622516130898e+03
9.059220330799042131e+03
9.050826171875000000e+03
9.044826171875000000e+03
9.038756967859178985e+03
9.032041307982017315e+03
9.026827148437500000e+03
9.020827148437500000e+03
9.014790789792650685e+03
9.008463942320086062e+03
8.999960937500000000e+03
8.993960937500000000e+03
8.987949452852053582e+03
8.982297096792441153e+03
8.969961914062500000e+03
8.963961914062500000e+03
8.957981557025093934e+03
8.951948221509257564e+03
8.942978515625000000e+03
8.936978515625000000e+03
8.931209209206723244e+03
8.926133434176570518e+03
8.916027343750000000e+03
8.910027343750000000e+03
8.904055647114897511e+03
8.899460223817284714e+03
8.889007812500000000e+03
8.883007812500000000e+03
8.877012714430373308e+03
8.872892228354086910e+03
8.861977539062500000e+03
8.855977539062500000e+03
8.849974695773127678e+03
8.843382000377770964e+03
8.832099609375000000e+03
8.826099609375000000e+03
8.819810608378564211e+03
8.813702249820060388e+03
8.805122070312500000e+03
8.799122070312500000e+03
8.792403043580236044e+03
8.784048115677693204e+03
8.778183593750000000e+03
8.772183593750000000e+03
8.766424552684460650e+03
8.757475721537444770e+03
8.751199218750000000e+03
8.745199218750000000e+03
8.739282442248459120e+03
8.734449400449704626e+03
8.727341796875000000e+03
8.721341796875000000e+03
8.715287662950686354e+03
8.706318918903834856e+03
8.700343750000000000e+03
8.694343750000000000e+03
8.687987841696709438e+03
8.683781946906545272e+03
8.673343750000000000e+03
8.667343750000000000e+03
8.661035663166640006e+03
8.654510199491616731e+03
8.646369140625000000e+03
8.640369140625000000e+03
8.634576329674027875e+03
8.625889766536864045e+03
8.622331054687500000e+03
8.616331054687500000e+03
8.610389846953792585e+03
8.605099410754683049e+03
8.592489257812500000e+03
8.586489257812500000e+03
8.579761531663312780e+03
8.569517901857654579e+03
8.565592773437500000e+03
8.559592773437500000e+03
8.552284188528403320e+03
8.544178587119820804e+03
8.538661132812500000e+03
8.532661132812500000e+03
8.525661810625919315e+03
8.516095752947603614e+03
8.508548828125000000e+03
8.502548828125000000e+03
8.496936853191895352e+03
8.490147858519327201e+03
8.481636718750000000e+03
8.475636718750000000e+03
8.469359029841434676e+03
8.463295112000516383e+03
8.457457031250000000e+03
8.451457031250000000e+03
8.445614652005489916e+03
8.438121268212784344e+03
8.430564453125000000e+03
8.424564453125000000e+03
8.420259771509669008e+03
8.406234901913843714e+03
8.403585937500000000e+03
8.397585937500000000e+03
8.392594380330257991e+03
8.381865798529324820e+03
8.376464843750000000e+03
8.370464843750000000e+03
8.364604239305530427e+03
8.358688692299250761e+03
8.352708984375000000e+03
8.346708984375000000e+03
8.340631545286365508e+03
8.334796008797575269e+03
8.325922851562500000e+03
8.319922851562500000e+03
8.315237444679110922e+03
8.298797547568941809e+03
8.299271484375000000e+03
8.293271484375000000e+03
8.286995489098784674e+03
8.280240394257716616e+03
8.268898437500000000e+03
8.262898437500000000e+03
8.256602041846019347e+03
8.249620276248702794e+03
8.242020507812500000e+03
8.236020507812500000e+03
8.231115701544611511e+03
8.223713353231052679e+03
8.215074218750000000e+03
8.209074218750000000e+03
8.203276142199951209e+03
8.197345682450732056e+03
8.188239257812500000e+03
8.182239257812500000e+03
8.174647178191687999e+03
8.168650806603062847e+03
8.160925292968750000e+03
8.154925292968750000e+03
8.150784023281551526e+03
8.150425550857854432e+03
8.136624511718750000e+03
8.130624511718750000e+03
8.125452501018200564e+03
8.119917016535672701e+03
8.109810546875000000e+03
8.103810546875000000e+03
8.097516468445941427e+03
8.092095532506401469e+03
8.083198730468750000e+03
8.077198730468750000e+03
8.069928829179322747e+03
8.061572469117520995e+03
8.056225097656250000e+03
8.050225097656250000e+03
8.041165732927922363e+03
8.038393956345649713e+03
8.029236816406250000e+03
8.023236816406250000e+03
8.015961415895304526e+03
8.003756663663105428e+03
8.002224609375000000e+03
7.996224609375000000e+03
7.989556728394522906e+03
7.982908144718953736e+03
7.974988281250000000e+03
7.968988281250000000e+03
7.962670182877486695e+03
7.958521369089959080e+03
7.948416992187500000e+03
7.942416992187500000e+03
7.937839345205223253e+03
7.929576998006862596e+03
7.924809082031250000e+03
7.918809082031250000e+03
7.914440732419062442e+03
7.894809853221391677e+03
7.897667968750000000e+03
7.891667968750000000e+03
7.885430629746817431e+03
7.877996817626604752e+03
7.870714843750000000e+03
7.864714843750000000e+03
7.856150462813767263e+03
7.847791864449466630e+03
7.844136230468750000e+03
7.838136230468750000e+03
7.832653247542346435e+03
7.825156670470882091e+03
7.820583007812500000e+03
7.814583007812500000e+03
7.809365801665214349e+03
7.797137649211638745e+03
7.793690917968750000e+03
7.787690917968750000e+03
7.780979838649713201e+03
7.771876898976934172e+03
7.766646484375000000e+03
7.760646484375000000e+03
7.756588187647340419e+03
7.744780210193222956e+03
7.739612304687500000e+03
7.733612304687500000e+03
7.725480355372284066e+03
7.718662432631035699e+03
7.712781738281250000e+03
7.706781738281250000e+03
7.697663925015473978e+03
7.686659481779240195e+03
7.689029296875000000e+03
7.683029296875000000e+03
7.680317336912231440e+03
7.676277819068788631e+03
7.661699218750000000e+03
7.655699218750000000e+03
7.651848548072604899e+03
7.627042807891839402e+03
7.634631347656250000e+03
7.628631347656250000e+03
7.621426909834700382e+03
7.606902119556569232e+03
7.607747070312500000e+03
7.601747070312500000e+03
7.599187354639892874e+03
7.591543837847216309e+03
7.580791992187500000e+03
7.574791992187500000e+03
7.567675996884233427e+03
7.563859432701457081e+03
7.556913574218750000e+03
7.550913574218750000e+03
7.545246227876505145e+03
7.538810542005228854e+03
7.529690917968750000e+03
7.523690917968750000e+03
7.520045654698371436e+03
7.514336907138434071e+03
7.503005859375000000e+03
7.497005859375000000e+03
7.486345853785354848e+03
7.474853069258473624e+03
7.476292480468750000e+03
7.470292480468750000e+03
7.464024083160832561e+03
7.455373515820109787e+03
7.449219726562500000e+03
7.443219726562500000e+03
7.438907052359004410e+03
7.444756898519296556e+03
7.425011230468750000e+03
7.419011230468750000e+03
7.416699452208704315e+03
7.411011729204786207e+03
7.398570312500000000e+03
7.392570312500000000e+03
7.386363030486422758e+03
7.356998102459587244e+03
7.371438964843750000e+03
7.365438964843750000e+03
7.361071419509356929e+03
7.352946237716188080e+03
7.344116210937500000e+03
7.338116210937500000e+03
7.331941208864544933e+03
7.324708917008495519e+03
7.319999023437500000e+03
7.313999023437500000e+03
7.309253843571043944e+03
7.294918698728117306e+03
7.293371582031250000e+03
7.287371582031250000e+03
7.279400126880163953e+03
7.282876569540537275e+03
7.266104492187500000e+03
7.260104492187500000e+03
7.254280492413548018e+03
7.240891481390500303e+03
7.236016601562500000e+03
7.230016601562500000e+03
7.223520356836761493e+03
7.216180326471197077e+03
7.208644531250000000e+03
7.202644531250000000e+03
7.191998396941603460e+03
7.180968622240674449e+03
7.178587890625000000e+03
7.172587890625000000e+03
7.166296368533051464e+03
7.159178431818380886e+03
7.148949218750000000e+03
7.142949218750000000e+03
7.136996989491350178e+03
7.139461987481401593e+03
7.121603515625000000e+03
7.115603515625000000e+03
7.109673795085585880e+03
7.093778320235714091e+03
7.094719238281250000e+03
7.088719238281250000e+03
7.081877611176391838e+03
7.065939219461287394e+03
7.067827636718750000e+03
7.061827636718750000e+03
7.057066329895376839e+03
7.042408104015375102e+03
7.040813964843750000e+03
7.034813964843750000e+03
7.029136941974134061e+03
7.024241216434765192e+03
7.016652343750000000e+03
7.010652343750000000e+03
7.004667421282780197e+03
6.989760114666666595e+03
6.990165039062500000e+03
6.984165039062500000e+03
6.979292275225107915e+03
6.954366888612476032e+03
6.963177246093750000e+03
6.957177246093750000e+03
6.943696431936607951e+03
6.937683011267406073e+03
6.936784667968750000e+03
6.930784667968750000e+03
6.926539512655318504e+03
6.909924132127014673e+03
6.909531738281250000e+03
6.903531738281250000e+03
6.898816397799996594e+03
6.864948817365959258e+03
6.882543945312500000e+03
6.876543945312500000e+03
6.870714058536003904e+03
6.853041041211517040e+03
6.855617187500000000e+03
6.849617187500000000e+03
6.844663993231270069e+03
6.837870057826963603e+03
6.832273437500000000e+03
6.826273437500000000e+03
6.820259350787146104e+03
6.806987513781305097e+03
6.805674804687500000e+03
6.799674804687500000e+03
6.790335665153485934e+03
6.776095519313175828e+03
6.779455566406250000e+03
6.773455566406250000e+03
6.768575226825914797e+03
6.772204608633065618e+03
6.752937988281250000e+03
6.746937988281250000e+03
6.737469191221814981e+03
6.734911728180569298e+03
6.725682128906250000e+03
6.719682128906250000e+03
6.710788297081088785e+03
6.700075141914433516e+03
6.698580566406250000e+03
6.692580566406250000e+03
6.686058875398309283e+03
6.684471348253550786e+03
6.672111328125000000e+03
6.666111328125000000e+03
6.659309520677898036e+03
6.658424419719744037e+03
6.645470703125000000e+03
6.639470703125000000e+03
6.636898589376010932e+03
6.639418324074265911e+03
6.618842285156250000e+03
6.612842285156250000e+03
6.600276008265217570e+03
6.587547731059319631e+03
6.591851074218750000e+03
6.585851074218750000e+03
6.584070127451539520e+03
6.537071555880590495e+03
6.564341308593750000e+03
6.558341308593750000e+03
6.548837115080429612e+03
6.525871921382196888e+03
6.540610351562500000e+03
6.534610351562500000e+03
6.527515907598120066e+03
6.528496634140597052e+03
6.513931640625000000e+03
6.507931640625000000e+03
6.504005765930683083e+03
6.493555148404254396e+03
6.487739257812500000e+03
6.481739257812500000e+03
6.477186075903214260e+03
6.465250859364491589e+03
6.460211425781250000e+03
6.454211425781250000e+03
6.448005009411112042e+03
6.460802191601309460e+03
6.433712890625000000e+03
6.427712890625000000e+03
6.427852094615494934e+03
6.405737273163555074e+03
6.408749023437500000e+03
6.402749023437500000e+03
6.398098256141494858e+03
6.383045363373802502e+03
6.382156738281250000e+03
6.376156738281250000e+03
6.370965764129722629e+03
6.309908553493585714e+03
6.354989257812500000e+03
6.348989257812500000e+03
6.340375673591719533e+03
6.333662294884217772e+03
6.327720703125000000e+03
6.321720703125000000e+03
6.314793779485349660e+03
6.263205680721735916e+03
6.301368164062500000e+03
6.295368164062500000e+03
6.290335432464064979e+03
6.287310547755395419e+03
6.273963867187500000e+03
6.267963867187500000e+03
6.263385628545840518e+03
6.261006430247581193e+03
6.246925781250000000e+03
6.240925781250000000e+03
6.234945616405726469e+03
6.215779032642940365e+03
6.223229980468750000e+03
6.217229980468750000e+03
6.212205590658552865e+03
6.200675559647777845e+03
6.195766601562500000e+03
6.189766601562500000e+03
6.188498989277069086e+03
6.172687707197165764e+03
6.165814453125000000e+03
6.159814453125000000e+03
6.154460685743382783e+03
6.155646161407184991e+03
6.138928222656250000e+03
6.132928222656250000e+03
6.128099046492173329e+03
6.122291918799724044e+03
6.115005371093750000e+03
6.109005371093750000e+03
6.099849032411564622e+03
6.094334842187899085e+03
6.087714355468750000e+03
6.081714355468750000e+03
6.075616028542805907e+03
6.061796532439715520e+03
6.060254394531250000e+03
6.054254394531250000e+03
6.046534959741504281e+03
6.014715611278258621e+03
6.032799316406250000e+03
6.026799316406250000e+03
6.018526444338021975e+03
6.008891265040095277e+03
6.005386230468750000e+03
5.999386230468750000e+03
5.994262574251320075e+03
5.990033703867623444e+03
5.977706542968750000e+03
5.971706542968750000e+03
5.965582204353957422e+03
5.971246597213141285e+03
5.950224609375000000e+03
5.944224609375000000e+03
5.938342764786739281e+03
5.849440844838045450e+03
5.923263671875000000e+03
5.917263671875000000e+03
5.911208589150141052e+03
5.910120398497337192e+03
5.896145019531250000e+03
5.890145019531250000e+03
5.883018304932780666e+03
5.883815609873781796e+03
5.868778808593750000e+03
5.862778808593750000e+03
5.856787290991375812e+03
5.845850000293170524e+03
5.841476074218750000e+03
5.835476074218750000e+03
5.828515880117134657e+03
5.840647951896607992e+03
5.814300292968750000e+03
5.808300292968750000e+03
5.801406798137306396e+03
5.798376933367953825e+03
5.787032226562500000e+03
5.781032226562500000e+03
5.775241228198363387e+03
5.760775118325490439e+03
5.760891601562500000e+03
5.754891601562500000e+03
5.748264940773899980e+03
5.743369357380756810e+03
5.733763671875000000e+03
5.727763671875000000e+03
5.723666994899119345e+03
5.668678726362854832e+03
5.706428710937500000e+03
5.700428710937500000e+03
5.693954858620751111e+03
5.668084648656712488e+03
5.680225585937500000e+03
5.674225585937500000e+03
5.661243115403993215e+03
5.668626103382132897e+03
5.653283691406250000e+03
5.647283691406250000e+03
5.640252902852940679e+03
5.557736351984539397e+03
5.625983886718750000e+03
5.619983886718750000e+03
5.606017880837730445e+03
5.599819918401297400e+03
5.595546875000000000e+03
5.589546875000000000e+03
5.578604678493953543e+03
5.535848523741862664e+03
5.565701171875000000e+03
5.559701171875000000e+03
5.552751279300901842e+03
5.534233898094040342e+03
5.535497070312500000e+03
5.529497070312500000e+03
5.523900341201754600e+03
5.528292096049813154e+03
5.507616699218750000e+03
5.501616699218750000e+03
5.483414762644938492e+03
5.451669910923658790e+03
5.477585449218750000e+03
5.471585449218750000e+03
5.470045005021060206e+03
5.426220881053598532e+03
5.450649902343750000e+03
5.444649902343750000e+03
5.442772360455103808e+03
5.380366393634270025e+03
5.423148437500000000e+03
5.417148437500000000e+03
5.407919011938216499e+03
5.249089359099369176e+03
5.392978027343750000e+03
5.386978027343750000e+03
5.387517813752550865e+03
5.273889601064004637e+03
5.366366210937500000e+03
5.360366210937500000e+03
5.354429562965136029e+03
5.335454543841346094e+03
5.339178710937500000e+03
5.333178710937500000e+03
5.321974647972074308e+03
5.320094707458161793e+03
5.312853027343750000e+03
5.306853027343750000e+03
5.301140506796148657e+03
5.271665870267076571e+03
5.285620605468750000e+03
5.279620605468750000e+03
5.272154825453944795e+03
5.263841068003320288e+03
5.260733886718750000e+03
5.254733886718750000e+03
5.247217844003884238e+03
5.269961427768773319e+03
5.230157226562500000e+03
5.224157226562500000e+03
5.218754555944256026e+03
5.145748788323845474e+03
5.202875976562500000e+03
5.196875976562500000e+03
5.190387197043747619e+03
5.163991373921492595e+03
5.175774902343750000e+03
5.169774902343750000e+03
5.162204046824795114e+03
5.125858301806018062e+03
5.148528808593750000e+03
5.142528808593750000e+03
5.138284725664340840e+03
5.082367768655483815e+03
5.122169921875000000e+03
5.116169921875000000e+03
5.108948428640960628e+03
5.109050315104261244e+03
5.094839843750000000e+03
5.088839843750000000e+03
5.086818976169980488e+03
5.041024557567615375e+03
5.068693359375000000e+03
5.062693359375000000e+03
5.055074330053264021e+03
5.009566483231601524e+03
5.041762695312500000e+03
5.035762695312500000e+03
5.034562491818491253e+03
5.018858115268893926e+03
5.015317871093750000e+03
5.009317871093750000e+03
5.005341654797874071e+03
4.982154312240077161e+03
4.987186035156250000e+03
4.981186035156250000e+03
4.974872609542774626e+03
4.927124856581756831e+03
4.960385742187500000e+03
4.954385742187500000e+03
4.951972771560581350e+03
4.938037848601066798e+03
4.928959960937500000e+03
4.922959960937500000e+03
4.915147207323848306e+03
4.885604515054054900e+03
4.899709960937500000e+03
4.893709960937500000e+03
4.885327261534008358e+03
4.880622137243669385e+03
4.871935058593750000e+03
4.865935058593750000e+03
4.860309260793595968e+03
4.859601390533841368e+03
4.844783203125000000e+03
4.838783203125000000e+03
4.838895754929540090e+03
4.819675401283894644e+03
4.816920410156250000e+03
4.810920410156250000e+03
4.797642152196210191e+03
4.793521733165115620e+03
4.789040527343750000e+03
4.783040527343750000e+03
4.776515099040880159e+03
4.745053291115144930e+03
4.762291503906250000e+03
4.756291503906250000e+03
4.747809905203200287e+03
4.679408044758079086e+03
4.734051757812500000e+03
4.728051757812500000e+03
4.716729005460189001e+03
4.690635674194653802e+03
4.708190429687500000e+03
4.702190429687500000e+03
4.696324383188704815e+03
4.443729390198929650e+03
4.674336425781250000e+03
4.668336425781250000e+03
4.671273618653138328e+03
4.636214061828828562e+03
4.643112304687500000e+03
4.637112304687500000e+03
4.614350924064727224e+03
4.555333655126813028e+03
4.612721191406250000e+03
4.606721191406250000e+03
4.602763676945716725e+03
4.559282071490121780e+03
4.583369628906250000e+03
4.577369628906250000e+03
4.572486405289637332e+03
4.559493244115893503e+03
4.557239257812500000e+03
4.551239257812500000e+03
4.545668952057477327e+03
4.444933522323211037e+03
4.522851074218750000e+03
4.516851074218750000e+03
4.493074220416065145e+03
4.507967629839908113e+03
4.495067871093750000e+03
4.489067871093750000e+03
4.472681243198485390e+03
4.476893331459252295e+03
4.466614746093750000e+03
4.460614746093750000e+03
4.452276198245530395e+03
4.383412817690281372e+03
4.438291015625000000e+03
4.432291015625000000e+03
4.424730813045018294e+03
4.399984934498715120e+03
4.411762695312500000e+03
4.405762695312500000e+03
4.400598649257551187e+03
4.393026435987892910e+03
4.384175781250000000e+03
4.378175781250000000e+03
4.372369155813564248e+03
4.349738810705219294e+03
4.355507324218750000e+03
4.349507324218750000e+03
4.345262958989440449e+03
4.299435731657548786e+03
4.327846679687500000e+03
4.321846679687500000e+03
4.315973992549120339e+03
4.298130503587545718e+03
4.296541015625000000e+03
4.290541015625000000e+03
4.277553689124456469e+03
4.173868229635882017e+03
4.269402832031250000e+03
4.263402832031250000e+03
4.256222653351892404e+03
4.298333405219207634e+03
4.240934570312500000e+03
4.234934570312500000e+03
4.229180164481333122e+03
4.201842801946645523e+03
4.212607421875000000e+03
4.206607421875000000e+03
4.194524442958539112e+03
4.143427051470803235e+03
4.185566406250000000e+03
4.179566406250000000e+03
4.175042735901542983e+03
4.157551621457669171e+03
4.154884765625000000e+03
4.148884765625000000e+03
4.138727548968516203e+03
4.090595393886377678e+03
4.129722656250000000e+03
4.123722656250000000e+03
4.119758641706401249e+03
4.128682924190517952e+03
4.102874023437500000e+03
4.096874023437500000e+03
4.090147176394105372e+03
4.077674845364124849e+03
4.075756103515625000e+03
4.069756103515625000e+03
4.063818979314300122e+03
4.076302569898670754e+03
4.050366210937500000e+03
4.044366210937500000e+03
4.034312187024361265e+03
4.023136918502129902e+03
4.020714843750000000e+03
4.014714843750000000e+03
4.008477266131211309e+03
3.969400453654131979e+03
3.991899169921875000e+03
3.985899169921875000e+03
3.980697956779369179e+03
3.924612185698860230e+03
3.965819580078125000e+03
3.959819580078125000e+03
3.954014891455555244e+03
3.545392209469684531e+03
3.938324707031250000e+03
3.932324707031250000e+03
3.923921532427073998e+03
4.054612286589148425e+03
3.907851074218750000e+03
3.901851074218750000e+03
3.897788280234796730e+03
4.175270318778014371e+03
3.878102783203125000e+03
3.872102783203125000e+03
3.866032078729571367e+03
3.776836572599670944e+03
3.848621582031250000e+03
3.842621582031250000e+03
3.838453723295374857e+03
3.777344580165185107e+03
3.820804443359375000e+03
3.814804443359375000e+03
3.809003451114087056e+03
3.801340901777151885e+03
3.790946777343750000e+03
3.784946777343750000e+03
3.775680547788792865e+03
3.848454696352703195e+03
3.763145996093750000e+03
3.757145996093750000e+03
3.747993559889273001e+03
3.707138243595778022e+03
3.732385742187500000e+03
3.726385742187500000e+03
3.718224662044064189e+03
3.300429062792851710e+03
3.705138916015625000e+03
3.699138916015625000e+03
3.693102090119349668e+03
3.674386571757274851e+03
3.675759765625000000e+03
3.669759765625000000e+03
3.665156405165484102e+03
3.708011334309011545e+03
3.647730224609375000e+03
3.641730224609375000e+03
3.642718648561959981e+03
3.486904823099606801e+03
3.618983642578125000e+03
3.612983642578125000e+03
3.611845848378339724e+03
3.351665812322180500e+03
3.593932861328125000e+03
3.587932861328125000e+03
3.587648363508502371e+03
3.411645332367101219e+03
3.566825439453125000e+03
3.560825439453125000e+03
3.549331779094876765e+03
3.724735573540603582e+03
3.538268554687500000e+03
3.532268554687500000e+03
3.525667399276941069e+03
3.541717134063700087e+03
3.509166259765625000e+03
3.503166259765625000e+03
3.496459654125401812e+03
3.457218901821113377e+03
3.480824707031250000e+03
3.474824707031250000e+03
3.469594762798601550e+03
3.419115224660981767e+03
3.453689208984375000e+03
3.447689208984375000e+03
3.442777663324743116e+03
3.380512525295744126e+03
3.423841796875000000e+03
3.417841796875000000e+03
3.414640626159298790e+03
2.142269874765927852e+03
3.394092529296875000e+03
3.388092529296875000e+03
3.381684654981119820e+03
3.187266070260129254e+03
3.364783447265625000e+03
3.358783447265625000e+03
3.364272776196070481e+03
3.047199450273341881e+03
3.338372314453125000e+03
3.332372314453125000e+03
3.326222704737196182e+03
3.218717003125357223e+03
3.311677001953125000e+03
3.305677001953125000e+03
3.298275303546958639e+03
3.073529925587333764e+03
3.283637695312500000e+03
3.277637695312500000e+03
3.271012308501869938e+03
2.237353309721263486e+03
3.254763427734375000e+03
3.248763427734375000e+03
3.239465694820911722e+03
1.168231906705374968e+03
3.224955078125000000e+03
3.218955078125000000e+03
3.217319360735895316e+03
2.795014188419268976e+03
3.198841796875000000e+03
3.192841796875000000e+03
3.194218268609482038e+03
2.986635237821333703e+03
3.171790527343750000e+03
3.165790527343750000e+03
3.155585090476611640e+03
3.263744695743268949e+03
3.141413085937500000e+03
3.135413085937500000e+03
3.131853626503444502e+03
9.289544691106706159e+04
3.113624755859375000e+03
3.107624755859375000e+03
3.098354215689504144e+03
2.897301569944283983e+03
3.082499023437500000e+03
3.076499023437500000e+03
3.082687855933091214e+03
5.914413867626222782e+03
3.054836914062500000e+03
3.048836914062500000e+03
3.020643771063105305e+03
4.171858522614102185e+03
3.026309814453125000e+03
3.020309814453125000e+03
3.010950804005999089e+03
4.039758499879368173e+03
2.992311279296875000e+03
2.986311279296875000e+03
2.991319064716826688e+03
2.969736984111325910e+03
2.961055664062500000e+03
2.955055664062500000e+03
2.944720286668426979e+03
2.931878249745730045e+03
2.933193115234375000e+03
2.927193115234375000e+03
2.901274189583415591e+03
2.891636317323406274e+03
2.898485351562500000e+03
2.892485351562500000e+03
2.835110674341378399e+03
2.800441242383683857e+03
2.867837646484375000e+03
2.861837646484375000e+03
2.852395243876760105e+03
2.797865288887527640e+03
2.836350585937500000e+03
2.830350585937500000e+03
2.857399995994849633e+03
2.801349063167044733e+03
2.808262207031250000e+03
2.802262207031250000e+03
2.824619347936699342e+03
2.499668471462742673e+03
2.777126464843750000e+03
2.771126464843750000e+03
2.816914433445612758e+03
2.723691275168217999e+03
2.749151123046875000e+03
2.743151123046875000e+03
2.739233127523799794e+03
2.657591963405764545e+03
2.721862548828125000e+03
2.715862548828125000e+03
2.698202299531930294e+03
2.619961780782429742e+03
2.691312988281250000e+03
2.685312988281250000e+03
2.472387406415707574e+03
2.239801009193018217e+03
2.662781250000000000e+03
2.656781250000000000e+03
2.516150134248341601e+03
2.522149809492360873e+03
2.632340332031250000e+03
2.626340332031250000e+03
2.624114209130715608e+03
2.645681690017623168e+03
2.603009277343750000e+03
2.597009277343750000e+03
2.511345775695140674e+03
2.480636618991690284e+03
2.572160888671875000e+03
2.566160888671875000e+03
2.535184818485328833e+03
2.529262056920124905e+03
2.540753417968750000e+03
2.534753417968750000e+03
2.509752775577424927e+03
2.538862445228127399e+03
2.508978027343750000e+03
2.502978027343750000e+03
2.497209984936536330e+03
2.389906198972983475e+03
2.477270263671875000e+03
2.471270263671875000e+03
2.514423978741931023e+03
2.369216841093147195e+03
2.442694580078125000e+03
2.436694580078125000e+03
2.491998197431961216e+03
2.381284889083456164e+03
2.406388916015625000e+03
2.400388916015625000e+03
2.325437148637254722e+03
2.373751650657291066e+03
2.377572509765625000e+03
2.371572509765625000e+03
2.373893017967230662e+03
2.252982475907620028e+03
2.330492919921875000e+03
2.324492919921875000e+03
2.308630484918619004e+03
2.346542063005617365e+03
2.302943847656250000e+03
2.296943847656250000e+03
2.317156312465132942e+03
2.271248424978585263e+03
2.273911621093750000e+03
2.267911621093750000e+03
2.262226472759482022e+03
2.044833599042809055e+03
2.248792236328125000e+03
2.242792236328125000e+03
2.200011065247466831e+03
2.028352940227660611e+03
2.222451416015625000e+03
2.216451416015625000e+03
2.195715324071930809e+03
1.998712399622208295e+03
2.195125976562500000e+03
2.189125976562500000e+03
2.103991844511578620e+03
1.885500768989816606e+03
2.169782470703125000e+03
2.163782470703125000e+03
2.194942984192904078e+03
2.105770057781143350e+03
2.117451660156250000e+03
2.111451660156250000e+03
2.157556935205181617e+03
2.076432262844657544e+03
2.088985839843750000e+03
2.082985839843750000e+03
1.986526388346410386e+03
1.978257413076783678e+03
2.060263427734375000e+03
2.054263427734375000e+03
2.046134841527521075e+03
2.075336492359243039e+03
2.037987548828125000e+03
2.031987548828125000e+03
2.055994561282561335e+03
1.950552452409529678e+03
2.009105102539062500e+03
2.003105102539062500e+03
2.022813829301874875e+03
1.861482244337955308e+03
1.980775878906250000e+03
1.974775878906250000e+03
1.976341426477202731e+03
1.852881759563729929e+03
1.960736572265625000e+03
1.954736572265625000e+03
1.978867379953300770e+03
1.939635588529133429e+03
1.931126953125000000e+03
1.925126953125000000e+03
1.860508753702989225e+03
1.923422150457809266e+03
1.890299194335937500e+03
1.884299194335937500e+03
1.860863944434709765e+03
1.705732659760358729e+03
1.858694580078125000e+03
1.852694580078125000e+03
1.833743925150008408e+03
1.825409264666166109e+03
1.835499633789062500e+03
1.829499633789062500e+03
1.849065700704286883e+03
1.805835003410853687e+03
1.810116943359375000e+03
1.804116943359375000e+03
1.831977181520464455e+03
1.912198789973907424e+03
1.767249511718750000e+03
1.761249511718750000e+03
1.737269240994055508e+03
1.694579645480114777e+03
1.747392333984375000e+03
1.741392333984375000e+03
1.742798839499524775e+03
1.700807684553642730e+03
1.692286621093750000e+03
1.686286621093750000e+03
1.670442378856793539e+03
1.561784327343722452e+03
1.662189086914062500e+03
1.656189086914062500e+03
1.648017639620503815e+03
1.624598072662040977e+03
1.647483520507812500e+03
1.641483520507812500e+03
1.614015111985493832e+03
1.515355101647921401e+03
1.618720214843750000e+03
1.612720214843750000e+03
1.599325582256530879e+03
1.636174582316269152e+03
1.608492065429687500e+03
1.602492065429687500e+03
1.599590463503848241e+03
1.557878458411750898e+03
1.594189208984375000e+03
1.588189208984375000e+03
1.576741183136211475e+03
1.545516905573050281e+03
1.552648315429687500e+03
1.546648315429687500e+03
1.542845589248891429e+03
1.526929500254481582e+03
1.518540649414062500e+03
1.512540649414062500e+03
1.507800330680368688e+03
1.445721129318698786e+03
1.496280761718750000e+03
1.490280761718750000e+03
1.480013592402793847e+03
1.464507818197779670e+03
1.454215332031250000e+03
1.448215332031250000e+03
1.438421225056107460e+03
1.420072339060294553e+03
1.427129028320312500e+03
1.421129028320312500e+03
1.415207908223507275e+03
1.376808128744401074e+03
1.384682373046875000e+03
1.378682373046875000e+03
1.378519124751100662e+03
1.378801004423036602e+03
1.357095092773437500e+03
1.351095092773437500e+03
1.347308212836285975e+03
1.339990624887286003e+03
1.316889770507812500e+03
1.310889770507812500e+03
1.306234809633782334e+03
1.322112675967049427e+03
1.277529785156250000e+03
1.271529785156250000e+03
1.269999177439739697e+03
1.274139557247133098e+03
1.264763549804687500e+03
1.258763549804687500e+03
1.260809064199643217e+03
1.250886468794244138e+03
1.231220092773437500e+03
1.225220092773437500e+03
1.221899514262440107e+03
1.214882964400404489e+03
1.194422241210937500e+03
1.188422241210937500e+03
1.181349666485469243e+03
1.172808790723999664e+03
1.169925781250000000e+03
1.163925781250000000e+03
1.160200423516394949e+03
1.159008939569629774e+03
1.133835693359375000e+03
1.127835693359375000e+03
1.118717853287507978e+03
1.115057299416950855e+03
1.102172973632812500e+03
1.096172973632812500e+03
1.089696088930331825e+03
1.089388851487509783e+03
1.067014526367187500e+03
1.061014526367187500e+03
1.054590416671182538e+03
1.051880367189326535e+03
1.036777709960937500e+03
1.030777709960937500e+03
1.027934588296560605e+03
1.035408368163686191e+03
1.003785827636718750e+03
9.977858276367187500e+02
9.952066261845779991e+02
9.923795172259611945e+02
9.778577880859375000e+02
9.718577880859375000e+02
9.707238628550516069e+02
9.691972480881657930e+02
9.564794311523437500e+02
9.504794311523437500e+02
9.433829120714515284e+02
9.431998836909280044e+02
9.373565063476562500e+02
9.313565063476562500e+02
9.216683070462255500e+02
9.238622136663838091e+02
9.062959594726562500e+02
9.002959594726562500e+02
8.919476100179603009e+02
8.985190504121808317e+02
8.814462280273437500e+02
8.754462280273437500e+02
8.700009566390353939e+02
8.646158689838736109e+02
8.538117065429687500e+02
8.478117065429687500e+02
8.426439589348927939e+02
8.436032590186664493e+02
8.235484008789062500e+02
8.175484008789062500e+02
8.122680271037928605e+02
8.070841698366729133e+02
7.969986572265625000e+02
7.909986572265625000e+02
7.850137344350011972e+02
7.812366410188697046e+02
7.713581542968750000e+02
7.653581542968750000e+02
7.593119561294123514e+02
7.526858955931706987e+02
7.426251831054687500e+02
7.366251831054687500e+02
7.304340474727280252e+02
7.198692680362786405e+02
7.148682861328125000e+02
7.088682861328125000e+02
7.040956282909600077e+02
6.952559609836357595e+02
6.797418212890625000e+02
6.737418212890625000e+02
6.666328308862167660e+02
6.584264798952295905e+02
6.464458007812500000e+02
6.404458007812500000e+02
6.351808601114629482e+02
6.289924661251825455e+02
6.109638671875000000e+02
6.049638671875000000e+02
5.983872803774123668e+02
5.888505714902636328e+02
5.848681640625000000e+02
5.788681640625000000e+02
5.712657333339217303e+02
5.698256827715114241e+02
5.535408935546875000e+02
5.475408935546875000e+02
5.415587427223628083e+02
5.357903346847515422e+02
5.245142822265625000e+02
5.185142822265625000e+02
5.123871148594153055e+02
5.073084968688273193e+02
4.991319274902343750e+02
4.931319274902343750e+02
4.872131512344237763e+02
4.801923449329859181e+02
4.705477905273437500e+02
4.645477905273437500e+02
4.586138799625834963e+02
4.554660265625130364e+02
4.453998718261718750e+02
4.393998718261718750e+02
4.331449113084632927e+02
4.309621052739599349e+02
4.168415527343750000e+02
4.108415527343750000e+02
4.047087684732735511e+02
4.092328375698378977e+02
3.883981933593750000e+02
3.823981933593750000e+02
3.761170472748571001e+02
3.737590037894005945e+02
3.603579406738281250e+02
3.543579406738281250e+02
3.480604609692777558e+02
3.420918896801633196e+02
3.329622802734375000e+02
3.269622802734375000e+02
3.217313958114218053e+02
3.138375379650846639e+02
3.046388854980468750e+02
2.986388854980468750e+02
2.935176356323801770e+02
2.898275773858816819e+02
2.754497375488281250e+02
2.694497375488281250e+02
2.630896398798672635e+02
2.590473480831485062e+02
2.495071563720703125e+02
2.435071563720703125e+02
2.368662409183602620e+02
2.314114581317871284e+02
2.199267730712890625e+02
2.139267730712890625e+02
2.077995841585812684e+02
2.014397015904139607e+02
1.904329071044921875e+02
1.844329071044921875e+02
1.782386622154901090e+02
1.757921996131352103e+02
1.608007354736328125e+02
1.548007354736328125e+02
1.482449499062275322e+02
1.406767415609216130e+02
1.346461029052734375e+02
1.286461029052734375e+02
1.229843515128757758e+02
1.161765603567736349e+02
1.167059936523437500e+02
1.107059936523437500e+02
1.043219189422633661e+02
1.017304971042786690e+02
1.137395324707031250e+02
1.077395324707031250e+02
1.016370867534459705e+02
9.551515592530333265e+01
1.137395324707031250e+02
1.077395324707031250e+02
1.017240995612217347e+02
9.519677257790412739e+01
1.137395324707031250e+02
1.077395324707031250e+02
1.019634221489698547e+02
9.523562718756345191e+01
1.137395324707031250e+02
1.077395324707031250e+02
1.013016319099435520e+02
9.386000074986661446e+01
1.137395324707031250e+02
1.077395324707031250e+02
1.014462510137945230e+02
9.587194290312218925e+01
1.137395324707031250e+02
1.077395324707031250e+02
1.015412715356482920e+02
9.578514405448956381e+01
1.137395324707031250e+02
1.077395324707031250e+02
1.017926423084317520e+02
9.726476685618399642e+01
1.137395324707031250e+02
1.077395324707031250e+02
1.021316261110575709e+02
9.490543444234735659e+01
1.137395324707031250e+02
1.077395324707031250e+02
1.013495415276850338e+02
9.561959699117682021e+01
1.137395324707031250e+02
1.077395324707031250e+02
1.025961152258837217e+02
1.010259982890285073e+02
1.137395324707031250e+02
1.077395324707031250e+02
1.016507398581698567e+02
9.412691778530519571e+01
1.137395324707031250e+02
1.077395324707031250e+02
1.014784492494323018e+02
9.439015719471822763e+01
1.137395324707031250e+02
1.077395324707031250e+02
1.018718142061145215e+02
9.628217859214745999e+01
1.137395324707031250e+02
1.077395324707031250e+02
1.007347094315353502e+02
9.554054945719134651e+01
1.137395324707031250e+02
1.077395324707031250e+02
1.011640723442308882e+02
9.432702216936412754e+01
1.137395324707031250e+02
1.077395324707031250e+02
1.022637274860845196e+02
9.511459309481620039e+01
1.137395324707031250e+02
1.077395324707031250e+02
1.016217645172548174e+02
9.457109097768000083e+01
1.137395324707031250e+02
1.077395324707031250e+02
1.014913617903564926e+02
9.302922402921404910e+01
1.137395324707031250e+02
1.077395324707031250e+02
1.011246894009700981e+02
9.626425321893333376e+01
1.137395324707031250e+02
1.077395324707031250e+02
1.013118154689425978e+02
9.413967871078104110e+01
1.137395324707031250e+02
1.077395324707031250e+02
1.009466777269119575e+02
9.365360913123987530e+01
1.137395324707031250e+02
1.077395324707031250e+02
1.013256838673959663e+02
9.296672371037955429e+01
1.137395324707031250e+02
1.077395324707031250e+02
1.017543365752439826e+02
9.482263080113490616e+01
1.137395324707031250e+02
1.077395324707031250e+02
1.016636805845384970e+02
9.422945901332194296e+01
1.137395324707031250e+02
1.077395324707031250e+02
1.018065030394509023e+02
9.741236544220124927e+01
1.137395324707031250e+02
1.077395324707031250e+02
1.020375353729643280e+02
9.682002123610125466e+01
1.137395324707031250e+02
1.077395324707031250e+02
1.015774966830996391e+02
9.709110556556554172e+01
1.137395324707031250e+02
1.077395324707031250e+02
1.015063713493391475e+02
9.779164694614111397e+01
1.137395324707031250e+02
1.077395324707031250e+02
1.017643800181164409e+02
9.800996384896846791e+01
1.137395324707031250e+02
1.077395324707031250e+02
1.008566739753418915e+02
9.582871355065874752e+01
1.137395324707031250e+02
1.077395324707031250e+02
1.011963066718020343e+02
9.456893250321506628e+01
1.137395324707031250e+02
1.077395324707031250e+02
1.016549983694305865e+02
9.646876185209549703e+01
1.137395324707031250e+02
1.077395324707031250e+02
1.022914962921742443e+02
9.823503275703369297e+01
1.137395324707031250e+02
1.077395324707031250e+02
1.017033195005601414e+02
9.277873359171803713e+01
1.137395324707031250e+02
1.077395324707031250e+02
1.021676801188574757e+02
9.715761332809793771e+01
1.137395324707031250e+02
1.077395324707031250e+02
1.015510409958851454e+02
9.216599872211658351e+01
1.137395324707031250e+02
1.077395324707031250e+02
1.014563108670930092e+02
9.424232741517459999e+01
1.137395324707031250e+02
1.077395324707031250e+02
1.013734443348170515e+02
9.737616589064279538e+01
1.137395324707031250e+02
1.077395324707031250e+02
1.016483903230802213e+02
9.380608259469119048e+01
1.137395324707031250e+02
1.077395324707031250e+02
1.019167118102275253e+02
9.849708749406337915e+01
1.137395324707031250e+02
1.077395324707031250e+02
1.012246148716219949e+02
9.333949478302808700e+01
1.137395324707031250e+02
1.077395324707031250e+02
1.019376711563348437e+02
9.632109190418171352e+01
1.137395324707031250e+02
1.077395324707031250e+02
1.020109937969272380e+02
9.575638345847160338e+01
1.137395324707031250e+02
1.077395324707031250e+02
1.021898349667893484e+02
9.593269821527540842e+01
1.137395324707031250e+02
1.077395324707031250e+02
1.021366091783213363e+02
9.848645414823272404e+01
1.137395324707031250e+02
1.077395324707031250e+02
1.012814137153505953e+02
9.656759566414328333e+01
1.137395324707031250e+02
1.077395324707031250e+02
1.019621504143659081e+02
9.473757253869278827e+01
1.137395324707031250e+02
1.077395324707031250e+02
1.025567071044015677e+02
9.799767149154148171e+01
1.137395324707031250e+02
1.077395324707031250e+02
1.033354403218312996e+02
9.955636290691624879e+01
1.137395324707031250e+02
1.077395324707031250e+02
1.017862254750157689e+02
9.429245855962108180e+01
1.137395324707031250e+02
1.077395324707031250e+02
1.012875607991814917e+02
9.574469227006555627e+01
1.137395324707031250e+02
1.077395324707031250e+02
1.017382716282146760e+02
9.483259774156655908e+01
1.137395324707031250e+02
1.077395324707031250e+02
1.009880254268193340e+02
9.825808571909678335e+01
1.137395324707031250e+02
1.077395324707031250e+02
1.020230050951021070e+02
9.590197135867441602e+01
1.137395324707031250e+02
1.077395324707031250e+02
1.015808857391318156e+02
9.418307445369342190e+01
1.137395324707031250e+02
1.077395324707031250e+02
1.018478973123905575e+02
9.623747044350797353e+01
1.137395324707031250e+02
1.077395324707031250e+02
1.014350529737545514e+02
9.359139282848646246e+01
1.137395324707031250e+02
1.077395324707031250e+02
1.023392364924806373e+02
9.675985849607656064e+01
1.137395324707031250e+02
1.077395324707031250e+02
1.014624471939632286e+02
9.523237892875467026e+01
1.137395324707031250e+02
1.077395324707031250e+02
1.011605776052862069e+02
9.341157633956335360e+01
1.137395324707031250e+02
1.077395324707031250e+02
1.014929318492806800e+02
9.800666672267800550e+01
1.137395324707031250e+02
1.077395324707031250e+02
1.016556156658933503e+02
9.623501322814826153e+01
1.137395324707031250e+02
1.077395324707031250e+02
1.010586996648130054e+02
9.387380792458161238e+01
1.137395324707031250e+02
1.077395324707031250e+02
1.019324636919423455e+02
9.808742498757261785e+01
1.137395324707031250e+02
1.077395324707031250e+02
1.012258190906156585e+02
9.252555794821169854e+01
1.137395324707031250e+02
1.077395324707031250e+02
1.018666546820110028e+02
9.538749258209853110e+01
1.137395324707031250e+02
1.077395324707031250e+02
1.021390232395625901e+02
9.609147251603042150e+01
1.137395324707031250e+02
1.077395324707031250e+02
1.015136055232299555e+02
9.417232217831175944e+01
1.137395324707031250e+02
1.077395324707031250e+02
1.010012831543382106e+02
9.813367064308133081e+01
1.137395324707031250e+02
1.077395324707031250e+02
1.027541622904666809e+02
9.751664815173495526e+01
1.137395324707031250e+02
1.077395324707031250e+02
1.017833475749633152e+02
9.580527945470996087e+01
1.137395324707031250e+02
1.077395324707031250e+02
1.019618820626244542e+02
9.657254845978559388e+01
1.137395324707031250e+02
1.077395324707031250e+02
1.020551140900023910e+02
9.851043317732778348e+01
1.137395324707031250e+02
1.077395324707031250e+02
1.017340323223429266e+02
9.611399968140602823e+01
1.137395324707031250e+02
1.077395324707031250e+02
1.027466269201291311e+02
9.663011161067089461e+01
1.137395324707031250e+02
1.077395324707031250e+02
1.017939317478854662e+02
9.349550790506052067e+01
1.137395324707031250e+02
1.077395324707031250e+02
1.016997295392761913e+02
9.710460100194462996e+01
1.137395324707031250e+02
1.077395324707031250e+02
1.021641865432795271e+02
9.676741936110602182e+01
1.137395324707031250e+02
1.077395324707031250e+02
1.016998028022861718e+02
9.719488911183593416e+01
1.137395324707031250e+02
1.077395324707031250e+02
1.014204360996314023e+02
9.637686753213429824e+01
1.137395324707031250e+02
1.077395324707031250e+02
1.025228179904187442e+02
9.943670673944831151e+01
1.137395324707031250e+02
1.077395324707031250e+02
1.010715343663316332e+02
9.341851669017901827e+01
1.137395324707031250e+02
1.077395324707031250e+02
1.017262241666258262e+02
9.982686230745935063e+01
1.137395324707031250e+02
1.077395324707031250e+02
1.015483713305994371e+02
9.452313155879444651e+01
1.137395324707031250e+02
1.077395324707031250e+02
1.022429129292194432e+02
9.894571603669713511e+01
1.137395324707031250e+02
1.077395324707031250e+02
1.015796138331251939e+02
9.677447471227263520e+01
1.137395324707031250e+02
1.077395324707031250e+02
1.018391661344705597e+02
9.794766103839870652e+01
1.137395324707031250e+02
1.077395324707031250e+02
1.014985177743111961e+02
9.290216891175865044e+01
1.137395324707031250e+02
1.077395324707031250e+02
1.020635447977209935e+02
9.803706242776017632e+01
1.137395324707031250e+02
1.077395324707031250e+02
1.013473710600085127e+02
9.670435636883871666e+01
1.137395324707031250e+02
1.077395324707031250e+02
1.014478649503506773e+02
9.490652346923805283e+01
1.137395324707031250e+02
1.077395324707031250e+02
1.022020233190606007e+02
9.398522847776929723e+01
1.137395324707031250e+02
1.077395324707031250e+02
1.018913200336685776e+02
9.742622143906795884e+01
1.137395324707031250e+02
1.077395324707031250e+02
1.010967109100439245e+02
9.467932587345489992e+01
1.137395324707031250e+02
1.077395324707031250e+02
1.019235842188492569e+02
9.639196675929555624e+01
1.137395324707031250e+02
1.077395324707031250e+02
1.020620329989913841e+02
9.787399771841866425e+01
1.137395324707031250e+02
1.077395324707031250e+02
1.017806639376907611e+02
9.576310543923678154e+01
1.137395324707031250e+02
1.077395324707031250e+02
1.020543702753069368e+02
9.642200729931654735e+01
1.137395324707031250e+02
1.077395324707031250e+02
1.021068795537267704e+02
9.482692343913916488e+01
1.137395324707031250e+02
1.077395324707031250e+02
1.018278067846743795e+02
9.614553499820566174e+01
1.137395324707031250e+02
1.077395324707031250e+02
1.009044844349527068e+02
9.508357917867846254e+01
1.137395324707031250e+02
1.077395324707031250e+02
1.013539288316653426e+02
9.249342753725699140e+01
1.137395324707031250e+02
1.077395324707031250e+02
1.012504191386000372e+02
9.447707003590440422e+01
1.137395324707031250e+02
1.077395324707031250e+02
1.016235481655829886e+02
9.732225642787565789e+01
1.137395324707031250e+02
1.077395324707031250e+02
1.012796271349536568e+02
9.427737704239955008e+01
1.137395324707031250e+02
1.077395324707031250e+02
1.016905630548336319e+02
9.562461396011383385e+01
1.137395324707031250e+02
1.077395324707031250e+02
1.013062390575284013e+02
9.485862313294570924e+01
1.137395324707031250e+02
1.077395324707031250e+02
1.025669199060095877e+02
9.555285386145224891e+01
1.137395324707031250e+02
1.077395324707031250e+02
1.013166484778201522e+02
9.719584876690008457e+01
1.137395324707031250e+02
1.077395324707031250e+02
1.026819425367578447e+02
9.913583694265739155e+01
1.137395324707031250e+02
1.077395324707031250e+02
1.015744142836126827e+02
9.731545258671511078e+01
1.137395324707031250e+02
1.077395324707031250e+02
1.026175344090414399e+02
9.971502231959514972e+01
1.137395324707031250e+02
1.077395324707031250e+02
1.024186678166836515e+02
9.957372061521093087e+01
1.137395324707031250e+02
1.077395324707031250e+02
1.022353941203475216e+02
9.565005351625040930e+01
1.137395324707031250e+02
1.077395324707031250e+02
1.018875284693231151e+02
9.691677295838415773e+01
1.137395324707031250e+02
1.077395324707031250e+02
1.012825418609258605e+02
9.795343532040263312e+01
1.137395324707031250e+02
1.077395324707031250e+02
1.024279524984730472e+02
9.956049533655803430e+01
1.137395324707031250e+02
1.077395324707031250e+02
1.012088076684493956e+02
9.326566844459013339e+01
1.137395324707031250e+02
1.077395324707031250e+02
1.013727283734716593e+02
9.594876449436672772e+01
1.137395324707031250e+02
1.077395324707031250e+02
1.020898128413345631e+02
9.837304812866105408e+01
1.137395324707031250e+02
1.077395324707031250e+02
1.008962571211601755e+02
9.330371479073025398e+01
1.137395324707031250e+02
1.077395324707031250e+02
1.020593485982642221e+02
9.595316144594313812e+01
1.137395324707031250e+02
1.077395324707031250e+02
1.011094792108159908e+02
9.455548321360292618e+01
1.137395324707031250e+02
1.077395324707031250e+02
1.020928611091818965e+02
9.773735394814335109e+01
1.137395324707031250e+02
1.077395324707031250e+02
1.015072744414619876e+02
9.515892675957518065e+01
1.137395324707031250e+02
1.077395324707031250e+02
1.013415816753422973e+02
9.561386332723721182e+01
1.137395324707031250e+02
1.077395324707031250e+02
1.018922362054889561e+02
9.508605933983737657e+01
1.137395324707031250e+02
1.077395324707031250e+02
1.011735963391092383e+02
9.371548696130530232e+01
1.137395324707031250e+02
1.077395324707031250e+02
1.015590849433757086e+02
9.491411692443853099e+01
1.137395324707031250e+02
1.077395324707031250e+02
1.010999152190203745e+02
9.347634845609393039e+01
1.137395324707031250e+02
1.077395324707031250e+02
1.019432332830011063e+02
9.415858408207766672e+01
1.137395324707031250e+02
1.077395324707031250e+02
1.015564331937469120e+02
9.321230478341588821e+01
1.137395324707031250e+02
1.077395324707031250e+02
1.023303608454315992e+02
9.694456812814699731e+01
1.137395324707031250e+02
1.077395324707031250e+02
1.017937212679528045e+02
9.562205309514375529e+01
1.137395324707031250e+02
1.077395324707031250e+02
1.023259962268038379e+02
9.571059253861338334e+01
1.137395324707031250e+02
1.077395324707031250e+02
1.018969965550222696e+02
9.453986325191345941e+01
1.137395324707031250e+02
1.077395324707031250e+02
1.014690211213957554e+02
9.734800651254877835e+01
1.137395324707031250e+02
1.077395324707031250e+02
1.021532457375715097e+02
9.805124000838532083e+01
1.137395324707031250e+02
1.077395324707031250e+02
1.015781527629124525e+02
9.282421858582858931e+01
1.137395324707031250e+02
1.077395324707031250e+02
1.018347734241384757e+02
9.524100068897777760e+01
1.137395324707031250e+02
1.077395324707031250e+02
1.018573769671573785e+02
9.382229509048362104e+01
1.137395324707031250e+02
1.077395324707031250e+02
1.026195244524984957e+02
9.836511685927374060e+01
1.137395324707031250e+02
1.077395324707031250e+02
1.018150325543760886e+02
9.835323171063193115e+01
1.137395324707031250e+02
1.077395324707031250e+02
1.010867255575605554e+02
9.629855186957846058e+01
1.137395324707031250e+02
1.077395324707031250e+02
1.011227021268762343e+02
9.393780029790421793e+01
1.137395324707031250e+02
1.077395324707031250e+02
1.017016924890494209e+02
9.407391348617302640e+01
1.137395324707031250e+02
1.077395324707031250e+02
1.017851265357191721e+02
9.326786037785572603e+01
1.137395324707031250e+02
1.077395324707031250e+02
1.017707614704147261e+02
9.519755069405371728e+01
1.137395324707031250e+02
1.077395324707031250e+02
1.012238369198979910e+02
9.298138881439315639e+01
1.137395324707031250e+02
1.077395324707031250e+02
1.022699603590700974e+02
9.660640496942531286e+01
1.137395324707031250e+02
1.077395324707031250e+02
1.021066870383570802e+02
9.680046663373545357e+01
1.137395324707031250e+02
1.077395324707031250e+02
1.016569461698106664e+02
9.738881855341885796e+01
1.137395324707031250e+02
1.077395324707031250e+02
1.015606401393270346e+02
9.367699439832124142e+01
1.137395324707031250e+02
1.077395324707031250e+02
1.013355229090089722e+02
9.540495754421748131e+01
1.137395324707031250e+02
1.077395324707031250e+02
1.018509765844969479e+02
9.528171029005518733e+01
1.137395324707031250e+02
1.077395324707031250e+02
1.013122732163897126e+02
9.396550657816280250e+01
1.137395324707031250e+02
1.077395324707031250e+02
1.015841432351136717e+02
9.577692509937138254e+01
1.137395324707031250e+02
1.077395324707031250e+02
1.020584861894748627e+02
9.990037535070742081e+01
1.137395324707031250e+02
1.077395324707031250e+02
1.021437870470194298e+02
9.981046389678370190e+01
1.137395324707031250e+02
1.077395324707031250e+02
1.021160745731983752e+02
9.938717284797446894e+01
1.137395324707031250e+02
1.077395324707031250e+02
1.018818157272484086e+02
9.696787836669994931e+01
1.137395324707031250e+02
1.077395324707031250e+02
1.014949542471962900e+02
9.382708171038751743e+01
1.137395324707031250e+02
1.077395324707031250e+02
1.016738623369696484e+02
9.666924173166621870e+01
1.137395324707031250e+02
1.077395324707031250e+02
1.008848334006766549e+02
9.532073721404184141e+01
1.137395324707031250e+02
1.077395324707031250e+02
1.016025091995655458e+02
9.433156757706554174e+01
1.137395324707031250e+02
1.077395324707031250e+02
1.012557251639396156e+02
9.432262740633105125e+01
1.137395324707031250e+02
1.077395324707031250e+02
1.012631925065063854e+02
9.877833079414081396e+01
1.137395324707031250e+02
1.077395324707031250e+02
1.022807193856657761e+02
9.787211310620646998e+01
1.137395324707031250e+02
1.077395324707031250e+02
1.025919892282776829e+02
9.601173521685201706e+01
1.137395324707031250e+02
1.077395324707031250e+02
1.017504271679545127e+02
9.761678206550973869e+01
1.137395324707031250e+02
1.077395324707031250e+02
1.015345471381232301e+02
9.721219808629227543e+01
1.137395324707031250e+02
1.077395324707031250e+02
1.014204225210960573e+02
9.325982712175019174e+01
1.137395324707031250e+02
1.077395324707031250e+02
1.025125891081403608e+02
9.572443145027833111e+01
1.137395324707031250e+02
1.077395324707031250e+02
1.016333221272789160e+02
9.681827127470248229e+01
1.137395324707031250e+02
1.077395324707031250e+02
1.015788627186703792e+02
9.811171821214189492e+01
1.137395324707031250e+02
1.077395324707031250e+02
1.018759816691654123e+02
9.334803851045249701e+01
1.137395324707031250e+02
1.077395324707031250e+02
1.017088615886781895e+02
9.510424526209159524e+01
1.137395324707031250e+02
1.077395324707031250e+02
1.013498959055048232e+02
9.445456391037156152e+01
1.137395324707031250e+02
1.077395324707031250e+02
1.019785321056481706e+02
9.646468134400338101e+01
1.137395324707031250e+02
1.077395324707031250e+02
1.017605736885075629e+02
9.393711349453434423e+01
1.137395324707031250e+02
1.077395324707031250e+02
1.026050669551619876e+02
9.776624970046259477e+01
1.137395324707031250e+02
1.077395324707031250e+02
1.017203569744182516e+02
9.555292653093577826e+01
1.137395324707031250e+02
1.077395324707031250e+02
1.016964554536526464e+02
9.450308926773013241e+01
1.137395324707031250e+02
1.077395324707031250e+02
1.017901071377507947e+02
9.665880718277539074e+01
1.137395324707031250e+02
1.077395324707031250e+02
1.015738881298669583e+02
9.642481437556342883e+01
1.137395324707031250e+02
1.077395324707031250e+02
1.024668280403531071e+02
9.702436507742591232e+01
1.137395324707031250e+02
1.077395324707031250e+02
1.017354441474336397e+02
9.770274198690403011e+01
1.137395324707031250e+02
1.077395324707031250e+02
1.015049056138432775e+02
9.625222497645462738e+01
1.137395324707031250e+02
1.077395324707031250e+02
1.015730039460990923e+02
9.583172724298400169e+01
1.137395324707031250e+02
1.077395324707031250e+02
1.016296101044464990e+02
9.827034445831966991e+01
1.137395324707031250e+02
1.077395324707031250e+02
1.013724049841885915e+02
9.485455253577778478e+01
1.137395324707031250e+02
1.077395324707031250e+02
1.024295369159036397e+02
9.759247437640345879e+01
1.137395324707031250e+02
1.077395324707031250e+02
1.016227909829066078e+02
9.545672705245772249e+01
1.137395324707031250e+02
1.077395324707031250e+02
1.016720679357868562e+02
9.705846004230004098e+01
1.137395324707031250e+02
1.077395324707031250e+02
1.014164759953937676e+02
9.470534039591110798e+01
1.137395324707031250e+02
1.077395324707031250e+02
1.015571769528179118e+02
9.724872268160424937e+01
1.137395324707031250e+02
1.077395324707031250e+02
1.013647354849544371e+02
9.568701052058781897e+01
1.137395324707031250e+02
1.077395324707031250e+02
1.016055186705158775e+02
9.365053419651383138e+01
1.137395324707031250e+02
1.077395324707031250e+02
1.018606873265006385e+02
9.459296276247410162e+01
1.137395324707031250e+02
1.077395324707031250e+02
1.017279421278286407e+02
9.558058428463147038e+01
1.137395324707031250e+02
1.077395324707031250e+02
1.021998159252920004e+02
9.602665673566954752e+01
1.137395324707031250e+02
1.077395324707031250e+02
1.016282816914942231e+02
9.312720652868948434e+01
1.137395324707031250e+02
1.077395324707031250e+02
1.019526242236732685e+02
9.469915036256833218e+01
1.137395324707031250e+02
1.077395324707031250e+02
1.010853202952094136e+02
9.585108624975320879e+01
1.137395324707031250e+02
1.077395324707031250e+02
1.014555523402292039e+02
9.684066009922369744e+01
1.137395324707031250e+02
1.077395324707031250e+02
1.019792209883838581e+02
9.659795583827731491e+01
1.137395324707031250e+02
1.077395324707031250e+02
1.027896909240119498e+02
9.854190145069135554e+01
1.137395324707031250e+02
1.077395324707031250e+02
1.023140868154344076e+02
9.761867647291057892e+01
1.137395324707031250e+02
1.077395324707031250e+02
1.020956076219999034e+02
9.609833565676247247e+01
1.137395324707031250e+02
1.077395324707031250e+02
1.014336994099521405e+02
9.656337632125999448e+01
1.137395324707031250e+02
1.077395324707031250e+02
1.008975619602898064e+02
9.550273592269360279e+01
1.137395324707031250e+02
1.077395324707031250e+02
1.019910504548467145e+02
9.605215820919329417e+01
1.137395324707031250e+02
1.077395324707031250e+02
1.029245570338042057e+02
9.618114193690155389e+01
1.137395324707031250e+02
1.077395324707031250e+02
1.019088305289490961e+02
9.511984659045381818e+01
1.137395324707031250e+02
1.077395324707031250e+02
1.015348724664165871e+02
9.372008329643094271e+01
1.137395324707031250e+02
1.077395324707031250e+02
1.016905107561674129e+02
9.763829453372304101e+01
1.137395324707031250e+02
1.077395324707031250e+02
1.019902568129202507e+02
9.752360530516963877e+01
1.137395324707031250e+02
1.077395324707031250e+02
1.017346247498037854e+02
9.547305870296824537e+01
1.137395324707031250e+02
1.077395324707031250e+02
1.020508745022471970e+02
9.436941707989808492e+01
1.137395324707031250e+02
1.077395324707031250e+02
1.014142718921941508e+02
9.603453618073066878e+01
1.137395324707031250e+02
1.077395324707031250e+02
1.024284892710385861e+02
9.902749190896059872e+01
1.137395324707031250e+02
1.077395324707031250e+02
1.019734152492615209e+02
9.574621348117506159e+01
1.137395324707031250e+02
1.077395324707031250e+02
1.016469674752707988e+02
9.613762325971752887e+01
1.137395324707031250e+02
1.077395324707031250e+02
1.019885259017999601e+02
9.363355654876589540e+01
1.137395324707031250e+02
1.077395324707031250e+02
1.008405195181120035e+02
9.720349954314818319e+01
1.137395324707031250e+02
1.077395324707031250e+02
1.027886090985768988e+02
1.011178267603619219e+02
1.137395324707031250e+02
1.077395324707031250e+02
1.016077823909704136e+02
9.740059605567944345e+01
1.137395324707031250e+02
1.077395324707031250e+02
1.023015117258685223e+02
9.604296564956833038e+01
1.137395324707031250e+02
1.077395324707031250e+02
1.022506828948745152e+02
9.627668266089362703e+01
1.137395324707031250e+02
1.077395324707031250e+02
1.020258511810056063e+02
9.763003401646382429e+01
1.137395324707031250e+02
1.077395324707031250e+02
1.015266637707797912e+02
9.487210067551704640e+01
1.137395324707031250e+02
1.077395324707031250e+02
1.022241655841885546e+02
9.697669731534213611e+01
1.137395324707031250e+02
1.077395324707031250e+02
1.016838700694255380e+02
9.635038373452945848e+01
1.137395324707031250e+02
1.077395324707031250e+02
1.018254337258324114e+02
9.360432617232942221e+01
1.137395324707031250e+02
1.077395324707031250e+02
1.020285671673304932e+02
9.763534060232147738e+01
1.137395324707031250e+02
1.077395324707031250e+02
1.014199756542652295e+02
9.589737203983099789e+01
1.137395324707031250e+02
1.077395324707031250e+02
1.019440598174644066e+02
9.511863379960118436e+01
1.137395324707031250e+02
1.077395324707031250e+02
1.017715012333541722e+02
9.439445412740842301e+01
1.137395324707031250e+02
1.077395324707031250e+02
1.013116935910550325e+02
9.499510199678515221e+01
1.137395324707031250e+02
1.077395324707031250e+02
1.014105312677897075e+02
9.347813403332111193e+01
1.137395324707031250e+02
1.077395324707031250e+02
1.018281316122039897e+02
9.744503909000215458e+01
1.137395324707031250e+02
1.077395324707031250e+02
1.016246705881736148e+02
9.583190432607241860e+01
1.137395324707031250e+02
1.077395324707031250e+02
1.016077842554328612e+02
9.332623507736944646e+01
1.137395324707031250e+02
1.077395324707031250e+02
1.023738262821408114e+02
9.578605653887413496e+01
1.137395324707031250e+02
1.077395324707031250e+02
1.014529964722298985e+02
9.323388205343822221e+01
1.137395324707031250e+02
1.077395324707031250e+02
1.017594269553339501e+02
9.778721886475038616e+01
1.137395324707031250e+02
1.077395324707031250e+02
1.023602614523341714e+02
9.591390416009662090e+01
1.137395324707031250e+02
1.077395324707031250e+02
1.017348790243483023e+02
9.399022359704736118e+01
1.137395324707031250e+02
1.077395324707031250e+02
1.017579053246807490e+02
9.596268940324783614e+01
1.137395324707031250e+02
1.077395324707031250e+02
1.022749235946024413e+02
9.727083686375146954e+01
1.137395324707031250e+02
1.077395324707031250e+02
1.021215167744556283e+02
9.599501712241479368e+01
1.137395324707031250e+02
1.077395324707031250e+02
1.015444041542441624e+02
9.583698995408408905e+01
1.137395324707031250e+02
1.077395324707031250e+02
1.018416996885789132e+02
9.448984386668443847e+01
1.137395324707031250e+02
1.077395324707031250e+02
1.017228598780421294e+02
9.630822456214079352e+01
1.137395324707031250e+02
1.077395324707031250e+02
1.020750579420058557e+02
9.454455415355383252e+01
1.137395324707031250e+02
1.077395324707031250e+02
1.022168256543450582e+02
9.507877236513785135e+01
1.137395324707031250e+02
1.077395324707031250e+02
1.017702955848187401e+02
9.809025305462965605e+01
1.137395324707031250e+02
1.077395324707031250e+02
1.010032912946039119e+02
9.434491958361523700e+01
1.137395324707031250e+02
1.077395324707031250e+02
1.015409912054568196e+02
9.720059994548940097e+01
1.137395324707031250e+02
1.077395324707031250e+02
1.011774048734398121e+02
9.518228916734933875e+01
1.137395324707031250e+02
1.077395324707031250e+02
1.015960094905205437e+02
9.309056080036955905e+01
1.137395324707031250e+02
1.077395324707031250e+02
1.017609319550201405e+02
9.511061783685271109e+01
1.137395324707031250e+02
1.077395324707031250e+02
1.025114280571295211e+02
9.532930523089378028e+01
1.137395324707031250e+02
1.077395324707031250e+02
1.013723032735585434e+02
9.293412115421806163e+01
1.137395324707031250e+02
1.077395324707031250e+02
1.013688126067352897e+02
9.630328174723972268e+01
1.137395324707031250e+02
1.077395324707031250e+02
1.026758053944763276e+02
9.960671558467046793e+01
1.137395324707031250e+02
1.077395324707031250e+02
1.011487168002482377e+02
9.421614857997691672e+01
1.137395324707031250e+02
1.077395324707031250e+02
1.021353660084108270e+02
9.769494713969690736e+01
1.137395324707031250e+02
1.077395324707031250e+02
1.026292545152466147e+02
9.631405369513630887e+01
1.137395324707031250e+02
1.077395324707031250e+02
1.017482261488612494e+02
9.580761361198561588e+01
1.137395324707031250e+02
1.077395324707031250e+02
1.023826152147930628e+02
9.671273111130039979e+01
1.137395324707031250e+02
1.077395324707031250e+02
1.016119434744958312e+02
9.555611612938569976e+01
1.137395324707031250e+02
1.077395324707031250e+02
1.025911494372144830e+02
9.982936359367707269e+01
1.137395324707031250e+02
1.077395324707031250e+02
1.018818624533867165e+02
9.469977834467016464e+01
1.137395324707031250e+02
1.077395324707031250e+02
1.017768509604098455e+02
9.565505147909750860e+01
1.137395324707031250e+02
1.077395324707031250e+02
1.022115306474842669e+02
9.443984358946833879e+01
1.137395324707031250e+02
1.077395324707031250e+02
1.016570404115725665e+02
9.361361800055254889e+01
1.137395324707031250e+02
1.077395324707031250e+02
1.019769698807933196e+02
9.627917923818887402e+01
1.137395324707031250e+02
1.077395324707031250e+02
1.021270096745460023e+02
9.448266022188461477e+01
1.137395324707031250e+02
1.077395324707031250e+02
1.014029847781927032e+02
9.487149575093684462e+01
1.137395324707031250e+02
1.077395324707031250e+02
1.028556008480541664e+02
1.008425450652267017e+02
1.137395324707031250e+02
1.077395324707031250e+02
1.014249129872676463e+02
9.634703983226428647e+01
1.137395324707031250e+02
1.077395324707031250e+02
1.015073246340406428e+02
9.437845025314898351e+01
1.137395324707031250e+02
1.077395324707031250e+02
1.016171530414827799e+02
9.494139022766356106e+01
1.137395324707031250e+02
1.077395324707031250e+02
1.016588241390583249e+02
9.453806205667463303e+01
1.137395324707031250e+02
1.077395324707031250e+02
1.020810724837148626e+02
9.632314056374968914e+01
1.137395324707031250e+02
1.077395324707031250e+02
1.015462836114114964e+02
9.453999054026525073e+01
1.137395324707031250e+02
1.077395324707031250e+02
1.019122663407252674e+02
9.471765265137374001e+01
1.137395324707031250e+02
1.077395324707031250e+02
1.019542894155610213e+02
9.599665594187409567e+01
1.137395324707031250e+02
1.077395324707031250e+02
1.010226491093456929e+02
9.587928965655061120e+01
1.137395324707031250e+02
1.077395324707031250e+02
1.021101560742199723e+02
9.905105952387496870e+01
1.137395324707031250e+02
1.077395324707031250e+02
1.015662029681714529e+02
9.521874330542642895e+01
1.137395324707031250e+02
1.077395324707031250e+02
1.025907651958046216e+02
9.659756905986024833e+01
1.137395324707031250e+02
1.077395324707031250e+02
1.016708732226525598e+02
9.497796560678548872e+01
1.137395324707031250e+02
1.077395324707031250e+02
1.018531856543295930e+02
9.693627007866319900e+01
1.137395324707031250e+02
1.077395324707031250e+02
1.015576490184456020e+02
9.354117773862631680e+01
1.137395324707031250e+02
1.077395324707031250e+02
1.018779158665016524e+02
9.701066383155541928e+01
1.137395324707031250e+02
1.077395324707031250e+02
1.020594135788072663e+02
9.606223367181848971e+01
1.137395324707031250e+02
1.077395324707031250e+02
1.021004238733252123e+02
9.748332845256426538e+01
1.137395324707031250e+02
1.077395324707031250e+02
1.011784289179577598e+02
9.399459994257595952e+01
1.137395324707031250e+02
1.077395324707031250e+02
1.017090293194429762e+02
9.557335429749477385e+01
1.137395324707031250e+02
1.077395324707031250e+02
1.016994723574167665e+02
9.585096735195214990e+01
1.137395324707031250e+02
1.077395324707031250e+02
1.008670512163993038e+02
9.799799456345593285e+01
1.137395324707031250e+02
1.077395324707031250e+02
1.017604094158610053e+02
9.534192528146186874e+01
1.137395324707031250e+02
1.077395324707031250e+02
1.022849719891629690e+02
9.689858360889769529e+01
1.137395324707031250e+02
1.077395324707031250e+02
1.017707858865641839e+02
9.690443248255840558e+01
1.137395324707031250e+02
1.077395324707031250e+02
1.018177807373253785e+02
9.398238292412928274e+01
1.137395324707031250e+02
1.077395324707031250e+02
1.013634176596327165e+02
9.223481768421819993e+01
1.137395324707031250e+02
1.077395324707031250e+02
1.024467422084661621e+02
9.937813764139004036e+01
1.137395324707031250e+02
1.077395324707031250e+02
1.022049117960534659e+02
9.395537275556628742e+01
1.137395324707031250e+02
1.077395324707031250e+02
1.019360562072413359e+02
9.385713138296927127e+01
1.137395324707031250e+02
1.077395324707031250e+02
1.018892549236048666e+02
9.561085689924848907e+01
1.137395324707031250e+02
1.077395324707031250e+02
1.016096299448754934e+02
9.399695660416739429e+01
1.137395324707031250e+02
1.077395324707031250e+02
1.019098135631489441e+02
9.686851092272067376e+01
1.137395324707031250e+02
1.077395324707031250e+02
1.009931348117340946e+02
9.389101046831237340e+01
1.137395324707031250e+02
1.077395324707031250e+02
1.020843263993060219e+02
9.709313223580674901e+01
1.137395324707031250e+02
1.077395324707031250e+02
1.022896563524557223e+02
9.531117855086125701e+01
1.137395324707031250e+02
1.077395324707031250e+02
1.013879148341947740e+02
9.511260897707646222e+01
1.137395324707031250e+02
1.077395324707031250e+02
1.023759190414013887e+02
9.659913564317847090e+01
1.137395324707031250e+02
1.077395324707031250e+02
1.016322829588978038e+02
9.736498772115535871e+01
1.137395324707031250e+02
1.077395324707031250e+02
1.016745228061117814e+02
9.752802494555768931e+01
1.137395324707031250e+02
1.077395324707031250e+02
1.019977839862505391e+02
9.636046412396517269e+01
1.137395324707031250e+02
1.077395324707031250e+02
1.017578237701058441e+02
9.663776010246034787e+01
1.137395324707031250e+02
1.077395324707031250e+02
1.009509691768776349e+02
9.127366802265049728e+01
1.137395324707031250e+02
1.077395324707031250e+02
1.015218758899376610e+02
9.445514033709531532e+01
1.137395324707031250e+02
1.077395324707031250e+02
1.011208535875341283e+02
9.629096547458743771e+01
1.137395324707031250e+02
1.077395324707031250e+02
1.018705930302558045e+02
9.736495631710663190e+01
1.137395324707031250e+02
1.077395324707031250e+02
1.013777544919730644e+02
9.422780552009322719e+01
1.137395324707031250e+02
1.077395324707031250e+02
1.022796867589178191e+02
9.537815299159545646e+01
1.137395324707031250e+02
1.077395324707031250e+02
1.015044782356440720e+02
9.476684781870267216e+01
1.137395324707031250e+02
1.077395324707031250e+02
1.017446308610727073e+02
9.754347378058581342e+01
1.137395324707031250e+02
1.077395324707031250e+02
1.017653366563451982e+02
9.423412339048032038e+01
1.137395324707031250e+02
1.077395324707031250e+02
1.016774079652772684e+02
9.353650133065644923e+01
1.137395324707031250e+02
1.077395324707031250e+02
1.020142160128258979e+02
9.583908443284336443e+01
1.137395324707031250e+02
1.077395324707031250e+02
1.021331035245961090e+02
9.830668909890709983e+01
1.137395324707031250e+02
1.077395324707031250e+02
1.014399867785699456e+02
9.465202956430636050e+01
