4.000000000000000000e+03
4.000000000000000000e+03
3.999999995769870566e+03
4.000000879880269167e+03
4.000000732421875000e+03
4.000000732421875000e+03
4.000000755367688726e+03
4.000000406996397032e+03
4.000000244140625000e+03
4.000000244140625000e+03
4.000000284616476165e+03
4.000000189332785340e+03
4.000000000000000000e+03
4.000000000000000000e+03
3.999999956558971462e+03
3.999998627639679398e+03
4.000000000000000000e+03
4.000000000000000000e+03
4.000000090335865934e+03
4.000001554746997954e+03
3.999998046875000000e+03
3.999998046875000000e+03
3.999998031362190432e+03
3.999995307470036551e+03
3.999999023437500000e+03
3.999999023437500000e+03
3.999999063122328153e+03
3.999997760304210260e+03
3.999996582031250000e+03
3.999996582031250000e+03
3.999996599678660004e+03
3.999997837085907122e+03
3.999993408203125000e+03
3.999993408203125000e+03
3.999993574945237469e+03
3.999998045168896624e+03
3.999993164062500000e+03
3.999993164062500000e+03
3.999993045084442201e+03
3.999990061630567652e+03
3.999993408203125000e+03
3.999993408203125000e+03
3.999993015762057894e+03
3.999994357522185055e+03
3.999993652343750000e+03
3.999993652343750000e+03
3.999993840579328662e+03
3.999992734806920907e+03
3.999991699218750000e+03
3.999991699218750000e+03
3.999992037278694625e+03
3.999988637682134140e+03
3.999987060546875000e+03
3.999987060546875000e+03
3.999987682240618142e+03
3.999999867249051476e+03
3.999977783203125000e+03
3.999977783203125000e+03
3.999977996787415577e+03
4.000009311905865616e+03
3.999989990234375000e+03
3.999989990234375000e+03
3.999991225461197246e+03
3.999970491679007864e+03
3.999978027343750000e+03
3.999978027343750000e+03
3.999979045154044798e+03
3.999965303600592051e+03
3.999974853515625000e+03
3.999974853515625000e+03
3.999974436164054168e+03
3.999996650110819701e+03
3.999981689453125000e+03
3.999981689453125000e+03
3.999982363850205275e+03
3.999975682046770999e+03
3.999981689453125000e+03
3.999981689453125000e+03
3.999982761847887559e+03
3.999988242095426358e+03
3.999965332031250000e+03
3.999965332031250000e+03
3.999966568114005895e+03
3.999963966074137261e+03
3.999982421875000000e+03
3.999982421875000000e+03
3.999985066702937729e+03
3.999991235751516342e+03
3.999925537109375000e+03
3.999925537109375000e+03
3.999926190570698509e+03
3.999923654422463642e+03
3.999916015625000000e+03
3.999916015625000000e+03
3.999914763613046944e+03
3.999907223989896920e+03
3.999919189453125000e+03
3.999919189453125000e+03
3.999919474435965185e+03
3.999915662438729669e+03
3.999912353515625000e+03
3.999912353515625000e+03
3.999913213632261886e+03
3.999911902090447711e+03
3.999870849609375000e+03
3.999870849609375000e+03
3.999871173531096701e+03
3.999790121710306266e+03
3.999896484375000000e+03
3.999896484375000000e+03
3.999896194451912834e+03
3.999883615975068551e+03
3.999870605468750000e+03
3.999870605468750000e+03
3.999874135433680294e+03
3.999895339268720363e+03
3.999792724609375000e+03
3.999792724609375000e+03
3.999795597110041854e+03
3.999801122294548804e+03
3.999741943359375000e+03
3.999741943359375000e+03
3.999740467595108839e+03
3.999751526563511561e+03
3.999733886718750000e+03
3.999733886718750000e+03
3.999733176093373913e+03
3.999710767767810921e+03
3.999735107421875000e+03
3.999735107421875000e+03
3.999736630976069591e+03
3.999759958247725081e+03
3.999737548828125000e+03
3.999737548828125000e+03
3.999737362102995576e+03
3.999758000549502867e+03
3.999697265625000000e+03
3.999697265625000000e+03
3.999692679546335967e+03
3.999648527315957381e+03
3.999713378906250000e+03
3.999713378906250000e+03
3.999708975782577909e+03
3.999682421894261552e+03
3.999644042968750000e+03
3.999644042968750000e+03
3.999646187237900904e+03
3.999623763245318969e+03
3.999573242187500000e+03
3.999573242187500000e+03
3.999572434824236097e+03
3.999539151792085249e+03
3.999537841796875000e+03
3.999537841796875000e+03
3.999535888310063910e+03
3.999536251752316730e+03
3.999605224609375000e+03
3.999605224609375000e+03
3.999605838579860574e+03
3.999558615670511699e+03
3.999474853515625000e+03
3.999474853515625000e+03
3.999471949345756457e+03
3.999550751503581068e+03
3.999486816406250000e+03
3.999486816406250000e+03
3.999489363664906250e+03
3.999494590911223895e+03
3.999429931640625000e+03
3.999429931640625000e+03
3.999430283791997226e+03
3.999461400692368898e+03
3.999385253906250000e+03
3.999385253906250000e+03
3.999386474694620119e+03
3.999319119748762660e+03
3.999336181640625000e+03
3.999336181640625000e+03
3.999330976001410363e+03
3.999398950120320023e+03
3.999351074218750000e+03
3.999351074218750000e+03
3.999351062246741549e+03
3.999321627631539741e+03
3.999280517578125000e+03
3.999280517578125000e+03
3.999277824759237319e+03
3.999206944689626653e+03
3.999266113281250000e+03
3.999266113281250000e+03
3.999261015163375760e+03
3.999150621621520713e+03
3.999304931640625000e+03
3.999304931640625000e+03
3.999301110583127411e+03
3.999386002829381141e+03
3.999313476562500000e+03
3.999313476562500000e+03
3.999322018095698240e+03
3.999283594099857510e+03
3.999175292968750000e+03
3.999175292968750000e+03
3.999165865818687962e+03
3.999141115687228194e+03
3.999285156250000000e+03
3.999285156250000000e+03
3.999262735174030695e+03
3.999184222436113487e+03
3.999131347656250000e+03
3.999131347656250000e+03
3.999118734970836613e+03
3.999043087532485970e+03
3.999008544921875000e+03
3.999008544921875000e+03
3.998997443444874534e+03
3.999111903371923290e+03
3.998835937500000000e+03
3.998835937500000000e+03
3.998836332132904317e+03
3.998935249898388520e+03
3.998799072265625000e+03
3.998799072265625000e+03
3.998793167110915419e+03
3.998785912993645979e+03
3.998525390625000000e+03
3.998525390625000000e+03
3.998533966870162203e+03
3.998776441426508427e+03
3.998553222656250000e+03
3.998553222656250000e+03
3.998532597887039628e+03
3.998564742976402613e+03
3.998218750000000000e+03
3.998218750000000000e+03
3.998220937210637203e+03
3.998160864830501396e+03
3.997939208984375000e+03
3.997939208984375000e+03
3.997936517046114659e+03
3.997929703859335859e+03
3.998148681640625000e+03
3.998148681640625000e+03
3.998158032286404705e+03
3.998269472499804579e+03
3.998096435546875000e+03
3.998096435546875000e+03
3.998101971444797982e+03
3.998139894901606567e+03
3.998282470703125000e+03
3.998282470703125000e+03
3.998257690731480579e+03
3.998310820299701845e+03
3.998101562500000000e+03
3.998101562500000000e+03
3.998110730651393169e+03
3.998108231941610939e+03
3.997666748046875000e+03
3.997666748046875000e+03
3.997667017731571832e+03
3.997625225793276513e+03
3.997641601562500000e+03
3.997641601562500000e+03
3.997636414841811074e+03
3.997637296028665332e+03
3.997624755859375000e+03
3.997624755859375000e+03
3.997634495299823811e+03
3.997754276532688891e+03
3.997567138671875000e+03
3.997567138671875000e+03
3.997548098913609010e+03
3.997709946927306191e+03
3.997579101562500000e+03
3.997579101562500000e+03
3.997570310776865881e+03
3.997668874319179849e+03
3.997697753906250000e+03
3.997697753906250000e+03
3.997662705827620357e+03
3.997730101442124123e+03
3.997522949218750000e+03
3.997522949218750000e+03
3.997506667873156857e+03
3.997609607269634580e+03
3.997316650390625000e+03
3.997316650390625000e+03
3.997321867155372729e+03
3.997499590482110307e+03
3.997312500000000000e+03
3.997312500000000000e+03
3.997313041033512036e+03
3.997367082996002864e+03
3.996885253906250000e+03
3.996885253906250000e+03
3.996886313545883240e+03
3.996803565579689803e+03
3.996887451171875000e+03
3.996887451171875000e+03
3.996890756524506287e+03
3.996901820022632364e+03
3.996834472656250000e+03
3.996834472656250000e+03
3.996816954207083654e+03
3.996547106813718074e+03
3.996675781250000000e+03
3.996675781250000000e+03
3.996673494957045932e+03
3.996334157896891156e+03
3.996735595703125000e+03
3.996735595703125000e+03
3.996735162346669313e+03
3.996275621936129482e+03
3.996827880859375000e+03
3.996827880859375000e+03
3.996828096149168232e+03
3.996947777666656293e+03
3.996436035156250000e+03
3.996436035156250000e+03
3.996459703781897588e+03
3.996500541891010471e+03
3.996361083984375000e+03
3.996361083984375000e+03
3.996414257848777652e+03
3.997018035150731976e+03
3.996162353515625000e+03
3.996162353515625000e+03
3.996141414618119143e+03
3.996720859593861860e+03
3.996122558593750000e+03
3.996122558593750000e+03
3.996115538101425500e+03
3.995826703159694262e+03
3.995677734375000000e+03
3.995677734375000000e+03
3.995684101112242388e+03
3.996309758197756764e+03
3.995675292968750000e+03
3.995675292968750000e+03
3.995701982186100850e+03
3.995283573915930901e+03
3.995673828125000000e+03
3.995673828125000000e+03
3.995696705496606228e+03
3.995838150321605099e+03
3.995597412109375000e+03
3.995597412109375000e+03
3.995582273618233557e+03
3.996100968953006486e+03
3.995712646484375000e+03
3.995712646484375000e+03
3.995707422952045818e+03
3.995530382843927327e+03
3.995212158203125000e+03
3.995212158203125000e+03
3.995270965028225419e+03
3.996175208888233556e+03
3.994883056640625000e+03
3.994883056640625000e+03
3.994992408676458126e+03
3.995562507354677564e+03
3.994665039062500000e+03
3.994665039062500000e+03
3.994749983589396834e+03
3.995620466275851413e+03
3.995016113281250000e+03
3.995016113281250000e+03
3.994983462249947934e+03
3.995051480233032635e+03
3.994732421875000000e+03
3.994732421875000000e+03
3.994755412630720002e+03
3.994790168560477923e+03
3.995298339843750000e+03
3.995298339843750000e+03
3.995283717391880600e+03
3.995552883896169078e+03
3.994954589843750000e+03
3.994954589843750000e+03
3.994814331771368870e+03
3.996327818424402267e+03
3.994888916015625000e+03
3.994888916015625000e+03
3.994802785296139973e+03
3.995603928958591041e+03
3.995263427734375000e+03
3.995263427734375000e+03
3.995248859598459603e+03
3.995219229053941490e+03
3.994515625000000000e+03
3.994515625000000000e+03
3.994523135482051202e+03
3.994488742767810436e+03
3.993840332031250000e+03
3.993840332031250000e+03
3.993726713560597545e+03
3.995921266476376331e+03
3.992771240234375000e+03
3.992771240234375000e+03
3.992796414226134402e+03
3.992989185956274014e+03
3.993902587890625000e+03
3.993902587890625000e+03
3.993922373926780438e+03
3.994162099826274243e+03
3.993520751953125000e+03
3.993520751953125000e+03
3.993421923799382512e+03
3.993590877204556818e+03
3.993349365234375000e+03
3.993349365234375000e+03
3.993335922449809459e+03
3.993231853870274335e+03
3.992850585937500000e+03
3.992850585937500000e+03
3.992993180978747660e+03
3.993036320702774447e+03
3.993799804687500000e+03
3.993799804687500000e+03
3.993628701280724727e+03
3.991821886285164965e+03
3.994681884765625000e+03
3.994681884765625000e+03
3.994612727293063926e+03
3.994359813998491518e+03
3.994107666015625000e+03
3.994107666015625000e+03
3.994132212063498628e+03
3.993923780827804421e+03
3.992975585937500000e+03
3.992975585937500000e+03
3.993078870839769024e+03
3.993622059334172718e+03
3.992905029296875000e+03
3.992905029296875000e+03
3.993201789936947989e+03
3.992663638090632048e+03
3.992868408203125000e+03
3.992868408203125000e+03
3.992995909769528225e+03
3.994480776528712340e+03
3.992909423828125000e+03
3.992909423828125000e+03
3.992970330138945883e+03
3.993142639457186306e+03
3.993565185546875000e+03
3.993565185546875000e+03
3.993612263892880037e+03
3.993240094750242861e+03
3.992326171875000000e+03
3.992326171875000000e+03
3.992179815494141621e+03
3.992467113541167237e+03
3.991201416015625000e+03
3.991201416015625000e+03
3.991037589876362290e+03
3.993992357574287325e+03
3.991583251953125000e+03
3.991583251953125000e+03
3.991608067186958579e+03
3.991918295786562794e+03
3.991439208984375000e+03
3.991439208984375000e+03
3.991706800897033190e+03
3.992352190801258530e+03
3.990274658203125000e+03
3.990274658203125000e+03
3.990218373045066528e+03
3.990435761467362227e+03
3.989033691406250000e+03
3.989033691406250000e+03
3.988949523713912640e+03
3.990140581470584493e+03
3.988699462890625000e+03
3.988699462890625000e+03
3.988767123359850757e+03
3.989501499482842519e+03
3.988803466796875000e+03
3.988803466796875000e+03
3.988592174748332582e+03
3.989510048844620087e+03
3.988896728515625000e+03
3.988896728515625000e+03
3.989132418716593293e+03
3.989310763537254388e+03
3.988418945312500000e+03
3.988418945312500000e+03
3.988764424130512907e+03
3.990052687318428525e+03
3.987732666015625000e+03
3.987732666015625000e+03
3.987387352330752492e+03
3.986643873179426009e+03
3.988588867187500000e+03
3.988588867187500000e+03
3.988367430366967255e+03
3.992108614162812955e+03
3.988766357421875000e+03
3.988766357421875000e+03
3.988896950423667931e+03
3.990784618208956545e+03
3.988447265625000000e+03
3.988447265625000000e+03
3.988086362455152994e+03
3.988013950175918126e+03
3.988309570312500000e+03
3.988309570312500000e+03
3.988434805331070493e+03
3.988020849813428867e+03
3.987983886718750000e+03
3.987983886718750000e+03
3.987946388346028471e+03
3.987856513068063123e+03
3.988568359375000000e+03
3.988568359375000000e+03
3.988309645673300565e+03
3.988030224899495352e+03
3.987774658203125000e+03
3.987774658203125000e+03
3.988280682213105592e+03
3.989590615016826632e+03
3.986979003906250000e+03
3.986979003906250000e+03
3.986996411603931847e+03
3.987520528645794002e+03
3.987184326171875000e+03
3.987184326171875000e+03
3.986966468259984595e+03
3.984303668865064992e+03
3.987729248046875000e+03
3.987729248046875000e+03
3.987306762489517951e+03
3.986892893902239393e+03
3.986283935546875000e+03
3.986283935546875000e+03
3.986291389179349608e+03
3.990956132619583514e+03
3.986622314453125000e+03
3.986622314453125000e+03
3.986429942687305811e+03
3.986549731298295683e+03
3.987426513671875000e+03
3.987426513671875000e+03
3.987457354407008552e+03
3.987737038414039489e+03
3.987686279296875000e+03
3.987686279296875000e+03
3.987540634686278736e+03
3.989066320293566150e+03
3.986714599609375000e+03
3.986714599609375000e+03
3.986948302798052737e+03
3.984988984102028098e+03
3.987355468750000000e+03
3.987355468750000000e+03
3.987334044469639593e+03
3.988911827107117006e+03
3.987569091796875000e+03
3.987569091796875000e+03
3.987611106247778935e+03
3.987941392639851983e+03
3.988441162109375000e+03
3.988441162109375000e+03
3.989023820488770980e+03
3.990272338080046211e+03
3.988498291015625000e+03
3.988498291015625000e+03
3.988538131294271352e+03
3.988759001135530525e+03
3.987544921875000000e+03
3.987544921875000000e+03
3.987547220088009453e+03
3.985677466927515070e+03
3.988352539062500000e+03
3.988352539062500000e+03
3.988355847786365757e+03
3.990374540984850682e+03
3.988028320312500000e+03
3.988028320312500000e+03
3.988112496237773030e+03
3.990138699567257390e+03
3.987750000000000000e+03
3.987750000000000000e+03
3.987579530850170158e+03
3.989024098235040128e+03
3.987737060546875000e+03
3.987737060546875000e+03
3.987692675329980830e+03
3.987401318758631987e+03
3.988109619140625000e+03
3.988109619140625000e+03
3.988104220434735453e+03
3.989928544151207461e+03
3.986797119140625000e+03
3.986797119140625000e+03
3.986642066821400931e+03
3.990033570533363218e+03
3.986761962890625000e+03
3.986761962890625000e+03
3.987675637955217553e+03
3.987876892444137866e+03
3.985328857421875000e+03
3.985328857421875000e+03
3.985131174674167141e+03
3.986843159610997645e+03
3.985982666015625000e+03
3.985982666015625000e+03
3.985812723537319926e+03
3.991062288225527027e+03
3.985957031250000000e+03
3.985957031250000000e+03
3.985950457040805759e+03
3.988093591722682049e+03
3.985721679687500000e+03
3.985721679687500000e+03
3.985616977169703659e+03
3.985730739792919394e+03
3.984249023437500000e+03
3.984249023437500000e+03
3.984206874299776246e+03
3.985466977518854492e+03
3.983299560546875000e+03
3.983299560546875000e+03
3.983676858025949514e+03
3.985078452406174165e+03
3.981481689453125000e+03
3.981481689453125000e+03
3.981314493251338718e+03
3.979261645119110199e+03
3.980405029296875000e+03
3.980405029296875000e+03
3.980825168378558828e+03
3.980112877365927488e+03
3.980965332031250000e+03
3.980965332031250000e+03
3.981372363893333386e+03
3.982423575456040908e+03
3.981149902343750000e+03
3.981149902343750000e+03
3.981293608654237687e+03
3.980168201198085171e+03
3.980053222656250000e+03
3.980053222656250000e+03
3.980174302695538245e+03
3.978664217310559707e+03
3.979361572265625000e+03
3.979361572265625000e+03
3.978870570365105323e+03
3.977180960594277167e+03
3.978609619140625000e+03
3.978609619140625000e+03
3.979637195955202060e+03
3.981313359821734593e+03
3.978476806640625000e+03
3.978476806640625000e+03
3.977901765813907787e+03
3.985967995143455028e+03
3.979441650390625000e+03
3.979441650390625000e+03
3.979907797924285205e+03
3.983303014043111489e+03
3.978927734375000000e+03
3.978927734375000000e+03
3.979136597222523960e+03
3.977570408817994121e+03
3.978281982421875000e+03
3.978281982421875000e+03
3.977971154798318821e+03
3.978554961811325938e+03
3.976758056640625000e+03
3.976758056640625000e+03
3.976526763884039610e+03
3.977495904114452060e+03
3.977611572265625000e+03
3.977611572265625000e+03
3.977623617449458379e+03
3.973767265781625156e+03
3.976683837890625000e+03
3.976683837890625000e+03
3.975689497074898100e+03
3.978726180339793245e+03
3.973012207031250000e+03
3.973012207031250000e+03
3.972805010897389820e+03
3.974836822685613242e+03
3.972179687500000000e+03
3.972179687500000000e+03
3.972042822537765005e+03
3.982915088817622291e+03
3.972456787109375000e+03
3.972456787109375000e+03
3.972833618708073118e+03
3.972995173242505189e+03
3.972843017578125000e+03
3.972843017578125000e+03
3.972906205162926199e+03
3.983041434402873165e+03
3.971677734375000000e+03
3.971677734375000000e+03
3.971496341123620368e+03
3.970743231522713359e+03
3.972288330078125000e+03
3.972288330078125000e+03
3.972045033616616365e+03
3.971193056418592278e+03
3.972281982421875000e+03
3.972281982421875000e+03
3.972274815861129355e+03
3.974840597746259391e+03
3.971771728515625000e+03
3.971771728515625000e+03
3.971593637469113673e+03
3.972568016121746041e+03
3.972548339843750000e+03
3.972548339843750000e+03
3.971829937556183722e+03
3.973400966227324716e+03
3.972434570312500000e+03
3.972434570312500000e+03
3.972332530335234424e+03
3.970863880185442667e+03
3.972189697265625000e+03
3.972189697265625000e+03
3.971995752093952888e+03
3.971843924448782673e+03
3.972059570312500000e+03
3.972059570312500000e+03
3.972634739321882989e+03
3.972671388239490170e+03
3.972441162109375000e+03
3.972441162109375000e+03
3.972473253251274400e+03
3.973867914642435153e+03
3.973150878906250000e+03
3.973150878906250000e+03
3.973448801859353807e+03
3.978367453029576609e+03
3.973832519531250000e+03
3.973832519531250000e+03
3.974257635695087174e+03
3.975004697468956238e+03
3.974375000000000000e+03
3.974375000000000000e+03
3.974192802101168127e+03
3.973222587736243440e+03
3.975354003906250000e+03
3.975354003906250000e+03
3.975374302464735592e+03
3.973119652870303071e+03
3.976124023437500000e+03
3.976124023437500000e+03
3.976162396001355773e+03
3.993465214438075691e+03
3.976058837890625000e+03
3.976058837890625000e+03
3.976078058708725166e+03
3.975048123214583939e+03
3.976218017578125000e+03
3.976218017578125000e+03
3.976356010356939805e+03
3.974270632042645502e+03
3.976725585937500000e+03
3.976725585937500000e+03
3.976724876889068582e+03
3.977782841233146883e+03
3.977031005859375000e+03
3.977031005859375000e+03
3.977228895059250135e+03
3.973199696706006762e+03
3.977239746093750000e+03
3.977239746093750000e+03
3.977437447170626911e+03
3.977060056313466703e+03
3.977512695312500000e+03
3.977512695312500000e+03
3.977482843393391704e+03
3.979239575252661325e+03
3.976293945312500000e+03
3.976293945312500000e+03
3.976336409209480735e+03
3.976625938218398460e+03
3.976335205078125000e+03
3.976335205078125000e+03
3.976005958192392427e+03
3.985694742469825997e+03
3.976701904296875000e+03
3.976701904296875000e+03
3.976735212041539398e+03
3.981386261125194778e+03
3.975515136718750000e+03
3.975515136718750000e+03
3.976848648128006971e+03
3.973305805657535529e+03
3.975318603515625000e+03
3.975318603515625000e+03
3.975564750518982692e+03
3.992591877669663972e+03
3.975697509765625000e+03
3.975697509765625000e+03
3.977287244473998726e+03
3.977509949936695193e+03
3.976252441406250000e+03
3.976252441406250000e+03
3.977162249946334668e+03
3.985150367826272486e+03
3.976009521484375000e+03
3.976009521484375000e+03
3.976294800258439409e+03
3.979176333215245450e+03
3.976191650390625000e+03
3.976191650390625000e+03
3.976058925188202011e+03
3.973495996990998719e+03
3.973678710937500000e+03
3.973678710937500000e+03
3.976285043458593009e+03
3.982438796037630254e+03
3.973548583984375000e+03
3.973548583984375000e+03
3.972626393610789819e+03
3.982834435015256986e+03
3.973427734375000000e+03
3.973427734375000000e+03
3.972463453596953514e+03
3.985671085586959634e+03
3.973934570312500000e+03
3.973934570312500000e+03
3.974514957751221118e+03
4.012870024616101091e+03
3.973962402343750000e+03
3.973962402343750000e+03
3.972477970084620210e+03
3.998974323035384714e+03
3.973354003906250000e+03
3.973354003906250000e+03
3.973359178283666552e+03
3.975990512186755950e+03
3.973500732421875000e+03
3.973500732421875000e+03
3.974779282120577136e+03
3.973187947362678642e+03
3.972675537109375000e+03
3.972675537109375000e+03
3.972471428320426185e+03
3.978136278858691185e+03
3.972782714843750000e+03
3.972782714843750000e+03
3.973131559886255218e+03
3.974193974324548435e+03
3.970486816406250000e+03
3.970486816406250000e+03
3.970991529368901411e+03
3.963580053748069986e+03
3.970913818359375000e+03
3.970913818359375000e+03
3.970844655065284769e+03
3.988673602519665110e+03
3.971239257812500000e+03
3.971239257812500000e+03
3.971382323412216465e+03
3.976976843696967990e+03
3.971345214843750000e+03
3.971345214843750000e+03
3.971774780157330042e+03
3.980492458027472821e+03
3.971339355468750000e+03
3.971339355468750000e+03
3.970839419323769562e+03
3.985777283182072551e+03
3.970670166015625000e+03
3.970670166015625000e+03
3.971004554617627946e+03
3.969247633176636100e+03
3.970958251953125000e+03
3.970958251953125000e+03
3.969781263400655462e+03
3.983021000999788612e+03
3.970001464843750000e+03
3.970001464843750000e+03
3.970462983855750736e+03
3.982109928933738047e+03
3.969810058593750000e+03
3.969810058593750000e+03
3.968550151355486378e+03
3.971086799665668423e+03
3.969342041015625000e+03
3.969342041015625000e+03
3.968742054674645260e+03
3.973980104106251929e+03
3.970214355468750000e+03
3.970214355468750000e+03
3.970225920428395966e+03
3.981319901775667859e+03
3.970081787109375000e+03
3.970081787109375000e+03
3.969146129423163984e+03
3.971319783500567155e+03
3.971239990234375000e+03
3.971239990234375000e+03
3.971729399543819000e+03
3.979566985672087867e+03
3.970428222656250000e+03
3.970428222656250000e+03
3.971283430146767387e+03
3.970776717222588104e+03
3.970814697265625000e+03
3.970814697265625000e+03
3.970697157681575391e+03
3.968567629624559231e+03
3.970936279296875000e+03
3.970936279296875000e+03
3.969143456862519088e+03
3.973335137144480086e+03
3.971347656250000000e+03
3.971347656250000000e+03
3.973571337891144594e+03
3.972087689943776695e+03
3.972030761718750000e+03
3.972030761718750000e+03
3.972353462764944652e+03
3.981244202817685618e+03
3.972020507812500000e+03
3.972020507812500000e+03
3.972897623496514370e+03
3.993489182857914784e+03
3.972871337890625000e+03
3.972871337890625000e+03
3.974404622601135543e+03
3.981082033733373919e+03
3.971969970703125000e+03
3.971969970703125000e+03
3.972004824106798424e+03
4.062251291633441269e+03
3.972473632812500000e+03
3.972473632812500000e+03
3.969004160570902513e+03
3.979762160209625563e+03
3.973072753906250000e+03
3.973072753906250000e+03
3.979878690821791224e+03
4.001303723037045984e+03
3.973133789062500000e+03
3.973133789062500000e+03
3.971980950604772715e+03
3.986973787920528594e+03
3.972781738281250000e+03
3.972781738281250000e+03
3.972240530592142022e+03
3.975297445981474993e+03
3.972455810546875000e+03
3.972455810546875000e+03
3.971996701266757555e+03
4.009570263816109673e+03
3.973112304687500000e+03
3.973112304687500000e+03
3.980760721809022925e+03
3.971023476869827391e+03
3.973173095703125000e+03
3.973173095703125000e+03
3.977529728387938121e+03
3.974446050531137189e+03
3.973567871093750000e+03
3.973567871093750000e+03
3.974373108643206706e+03
4.001177303862147255e+03
3.973852294921875000e+03
3.973852294921875000e+03
3.974673554997787505e+03
3.982221887870409319e+03
3.973592529296875000e+03
3.973592529296875000e+03
3.973217844916655849e+03
3.974503341232813909e+03
3.973586181640625000e+03
3.973586181640625000e+03
3.973490301970248311e+03
3.980946013087934261e+03
3.973912597656250000e+03
3.973912597656250000e+03
3.973024249349352885e+03
3.992525592017162580e+03
3.973883789062500000e+03
3.973883789062500000e+03
3.973806465304813173e+03
3.979856574243299747e+03
3.974227050781250000e+03
3.974227050781250000e+03
3.978590696107674376e+03
4.029469557976487067e+03
3.974166992187500000e+03
3.974166992187500000e+03
3.974827622418655210e+03
3.950178846624372909e+03
3.974387451171875000e+03
3.974387451171875000e+03
3.974264080266995279e+03
3.985740004709618006e+03
3.974514648437500000e+03
3.974514648437500000e+03
3.978205604285598383e+03
4.003213626216978810e+03
3.974345947265625000e+03
3.974345947265625000e+03
3.973363325293863909e+03
3.980574644468342285e+03
3.974426513671875000e+03
3.974426513671875000e+03
3.977004184712276583e+03
4.001188393666542652e+03
3.973899169921875000e+03
3.973899169921875000e+03
3.972682383223229863e+03
3.963787515638414334e+03
3.973647949218750000e+03
3.973647949218750000e+03
3.974126901702340547e+03
3.978525555833707585e+03
3.973551269531250000e+03
3.973551269531250000e+03
3.973507614764916070e+03
3.961899257267472876e+03
3.973250976562500000e+03
3.973250976562500000e+03
3.976161415595955987e+03
3.976874929396108200e+03
3.973037109375000000e+03
3.973037109375000000e+03
3.973112141572180917e+03
3.995280909006999991e+03
3.973229003906250000e+03
3.973229003906250000e+03
3.972611507908814019e+03
4.007910404392216151e+03
3.973052734375000000e+03
3.973052734375000000e+03
3.972839564298206369e+03
4.267857584295432389e+03
3.972927490234375000e+03
3.972927490234375000e+03
3.975086468744081230e+03
3.871161502803500298e+03
3.972773193359375000e+03
3.972773193359375000e+03
3.970450005014877206e+03
3.748187598022117527e+03
3.972611572265625000e+03
3.972611572265625000e+03
3.972698866464441380e+03
4.038214050252898232e+03
3.972418945312500000e+03
3.972418945312500000e+03
3.970166378589395208e+03
4.016237127648382284e+03
3.972264892578125000e+03
3.972264892578125000e+03
3.972084008463405553e+03
3.973572127065022414e+03
3.972052246093750000e+03
3.972052246093750000e+03
3.976774389611682182e+03
3.904020675886401477e+03
3.972073486328125000e+03
3.972073486328125000e+03
3.976884097583855237e+03
4.007800475065888804e+03
3.972132812500000000e+03
3.972132812500000000e+03
3.975371627086422450e+03
4.356482861679956841e+03
3.972045654296875000e+03
3.972045654296875000e+03
3.972097623007054608e+03
3.985110983407002550e+03
3.971679687500000000e+03
3.971679687500000000e+03
3.970363080816275669e+03
3.917619237465427886e+03
3.971473388671875000e+03
3.971473388671875000e+03
3.956180786040506518e+03
4.102903073456895072e+03
3.971120605468750000e+03
3.971120605468750000e+03
3.958918368078343065e+03
4.228177032871612028e+03
3.971249267578125000e+03
3.971249267578125000e+03
3.958580439351512723e+03
4.145197419127283865e+03
3.971049560546875000e+03
3.971049560546875000e+03
3.983083884650267009e+03
3.743479763869901944e+03
3.970567138671875000e+03
3.970567138671875000e+03
3.974375369635306470e+03
3.938579337917154135e+03
3.970582031250000000e+03
3.970582031250000000e+03
3.972569135588948939e+03
4.016058430080296603e+03
3.970069091796875000e+03
3.970069091796875000e+03
3.966968184125103107e+03
4.034120431198412007e+03
3.969927490234375000e+03
3.969927490234375000e+03
3.968548340012798690e+03
4.058153521108514269e+03
3.968994628906250000e+03
3.968994628906250000e+03
3.955742881691095590e+03
4.077291276112025116e+03
3.968903808593750000e+03
3.968903808593750000e+03
3.967667125856579787e+03
4.236738402907423733e+03
3.968147216796875000e+03
3.968147216796875000e+03
3.912007517181486946e+03
4.417683239564358701e+03
3.968250488281250000e+03
3.968250488281250000e+03
3.969193708090491327e+03
4.186660325431767887e+03
3.969046142578125000e+03
3.969046142578125000e+03
3.945217811153891944e+03
4.373088557823097290e+03
3.968588867187500000e+03
3.968588867187500000e+03
4.008737122803259808e+03
7.063122700036804417e+03
3.967850097656250000e+03
3.967850097656250000e+03
3.992647788339649196e+03
1.052812483441844597e+04
3.967846679687500000e+03
3.967846679687500000e+03
3.962975826237150159e+03
5.607235996881368919e+03
3.968032958984375000e+03
3.968032958984375000e+03
3.933994668910481778e+03
4.795504773960765306e+03
3.967975585937500000e+03
3.967975585937500000e+03
3.921920242339561355e+03
3.498430716337570630e+03
3.967705566406250000e+03
3.967705566406250000e+03
3.980886383529986688e+03
-3.729702668716528569e+05
3.967301269531250000e+03
3.967301269531250000e+03
3.953542488389393839e+03
5.066272827351034721e+03
3.966781494140625000e+03
3.966781494140625000e+03
4.030615379513088556e+03
-1.242971654951367782e+04
3.966445800781250000e+03
3.966445800781250000e+03
3.888590796284167027e+03
-4.775831645779458995e+03
3.965764648437500000e+03
3.965764648437500000e+03
3.967554383972496908e+03
-4.896848166813305397e+03
3.965235595703125000e+03
3.965235595703125000e+03
3.988254447901847925e+03
4.235942627939425620e+03
3.964618408203125000e+03
3.964618408203125000e+03
3.961646612912190903e+03
3.873020182918667160e+03
3.964143554687500000e+03
3.964143554687500000e+03
3.879776640362838862e+03
4.205941533868484839e+03
3.963318847656250000e+03
3.963318847656250000e+03
3.779845041132369715e+03
4.285350750113114373e+03
3.962921875000000000e+03
3.962921875000000000e+03
3.955037480444074845e+03
2.678709881300552752e+03
3.962173095703125000e+03
3.962173095703125000e+03
4.044353814482695725e+03
4.038371812202969068e+03
3.961575683593750000e+03
3.961575683593750000e+03
4.024677151921268432e+03
2.526323617620261757e+03
3.960967285156250000e+03
3.960967285156250000e+03
4.074052985244645697e+03
3.857395738971471474e+03
3.960419433593750000e+03
3.960419433593750000e+03
3.969110556759395877e+03
3.769587736534405849e+03
3.960207031250000000e+03
3.960207031250000000e+03
3.939055119605471191e+03
3.525336053092661132e+03
3.959859130859375000e+03
3.959859130859375000e+03
3.507448402923022968e+03
2.811649048796694387e+03
3.959024658203125000e+03
3.959024658203125000e+03
3.743162861335698835e+03
3.790287051091943795e+03
3.958738281250000000e+03
3.958738281250000000e+03
3.956463279661138586e+03
4.046382486192690976e+03
3.957449462890625000e+03
3.957449462890625000e+03
3.830684714993611578e+03
3.763336293616276635e+03
3.955330566406250000e+03
3.955330566406250000e+03
3.905234751963659619e+03
3.887599875050623268e+03
3.954501220703125000e+03
3.954501220703125000e+03
3.918102014270099971e+03
4.001844811578740973e+03
3.951714355468750000e+03
3.951714355468750000e+03
3.952758464738079510e+03
3.771855871469687827e+03
3.950621826171875000e+03
3.950621826171875000e+03
4.022260165992672228e+03
3.867456951519746781e+03
3.947818115234375000e+03
3.947818115234375000e+03
4.035910665071834501e+03
3.893427581530939733e+03
3.944165771484375000e+03
3.944165771484375000e+03
3.833853676427927894e+03
3.909578824362148680e+03
3.944853759765625000e+03
3.944853759765625000e+03
3.955924828816316221e+03
3.794141574000133005e+03
3.932171875000000000e+03
3.932171875000000000e+03
3.918644149130717778e+03
4.029732031971752804e+03
3.931760986328125000e+03
3.931760986328125000e+03
3.964757102383727215e+03
3.829217015080536839e+03
3.932254150390625000e+03
3.932254150390625000e+03
3.931228713131930817e+03
3.478762932393142819e+03
3.933621826171875000e+03
3.933621826171875000e+03
3.883431278193149865e+03
3.577287251938535974e+03
3.935911865234375000e+03
3.935911865234375000e+03
3.915379897437192085e+03
3.582135154087469346e+03
3.935686035156250000e+03
3.935686035156250000e+03
3.837968756716114058e+03
3.504385739837692199e+03
3.938833496093750000e+03
3.938833496093750000e+03
3.987721203202072957e+03
3.890740844151735928e+03
3.920946289062500000e+03
3.920946289062500000e+03
3.982778885308192457e+03
3.908278679811519396e+03
3.922060791015625000e+03
3.922060791015625000e+03
3.814353287996270865e+03
3.817458902858622423e+03
3.920580322265625000e+03
3.920580322265625000e+03
3.917723003875100403e+03
3.987926187784752983e+03
3.926088867187500000e+03
3.926088867187500000e+03
3.960177267074837346e+03
3.843556750549792014e+03
3.926928222656250000e+03
3.926928222656250000e+03
3.957128880388082052e+03
3.751027441748148249e+03
3.925725830078125000e+03
3.925725830078125000e+03
3.934761600450977767e+03
3.787950936730199828e+03
3.933219970703125000e+03
3.933219970703125000e+03
3.968150661635001143e+03
3.938694474544731293e+03
3.931260986328125000e+03
3.931260986328125000e+03
3.861961890547602252e+03
3.951854448189765208e+03
3.924436523437500000e+03
3.924436523437500000e+03
3.904234048130816973e+03
3.686681078309656186e+03
3.920196533203125000e+03
3.920196533203125000e+03
3.904630330638367468e+03
3.899069653604819905e+03
3.926110107421875000e+03
3.926110107421875000e+03
3.955014201540424892e+03
3.892727965247126576e+03
3.927407470703125000e+03
3.927407470703125000e+03
3.967019898772784927e+03
4.100077534570043099e+03
3.915973632812500000e+03
3.915973632812500000e+03
3.895339392638568370e+03
3.848017739771164543e+03
3.922243896484375000e+03
3.922243896484375000e+03
3.930785224360272878e+03
3.885073208777827404e+03
3.899296875000000000e+03
3.899296875000000000e+03
3.887979879981365684e+03
3.739281973157756966e+03
3.895971191406250000e+03
3.895971191406250000e+03
3.893421716273837774e+03
3.878179377781752464e+03
3.910041015625000000e+03
3.910041015625000000e+03
3.885061552529396977e+03
3.755980089794355990e+03
3.914401855468750000e+03
3.914401855468750000e+03
3.905755114679775033e+03
3.967306836068190023e+03
3.933041503906250000e+03
3.933041503906250000e+03
3.936685438016516855e+03
3.889494385830793817e+03
3.944866943359375000e+03
3.944866943359375000e+03
3.938439888446209352e+03
3.907378460479207661e+03
3.934437500000000000e+03
3.934437500000000000e+03
3.937046662950805967e+03
3.925707858521261187e+03
3.927560791015625000e+03
3.927560791015625000e+03
3.929072592179759340e+03
3.850689263063193266e+03
3.935543212890625000e+03
3.935543212890625000e+03
3.930415248819990666e+03
3.917741206819860508e+03
3.922070556640625000e+03
3.922070556640625000e+03
3.917492528515933827e+03
3.900574417714148694e+03
3.921293945312500000e+03
3.921293945312500000e+03
3.921392733929955739e+03
3.875600995917633554e+03
3.906553710937500000e+03
3.906553710937500000e+03
3.913764714680388806e+03
3.922019490372233577e+03
3.906774414062500000e+03
3.906774414062500000e+03
3.909541154656640629e+03
3.907538515597314017e+03
3.894505859375000000e+03
3.894505859375000000e+03
3.896167254703319486e+03
3.926910723915000744e+03
3.884236083984375000e+03
3.884236083984375000e+03
3.889980555044250195e+03
3.904200885512016157e+03
3.901136230468750000e+03
3.901136230468750000e+03
3.911522936946406844e+03
3.905770646418607157e+03
3.897585693359375000e+03
3.897585693359375000e+03
3.901107288271316065e+03
3.899543602347133401e+03
3.889846191406250000e+03
3.889846191406250000e+03
3.888430686388329377e+03
3.884798727420140949e+03
3.894254394531250000e+03
3.894254394531250000e+03
3.897292019940862701e+03
3.903930625523503750e+03
3.887294921875000000e+03
3.887294921875000000e+03
3.883082400363283341e+03
3.886454996825365924e+03
3.882168212890625000e+03
3.882168212890625000e+03
3.881514349445911648e+03
3.889304713446090773e+03
3.873933349609375000e+03
3.873933349609375000e+03
3.873346162305321286e+03
3.877917399619094340e+03
3.872873291015625000e+03
3.872873291015625000e+03
3.877259249834739421e+03
3.894594212143374534e+03
3.864332031250000000e+03
3.864332031250000000e+03
3.869115751139369422e+03
3.872823585346746768e+03
3.870493652343750000e+03
3.870493652343750000e+03
3.877333186403507170e+03
3.882485441997876023e+03
3.884618652343750000e+03
3.884618652343750000e+03
3.883073265822233680e+03
3.890538216891550292e+03
3.897582519531250000e+03
3.897582519531250000e+03
3.892359498949392218e+03
3.903078963272949750e+03
3.895247802734375000e+03
3.895247802734375000e+03
3.891923959138207465e+03
3.907392099158863402e+03
3.903201416015625000e+03
3.903201416015625000e+03
3.903988069256101426e+03
3.904622267473206193e+03
3.908832763671875000e+03
3.908832763671875000e+03
3.910013193416838476e+03
3.918221415840628651e+03
3.913804687500000000e+03
3.913804687500000000e+03
3.914812634687028549e+03
3.915579042985010801e+03
3.920231201171875000e+03
3.920231201171875000e+03
3.920249255929385981e+03
3.922606644576088456e+03
3.923796142578125000e+03
3.923796142578125000e+03
3.923731101314346233e+03
3.923132112475334452e+03
3.926139160156250000e+03
3.926139160156250000e+03
3.925875043375051519e+03
3.921402769708971846e+03
3.931141357421875000e+03
3.931141357421875000e+03
3.932830213464232202e+03
3.929984766069995203e+03
3.933483398437500000e+03
3.933483398437500000e+03
3.931968379562299106e+03
3.930227248771670475e+03
3.933691162109375000e+03
3.933691162109375000e+03
3.934669948641285373e+03
3.934397548854218712e+03
3.935916259765625000e+03
3.935916259765625000e+03
3.935177520988345805e+03
3.932422994651241424e+03
3.938865966796875000e+03
3.938865966796875000e+03
3.936798020437897321e+03
3.941569754337249833e+03
3.935479492187500000e+03
3.935479492187500000e+03
3.935497609785402346e+03
3.935683515358781733e+03
3.938866699218750000e+03
3.938866699218750000e+03
3.938722394607572824e+03
3.939403323823070878e+03
3.943763183593750000e+03
3.943763183593750000e+03
3.943864283776133107e+03
3.943155956073042489e+03
3.948256347656250000e+03
3.948256347656250000e+03
3.948343501929328340e+03
3.950115863050817097e+03
3.954191650390625000e+03
3.954191650390625000e+03
3.953892576658538474e+03
3.956944155842158125e+03
3.959333007812500000e+03
3.959333007812500000e+03
3.959169869006711906e+03
3.965633513121617852e+03
3.964542480468750000e+03
3.964542480468750000e+03
3.964239289424861454e+03
3.966690116717802084e+03
3.971633544921875000e+03
3.971633544921875000e+03
3.971316784673070288e+03
3.971392756264765012e+03
3.970489746093750000e+03
3.970489746093750000e+03
3.971307223772775615e+03
3.970299850593687097e+03
3.976511962890625000e+03
3.976511962890625000e+03
3.977398157590614574e+03
3.978283258166059113e+03
3.979880371093750000e+03
3.979880371093750000e+03
3.979525781338039906e+03
3.980466211718546674e+03
3.984410400390625000e+03
3.984410400390625000e+03
3.983796942368780037e+03
3.984105605307220685e+03
3.986821533203125000e+03
3.986821533203125000e+03
3.986701922638435008e+03
3.986586024333903879e+03
3.989914306640625000e+03
3.989914306640625000e+03
3.989735385316449538e+03
3.991038587744927554e+03
3.992176025390625000e+03
3.992176025390625000e+03
3.991698926631032919e+03
3.991272799981543358e+03
3.996742675781250000e+03
3.996742675781250000e+03
3.997028473269424012e+03
3.996713733110767862e+03
3.997684570312500000e+03
3.997684570312500000e+03
3.997357880035824110e+03
3.998473917187789993e+03
3.997920898437500000e+03
3.997920898437500000e+03
3.997826400854467011e+03
3.997760097920279804e+03
3.997920898437500000e+03
3.997920898437500000e+03
3.997906885982956737e+03
3.997764876027798891e+03
3.997920898437500000e+03
3.997920898437500000e+03
3.998100554089591242e+03
3.997841471794614336e+03
3.997920898437500000e+03
3.997920898437500000e+03
3.997560410728008719e+03
3.997199008405503264e+03
3.997920898437500000e+03
3.997920898437500000e+03
3.997675106463399970e+03
3.997847554765566656e+03
3.997920898437500000e+03
3.997920898437500000e+03
3.997750438104193563e+03
3.997834740364662139e+03
3.997920898437500000e+03
3.997920898437500000e+03
3.997961110614347945e+03
3.998365763028548827e+03
3.997920898437500000e+03
3.997920898437500000e+03
3.998258468328924664e+03
3.997849467576048482e+03
3.997920898437500000e+03
3.997920898437500000e+03
3.997599286940445381e+03
3.997753254256458149e+03
3.997920898437500000e+03
3.997920898437500000e+03
3.998637734161942262e+03
3.999831371185146509e+03
3.997920898437500000e+03
3.997920898437500000e+03
3.997848824029985281e+03
3.997405786419644755e+03
3.997920898437500000e+03
3.997920898437500000e+03
3.997710400779179963e+03
3.997449419612177735e+03
3.997920898437500000e+03
3.997920898437500000e+03
3.998020137137227721e+03
3.998102309699273974e+03
3.997920898437500000e+03
3.997920898437500000e+03
3.997072411296489918e+03
3.998016891565689093e+03
3.997920898437500000e+03
3.997920898437500000e+03
3.997433359521377952e+03
3.997266768574716480e+03
3.997920898437500000e+03
3.997920898437500000e+03
3.998368937696338435e+03
3.997930651107606991e+03
3.997920898437500000e+03
3.997920898437500000e+03
3.997826171141300620e+03
3.997532832924937338e+03
3.997920898437500000e+03
3.997920898437500000e+03
3.997716491706750730e+03
3.997029403010186343e+03
3.997920898437500000e+03
3.997920898437500000e+03
3.997410473431681567e+03
3.997886052585848120e+03
3.997920898437500000e+03
3.997920898437500000e+03
3.997560199590654065e+03
3.997300598466782503e+03
3.997920898437500000e+03
3.997920898437500000e+03
3.997261106361192105e+03
3.997025055697701646e+03
3.997920898437500000e+03
3.997920898437500000e+03
3.997576412853959482e+03
3.996928706507946572e+03
3.997920898437500000e+03
3.997920898437500000e+03
3.997932976334787782e+03
3.997609557921547093e+03
3.997920898437500000e+03
3.997920898437500000e+03
3.997856214812984945e+03
3.997435819643542345e+03
3.997920898437500000e+03
3.997920898437500000e+03
3.997967684601173914e+03
3.998447964545726791e+03
3.997920898437500000e+03
3.997920898437500000e+03
3.998179281919280584e+03
3.998375322691653764e+03
3.997920898437500000e+03
3.997920898437500000e+03
3.997787527039948145e+03
3.998272266722476161e+03
3.997920898437500000e+03
3.997920898437500000e+03
3.997730337361249440e+03
3.998464814079531607e+03
3.997920898437500000e+03
3.997920898437500000e+03
3.997938705322503665e+03
3.998636360044559297e+03
3.997920898437500000e+03
3.997920898437500000e+03
3.997185486902140383e+03
3.997610785937573382e+03
3.997920898437500000e+03
3.997920898437500000e+03
3.997467027982542731e+03
3.997383054852348323e+03
3.997920898437500000e+03
3.997920898437500000e+03
3.997848301004435143e+03
3.998117694399809352e+03
3.997920898437500000e+03
3.997920898437500000e+03
3.998387261840150586e+03
3.998896791328388190e+03
3.997920898437500000e+03
3.997920898437500000e+03
3.997891927602287069e+03
3.997018417293173115e+03
3.997920898437500000e+03
3.997920898437500000e+03
3.998279216063710464e+03
3.998515341995379913e+03
3.997920898437500000e+03
3.997920898437500000e+03
3.997767711512509322e+03
3.996770352158187052e+03
3.997920898437500000e+03
3.997920898437500000e+03
3.997680399661235242e+03
3.997354701506226320e+03
3.997920898437500000e+03
3.997920898437500000e+03
3.997612792204724883e+03
3.998258084771461199e+03
3.997920898437500000e+03
3.997920898437500000e+03
3.997853148944054283e+03
3.997325811210091615e+03
3.997920898437500000e+03
3.997920898437500000e+03
3.998074858371910068e+03
3.998855426609942697e+03
3.997920898437500000e+03
3.997920898437500000e+03
3.997485785011797816e+03
3.997034694457184742e+03
3.997920898437500000e+03
3.997920898437500000e+03
3.998086301720084066e+03
3.998168550972313824e+03
3.997920898437500000e+03
3.997920898437500000e+03
3.998143729375360635e+03
3.998031107782113850e+03
3.997920898437500000e+03
3.997920898437500000e+03
3.998303931369803195e+03
3.998158960470507736e+03
3.997920898437500000e+03
3.997920898437500000e+03
3.998249257159516219e+03
3.998888814571320836e+03
3.997920898437500000e+03
3.997920898437500000e+03
3.997531533265507278e+03
3.998011291060719032e+03
3.997920898437500000e+03
3.997920898437500000e+03
3.998115682445038146e+03
3.997704288785239896e+03
3.997920898437500000e+03
3.997920898437500000e+03
3.998597977065022405e+03
3.998885651992674866e+03
3.997920898437500000e+03
3.997920898437500000e+03
3.999260394777320471e+03
3.999640861415698510e+03
3.997920898437500000e+03
3.997920898437500000e+03
3.997968479519111042e+03
3.997494373817635278e+03
3.997920898437500000e+03
3.997920898437500000e+03
3.997543845798270013e+03
3.997772131805263598e+03
3.997920898437500000e+03
3.997920898437500000e+03
3.997924977889257207e+03
3.997668471657861573e+03
3.997920898437500000e+03
3.997920898437500000e+03
3.997294099394955538e+03
3.998419124463397111e+03
3.997920898437500000e+03
3.997920898437500000e+03
3.998168287729910389e+03
3.998109288262320206e+03
3.997920898437500000e+03
3.997920898437500000e+03
3.997782306095270087e+03
3.997395321877874721e+03
3.997920898437500000e+03
3.997920898437500000e+03
3.998017417252631276e+03
3.998116852416630081e+03
3.997920898437500000e+03
3.997920898437500000e+03
3.997664912693897350e+03
3.997166767512272145e+03
3.997920898437500000e+03
3.997920898437500000e+03
3.998418399380761912e+03
3.998450993979870418e+03
3.997920898437500000e+03
3.997920898437500000e+03
3.997691067355894120e+03
3.997651097690257757e+03
3.997920898437500000e+03
3.997920898437500000e+03
3.997439843340229345e+03
3.997031329060449480e+03
3.997920898437500000e+03
3.997920898437500000e+03
3.997718357898343584e+03
3.998551531328045712e+03
3.997920898437500000e+03
3.997920898437500000e+03
3.997853462534510982e+03
3.998062859102567927e+03
3.997920898437500000e+03
3.997920898437500000e+03
3.997356491321471367e+03
3.997125109049597995e+03
3.997920898437500000e+03
3.997920898437500000e+03
3.998090870717627695e+03
3.998711015831632722e+03
3.997920898437500000e+03
3.997920898437500000e+03
3.997494803430776301e+03
3.996783389768427242e+03
3.997920898437500000e+03
3.997920898437500000e+03
3.998026626611897882e+03
3.997850162304619062e+03
3.997920898437500000e+03
3.997920898437500000e+03
3.998257677854747726e+03
3.998156806062365831e+03
3.997920898437500000e+03
3.997920898437500000e+03
3.997728759421020186e+03
3.997362296696664544e+03
3.997920898437500000e+03
3.997920898437500000e+03
3.997299678720572047e+03
3.998857696368123925e+03
3.997920898437500000e+03
3.997920898437500000e+03
3.998779191835345955e+03
3.998836420490282762e+03
3.997920898437500000e+03
3.997920898437500000e+03
3.997962029212516427e+03
3.997965598408146434e+03
3.997920898437500000e+03
3.997920898437500000e+03
3.998110417334015438e+03
3.998253771155427330e+03
3.997920898437500000e+03
3.997920898437500000e+03
3.998192096906584993e+03
3.998844132810907013e+03
3.997920898437500000e+03
3.997920898437500000e+03
3.997921064917525655e+03
3.998059362968504047e+03
3.997920898437500000e+03
3.997920898437500000e+03
3.998756073696607473e+03
3.998529539287711941e+03
3.997920898437500000e+03
3.997920898437500000e+03
3.997962251544007813e+03
3.997266351044988824e+03
3.997920898437500000e+03
3.997920898437500000e+03
3.997878905674865564e+03
3.998274980734244309e+03
3.997920898437500000e+03
3.997920898437500000e+03
3.998278310641248481e+03
3.998399966219936687e+03
3.997920898437500000e+03
3.997920898437500000e+03
3.997889396286738702e+03
3.998328902708334226e+03
3.997920898437500000e+03
3.997920898437500000e+03
3.997654343718098971e+03
3.997992503907661558e+03
3.997920898437500000e+03
3.997920898437500000e+03
3.998563150901005883e+03
3.999312262471519716e+03
3.997920898437500000e+03
3.997920898437500000e+03
3.997358525222495246e+03
3.996972469553958490e+03
3.997920898437500000e+03
3.997920898437500000e+03
3.997914958061096513e+03
3.999148570982568799e+03
3.997920898437500000e+03
3.997920898437500000e+03
3.997759887009762224e+03
3.997483726053898408e+03
3.997920898437500000e+03
3.997920898437500000e+03
3.998348043056621918e+03
3.999061860254968906e+03
3.997920898437500000e+03
3.997920898437500000e+03
3.997781419858507888e+03
3.998157764449273600e+03
3.997920898437500000e+03
3.997920898437500000e+03
3.998005639133375553e+03
3.998650027804127149e+03
3.997920898437500000e+03
3.997920898437500000e+03
3.997713029791183544e+03
3.996991856420973818e+03
3.997920898437500000e+03
3.997920898437500000e+03
3.998196336868956223e+03
3.998749737834421467e+03
3.997920898437500000e+03
3.997920898437500000e+03
3.997586617501040564e+03
3.998050081225860140e+03
3.997920898437500000e+03
3.997920898437500000e+03
3.997680377649708134e+03
3.997555224868896403e+03
3.997920898437500000e+03
3.997920898437500000e+03
3.998301666776363163e+03
3.997545142404117087e+03
3.997920898437500000e+03
3.997920898437500000e+03
3.998053753773809603e+03
3.998535960425524536e+03
3.997920898437500000e+03
3.997920898437500000e+03
3.997386215600107334e+03
3.997397884997034453e+03
3.997920898437500000e+03
3.997920898437500000e+03
3.998071418222340526e+03
3.998151368431914307e+03
3.997920898437500000e+03
3.997920898437500000e+03
3.998188504302199362e+03
3.998653848881216163e+03
3.997920898437500000e+03
3.997920898437500000e+03
3.997961713592580509e+03
3.997928565172758681e+03
3.997920898437500000e+03
3.997920898437500000e+03
3.998181801346072007e+03
3.998234790786947997e+03
3.997920898437500000e+03
3.997920898437500000e+03
3.998231075374333614e+03
3.997777091798930996e+03
3.997920898437500000e+03
3.997920898437500000e+03
3.997990830169820129e+03
3.998049494484313982e+03
3.997920898437500000e+03
3.997920898437500000e+03
3.997216177840532055e+03
3.997398953864727446e+03
3.997920898437500000e+03
3.997920898437500000e+03
3.997601361254527546e+03
3.996819726349610391e+03
3.997920898437500000e+03
3.997920898437500000e+03
3.997517012722752042e+03
3.997363225583702842e+03
3.997920898437500000e+03
3.997920898437500000e+03
3.997826264220183930e+03
3.998359942649909954e+03
3.997920898437500000e+03
3.997920898437500000e+03
3.997540032352950220e+03
3.997304663315443577e+03
3.997920898437500000e+03
3.997920898437500000e+03
3.997881932540266916e+03
3.997882461378965672e+03
3.997920898437500000e+03
3.997920898437500000e+03
3.997556798885933858e+03
3.997515837759203805e+03
3.997920898437500000e+03
3.997920898437500000e+03
3.998625372260074073e+03
3.998189281768976798e+03
3.997920898437500000e+03
3.997920898437500000e+03
3.997564947822660542e+03
3.998194210769296660e+03
3.997920898437500000e+03
3.997920898437500000e+03
3.998716621677438525e+03
3.999263636911661706e+03
3.997920898437500000e+03
3.997920898437500000e+03
3.997783967253990340e+03
3.998315378621506170e+03
3.997920898437500000e+03
3.997920898437500000e+03
3.998665770463561785e+03
3.999468237624832454e+03
3.997920898437500000e+03
3.997920898437500000e+03
3.998480830444023923e+03
3.999307077346769802e+03
3.997920898437500000e+03
3.997920898437500000e+03
3.998339103756869008e+03
3.998096846928630839e+03
3.997920898437500000e+03
3.997920898437500000e+03
3.998042343845372216e+03
3.998330756025746268e+03
3.997920898437500000e+03
3.997920898437500000e+03
3.997533389811871530e+03
3.998421633839433980e+03
3.997920898437500000e+03
3.997920898437500000e+03
3.998500313858511618e+03
3.999337488994879550e+03
3.997920898437500000e+03
3.997920898437500000e+03
3.997476747597809208e+03
3.996986487584776569e+03
3.997920898437500000e+03
3.997920898437500000e+03
3.997612010567887864e+03
3.997873768361630482e+03
3.997920898437500000e+03
3.997920898437500000e+03
3.998222408343815914e+03
3.998803492921496400e+03
3.997920898437500000e+03
3.997920898437500000e+03
3.997212914414866646e+03
3.996893606108243603e+03
3.997920898437500000e+03
3.997920898437500000e+03
3.998179683091678726e+03
3.998057247653336162e+03
3.997920898437500000e+03
3.997920898437500000e+03
3.997385998961142377e+03
3.997333091647436049e+03
3.997920898437500000e+03
3.997920898437500000e+03
3.998209341774465884e+03
3.998643332509144784e+03
3.997920898437500000e+03
3.997920898437500000e+03
3.997732110071658099e+03
3.997679929809604346e+03
3.997920898437500000e+03
3.997920898437500000e+03
3.997590741500971490e+03
3.997758960336434029e+03
3.997920898437500000e+03
3.997920898437500000e+03
3.998042359762464912e+03
3.997742856833045607e+03
3.997920898437500000e+03
3.997920898437500000e+03
3.997450399599591037e+03
3.997119208592976975e+03
3.997920898437500000e+03
3.997920898437500000e+03
3.997775319947608750e+03
3.997609191132974956e+03
3.997920898437500000e+03
3.997920898437500000e+03
3.997380704430282094e+03
3.996989441956888186e+03
3.997920898437500000e+03
3.997920898437500000e+03
3.998090132531122890e+03
3.997502278791525896e+03
3.997920898437500000e+03
3.997920898437500000e+03
3.997765589346457091e+03
3.997077193496117161e+03
3.997920898437500000e+03
3.997920898437500000e+03
3.998411229229478522e+03
3.998478291392872507e+03
3.997920898437500000e+03
3.997920898437500000e+03
3.997966019193493139e+03
3.997886551669250366e+03
3.997920898437500000e+03
3.997920898437500000e+03
3.998417604680801560e+03
3.998138546869163747e+03
3.997920898437500000e+03
3.997920898437500000e+03
3.998041205263055872e+03
3.997570963554796890e+03
3.997920898437500000e+03
3.997920898437500000e+03
3.997699783151117572e+03
3.998317829729468940e+03
3.997920898437500000e+03
3.997920898437500000e+03
3.998277478910371428e+03
3.998802544703928106e+03
3.997920898437500000e+03
3.997920898437500000e+03
3.997783530062404225e+03
3.996989144369630139e+03
3.997920898437500000e+03
3.997920898437500000e+03
3.997993985807914669e+03
3.997783999049659997e+03
3.997920898437500000e+03
3.997920898437500000e+03
3.998017904168517362e+03
3.997379442926709544e+03
3.997920898437500000e+03
3.997920898437500000e+03
3.998664288433107686e+03
3.999046368989566872e+03
3.997920898437500000e+03
3.997920898437500000e+03
3.997987095974430304e+03
3.998731800860956355e+03
3.997920898437500000e+03
3.997920898437500000e+03
3.997371135481044348e+03
3.997833586982592806e+03
3.997920898437500000e+03
3.997920898437500000e+03
3.997407567686291713e+03
3.997158945512277569e+03
3.997920898437500000e+03
3.997920898437500000e+03
3.997888032311313509e+03
3.997406345694800166e+03
3.997920898437500000e+03
3.997920898437500000e+03
3.997966231109461205e+03
3.997204193113653218e+03
3.997920898437500000e+03
3.997920898437500000e+03
3.997948520580537661e+03
3.997782534239736833e+03
3.997920898437500000e+03
3.997920898437500000e+03
3.997496109824250198e+03
3.996918436285854568e+03
3.997920898437500000e+03
3.997920898437500000e+03
3.998360413476087615e+03
3.998368020381673432e+03
3.997920898437500000e+03
3.997920898437500000e+03
3.998233230725116755e+03
3.998386735789821614e+03
3.997920898437500000e+03
3.997920898437500000e+03
3.997858437195029182e+03
3.998408954417897803e+03
3.997920898437500000e+03
3.997920898437500000e+03
3.997782335785536816e+03
3.997260929022317669e+03
3.997920898437500000e+03
3.997920898437500000e+03
3.997591856067281242e+03
3.997739603463669937e+03
3.997920898437500000e+03
3.997920898437500000e+03
3.998021375223501309e+03
3.997863596488052281e+03
3.997920898437500000e+03
3.997920898437500000e+03
3.997558011987566715e+03
3.997230011633516369e+03
3.997920898437500000e+03
3.997920898437500000e+03
3.997797139581931333e+03
3.997901623642947470e+03
3.997920898437500000e+03
3.997920898437500000e+03
3.998188132764922557e+03
3.999293531102156521e+03
3.997920898437500000e+03
3.997920898437500000e+03
3.998248757456057774e+03
3.999246559076605536e+03
3.997920898437500000e+03
3.997920898437500000e+03
3.998246665556375319e+03
3.999149506109463800e+03
3.997920898437500000e+03
3.997920898437500000e+03
3.998041718514023160e+03
3.998362531958880027e+03
3.997920898437500000e+03
3.997920898437500000e+03
3.997722995018727943e+03
3.997268689508656735e+03
3.997920898437500000e+03
3.997920898437500000e+03
3.997866649281730588e+03
3.998178046674852794e+03
3.997920898437500000e+03
3.997920898437500000e+03
3.997204649175830127e+03
3.997519218651916162e+03
3.997920898437500000e+03
3.997920898437500000e+03
3.997811791210359843e+03
3.997443675117646762e+03
3.997920898437500000e+03
3.997920898437500000e+03
3.997507052694959384e+03
3.997307808397851204e+03
3.997920898437500000e+03
3.997920898437500000e+03
3.997518933451638077e+03
3.999086822154796664e+03
3.997920898437500000e+03
3.997920898437500000e+03
3.998356269901370524e+03
3.998720580158842495e+03
3.997920898437500000e+03
3.997920898437500000e+03
3.998622005014720344e+03
3.998295511134916069e+03
3.997920898437500000e+03
3.997920898437500000e+03
3.997935750161389478e+03
3.998499097758991411e+03
3.997920898437500000e+03
3.997920898437500000e+03
3.997754131697627145e+03
3.998309697081920604e+03
3.997920898437500000e+03
3.997920898437500000e+03
3.997645987604262700e+03
3.997045533592762695e+03
3.997920898437500000e+03
3.997920898437500000e+03
3.998568003787032922e+03
3.998210331876261534e+03
3.997920898437500000e+03
3.997920898437500000e+03
3.997834893637493678e+03
3.998211895632913638e+03
3.997920898437500000e+03
3.997920898437500000e+03
3.997789098019505673e+03
3.998604760230268312e+03
3.997920898437500000e+03
3.997920898437500000e+03
3.998037093729990374e+03
3.997251845174555456e+03
3.997920898437500000e+03
3.997920898437500000e+03
3.997900877110131205e+03
3.997712343405599313e+03
3.997920898437500000e+03
3.997920898437500000e+03
3.997593998846824434e+03
3.997403297374675276e+03
3.997920898437500000e+03
3.997920898437500000e+03
3.998110365726370219e+03
3.998216397223795411e+03
3.997920898437500000e+03
3.997920898437500000e+03
3.997938712578120430e+03
3.997394131775630285e+03
3.997920898437500000e+03
3.997920898437500000e+03
3.998639117095258825e+03
3.998846501956475549e+03
3.997920898437500000e+03
3.997920898437500000e+03
3.997894311542691412e+03
3.997843199695980275e+03
3.997920898437500000e+03
3.997920898437500000e+03
3.997879984986089767e+03
3.997495029305051503e+03
3.997920898437500000e+03
3.997920898437500000e+03
3.997956230236158717e+03
3.998210334979984964e+03
3.997920898437500000e+03
3.997920898437500000e+03
3.997784833304603580e+03
3.998072538195120615e+03
3.997920898437500000e+03
3.997920898437500000e+03
3.998534392189186292e+03
3.998574963585750993e+03
3.997920898437500000e+03
3.997920898437500000e+03
3.997918251188684735e+03
3.998501638199290937e+03
3.997920898437500000e+03
3.997920898437500000e+03
3.997729711231878355e+03
3.997965178390425081e+03
3.997920898437500000e+03
3.997920898437500000e+03
3.997776790434724717e+03
3.997869956418017409e+03
3.997920898437500000e+03
3.997920898437500000e+03
3.997821900210916283e+03
3.998630759007408415e+03
3.997920898437500000e+03
3.997920898437500000e+03
3.997609424526255680e+03
3.997486887725191082e+03
3.997920898437500000e+03
3.997920898437500000e+03
3.998517310493379682e+03
3.998779050382814148e+03
3.997920898437500000e+03
3.997920898437500000e+03
3.997824064385007659e+03
3.997822803408787877e+03
3.997920898437500000e+03
3.997920898437500000e+03
3.997873895445276503e+03
3.998334279953101486e+03
3.997920898437500000e+03
3.997920898437500000e+03
3.997651961446549649e+03
3.997471915261598951e+03
3.997920898437500000e+03
3.997920898437500000e+03
3.997762469816727844e+03
3.998326408394455029e+03
3.997920898437500000e+03
3.997920898437500000e+03
3.997601257651166634e+03
3.997756267991411278e+03
3.997920898437500000e+03
3.997920898437500000e+03
3.997816602674874503e+03
3.997255443378382097e+03
3.997920898437500000e+03
3.997920898437500000e+03
3.998020398503724664e+03
3.997618562890474550e+03
3.997920898437500000e+03
3.997920898437500000e+03
3.997912011305538272e+03
3.997867414694002036e+03
3.997920898437500000e+03
3.997920898437500000e+03
3.998300497620149599e+03
3.998173213932577710e+03
3.997920898437500000e+03
3.997920898437500000e+03
3.997830709245296475e+03
3.997094951637871873e+03
3.997920898437500000e+03
3.997920898437500000e+03
3.998105600221007080e+03
3.997683986911277316e+03
3.997920898437500000e+03
3.997920898437500000e+03
3.997371740492753361e+03
3.997703855716494218e+03
3.997920898437500000e+03
3.997920898437500000e+03
3.997680032575541645e+03
3.998167015270669708e+03
3.997920898437500000e+03
3.997920898437500000e+03
3.998121305606718124e+03
3.998285950394091287e+03
3.997920898437500000e+03
3.997920898437500000e+03
3.998802760582034352e+03
3.999143616125275912e+03
3.997920898437500000e+03
3.997920898437500000e+03
3.998391707771304482e+03
3.998682903597969471e+03
3.997920898437500000e+03
3.997920898437500000e+03
3.998217641652102429e+03
3.998149321154427525e+03
3.997920898437500000e+03
3.997920898437500000e+03
3.997651025275695247e+03
3.998037678626797060e+03
3.997920898437500000e+03
3.997920898437500000e+03
3.997215818081956513e+03
3.997531365984712920e+03
3.997920898437500000e+03
3.997920898437500000e+03
3.998146758873047929e+03
3.998124193716257196e+03
3.997920898437500000e+03
3.997920898437500000e+03
3.998924881143422681e+03
3.998507855328183723e+03
3.997920898437500000e+03
3.997920898437500000e+03
3.998061538834866951e+03
3.997795678188230340e+03
3.997920898437500000e+03
3.997920898437500000e+03
3.997753672167071272e+03
3.997231164241637543e+03
3.997920898437500000e+03
3.997920898437500000e+03
3.997878891920607202e+03
3.998483807320258620e+03
3.997920898437500000e+03
3.997920898437500000e+03
3.998129643637824302e+03
3.998561040963911182e+03
3.997920898437500000e+03
3.997920898437500000e+03
3.997912887613855673e+03
3.997833623563916717e+03
3.997920898437500000e+03
3.997920898437500000e+03
3.998180181660720791e+03
3.997629230018362705e+03
3.997920898437500000e+03
3.997920898437500000e+03
3.997644995563393422e+03
3.997898335680157743e+03
3.997920898437500000e+03
3.997920898437500000e+03
3.998496001738247742e+03
3.999156444755367829e+03
3.997920898437500000e+03
3.997920898437500000e+03
3.998126619788999051e+03
3.998042412046143909e+03
3.997920898437500000e+03
3.997920898437500000e+03
3.997845539348882085e+03
3.998037808876510553e+03
3.997920898437500000e+03
3.997920898437500000e+03
3.998134891154445540e+03
3.997402389691530516e+03
3.997920898437500000e+03
3.997920898437500000e+03
3.997168494675082002e+03
3.998037534438804869e+03
3.997920898437500000e+03
3.997920898437500000e+03
3.998804034594814311e+03
3.999876405571960731e+03
3.997920898437500000e+03
3.997920898437500000e+03
3.997804913436477364e+03
3.998339857709575881e+03
3.997920898437500000e+03
3.997920898437500000e+03
3.998391666273171268e+03
3.998208776851191033e+03
3.997920898437500000e+03
3.997920898437500000e+03
3.998347164120928028e+03
3.998267421979625396e+03
3.997920898437500000e+03
3.997920898437500000e+03
3.998160264906478460e+03
3.998615685083645985e+03
3.997920898437500000e+03
3.997920898437500000e+03
3.997741171305100579e+03
3.997567878741630921e+03
3.997920898437500000e+03
3.997920898437500000e+03
3.998328011682837314e+03
3.998484522955428474e+03
3.997920898437500000e+03
3.997920898437500000e+03
3.997878368050539848e+03
3.998090837074769752e+03
3.997920898437500000e+03
3.997920898437500000e+03
3.997987110078594469e+03
3.997318854753861615e+03
3.997920898437500000e+03
3.997920898437500000e+03
3.998163218679444981e+03
3.998590362861383255e+03
3.997920898437500000e+03
3.997920898437500000e+03
3.997659761696967507e+03
3.997838572318399656e+03
3.997920898437500000e+03
3.997920898437500000e+03
3.998083460331886727e+03
3.997787620977687766e+03
3.997920898437500000e+03
3.997920898437500000e+03
3.997949937795526239e+03
3.997542202393404295e+03
3.997920898437500000e+03
3.997920898437500000e+03
3.997569516874697001e+03
3.997510431988725031e+03
3.997920898437500000e+03
3.997920898437500000e+03
3.997637138879860231e+03
3.997107244592434654e+03
3.997920898437500000e+03
3.997920898437500000e+03
3.997998054120497727e+03
3.998512232925093940e+03
3.997920898437500000e+03
3.997920898437500000e+03
3.997818843441608806e+03
3.997901590241960093e+03
3.997920898437500000e+03
3.997920898437500000e+03
3.997816436922968933e+03
3.997165030301632669e+03
3.997920898437500000e+03
3.997920898437500000e+03
3.998460346742110687e+03
3.998200337048162055e+03
3.997920898437500000e+03
3.997920898437500000e+03
3.997685043369547657e+03
3.997066238934692137e+03
3.997920898437500000e+03
3.997920898437500000e+03
3.997941660345221408e+03
3.998553175557231953e+03
3.997920898437500000e+03
3.997920898437500000e+03
3.998440741828589125e+03
3.998190074985519004e+03
3.997920898437500000e+03
3.997920898437500000e+03
3.997916164260769619e+03
3.997379163533578776e+03
3.997920898437500000e+03
3.997920898437500000e+03
3.997933411665006588e+03
3.998000817621139504e+03
3.997920898437500000e+03
3.997920898437500000e+03
3.998365929614653851e+03
3.998559968609089992e+03
3.997920898437500000e+03
3.997920898437500000e+03
3.998239497831148583e+03
3.998157273207178605e+03
3.997920898437500000e+03
3.997920898437500000e+03
3.997768039944791781e+03
3.997901684665539051e+03
3.997920898437500000e+03
3.997920898437500000e+03
3.998013484430453445e+03
3.997569351161382201e+03
3.997920898437500000e+03
3.997920898437500000e+03
3.997913537814015854e+03
3.998112506701051188e+03
3.997920898437500000e+03
3.997920898437500000e+03
3.998196858221065668e+03
3.997676815772170357e+03
3.997920898437500000e+03
3.997920898437500000e+03
3.998327152096910595e+03
3.997905316611405397e+03
3.997920898437500000e+03
3.997920898437500000e+03
3.997941183072573040e+03
3.998644905960910364e+03
3.997920898437500000e+03
3.997920898437500000e+03
3.997304464636395096e+03
3.997228628306764676e+03
3.997920898437500000e+03
3.997920898437500000e+03
3.997758575217469115e+03
3.998309421774651582e+03
3.997920898437500000e+03
3.997920898437500000e+03
3.997450097029851349e+03
3.997546312495865550e+03
3.997920898437500000e+03
3.997920898437500000e+03
3.997798727786454947e+03
3.997059172879924517e+03
3.997920898437500000e+03
3.997920898437500000e+03
3.997940054032494572e+03
3.997748986903273362e+03
3.997920898437500000e+03
3.997920898437500000e+03
3.998581419018455108e+03
3.998087174153202795e+03
3.997920898437500000e+03
3.997920898437500000e+03
3.997612653656274233e+03
3.996954800036342931e+03
3.997920898437500000e+03
3.997920898437500000e+03
3.997603010229765005e+03
3.997965348360655298e+03
3.997920898437500000e+03
3.997920898437500000e+03
3.998711797435676544e+03
3.999466888397994808e+03
3.997920898437500000e+03
3.997920898437500000e+03
3.997415650191740951e+03
3.997222471285772372e+03
3.997920898437500000e+03
3.997920898437500000e+03
3.998252182990733672e+03
3.998678401948978717e+03
3.997920898437500000e+03
3.997920898437500000e+03
3.998666447101740687e+03
3.998411382577849054e+03
3.997920898437500000e+03
3.997920898437500000e+03
3.997930809689114540e+03
3.997942455760682606e+03
3.997920898437500000e+03
3.997920898437500000e+03
3.998450364972104126e+03
3.998455515483918589e+03
3.997920898437500000e+03
3.997920898437500000e+03
3.997812614105584998e+03
3.997802483231870156e+03
3.997920898437500000e+03
3.997920898437500000e+03
3.998617545946745395e+03
3.999412399135978831e+03
3.997920898437500000e+03
3.997920898437500000e+03
3.998047451210795771e+03
3.997681325443717469e+03
3.997920898437500000e+03
3.997920898437500000e+03
3.997953358891371408e+03
3.997889396597848645e+03
3.997920898437500000e+03
3.997920898437500000e+03
3.998315518977106422e+03
3.997676032566594586e+03
3.997920898437500000e+03
3.997920898437500000e+03
3.997851976514117268e+03
3.997254111470622320e+03
3.997920898437500000e+03
3.997920898437500000e+03
3.998124217759718249e+03
3.998184785915195789e+03
3.997920898437500000e+03
3.997920898437500000e+03
3.998247526748223208e+03
3.997678884848473899e+03
3.997920898437500000e+03
3.997920898437500000e+03
3.997627082953278659e+03
3.997502805458704643e+03
3.997920898437500000e+03
3.997920898437500000e+03
3.998867801126300037e+03
3.999897281243062480e+03
3.997920898437500000e+03
3.997920898437500000e+03
3.997646121033556028e+03
3.997980889635687163e+03
3.997920898437500000e+03
3.997920898437500000e+03
3.997728541385687549e+03
3.997430380091022016e+03
3.997920898437500000e+03
3.997920898437500000e+03
3.997822475797430798e+03
3.997656341386668373e+03
3.997920898437500000e+03
3.997920898437500000e+03
3.997852966136261330e+03
3.997511848086285227e+03
3.997920898437500000e+03
3.997920898437500000e+03
3.998214580912629572e+03
3.998221681267744771e+03
3.997920898437500000e+03
3.997920898437500000e+03
3.997763427554287318e+03
3.997507593935641125e+03
3.997920898437500000e+03
3.997920898437500000e+03
3.998069925407162827e+03
3.997677783682409881e+03
3.997920898437500000e+03
3.997920898437500000e+03
3.998108704648504954e+03
3.998080826010036617e+03
3.997920898437500000e+03
3.997920898437500000e+03
3.997317633249564551e+03
3.997712420401756845e+03
3.997920898437500000e+03
3.997920898437500000e+03
3.998233938688768831e+03
3.999044819206759712e+03
3.997920898437500000e+03
3.997920898437500000e+03
3.997781504487215443e+03
3.997744460617499499e+03
3.997920898437500000e+03
3.997920898437500000e+03
3.998625482322738208e+03
3.998477630884199698e+03
3.997920898437500000e+03
3.997920898437500000e+03
3.997867454893727427e+03
3.997655940884055326e+03
3.997920898437500000e+03
3.997920898437500000e+03
3.998016038064090026e+03
3.998296312807607137e+03
3.997920898437500000e+03
3.997920898437500000e+03
3.997770546750750782e+03
3.997175056651386967e+03
3.997920898437500000e+03
3.997920898437500000e+03
3.998037812119142018e+03
3.998392418645011730e+03
3.997920898437500000e+03
3.997920898437500000e+03
3.998183259762655325e+03
3.998124188021115515e+03
3.997920898437500000e+03
3.997920898437500000e+03
3.998225759847487552e+03
3.998556571198967049e+03
3.997920898437500000e+03
3.997920898437500000e+03
3.997451671263080698e+03
3.997186011246739781e+03
3.997920898437500000e+03
3.997920898437500000e+03
3.997890912757509795e+03
3.997872096893781418e+03
3.997920898437500000e+03
3.997920898437500000e+03
3.997879252389236171e+03
3.997898425333242358e+03
3.997920898437500000e+03
3.997920898437500000e+03
3.997186279714901957e+03
3.998765743665654554e+03
3.997920898437500000e+03
3.997920898437500000e+03
3.997942533363629082e+03
3.997792615541835858e+03
3.997920898437500000e+03
3.997920898437500000e+03
3.998378919274718555e+03
3.998460027836199515e+03
3.997920898437500000e+03
3.997920898437500000e+03
3.997948363210221942e+03
3.998281994391383705e+03
3.997920898437500000e+03
3.997920898437500000e+03
3.997990925144710673e+03
3.997435445325330875e+03
3.997920898437500000e+03
3.997920898437500000e+03
3.997600473551522100e+03
3.996711234952203995e+03
3.997920898437500000e+03
3.997920898437500000e+03
3.998507956967325754e+03
3.999300359598609248e+03
3.997920898437500000e+03
3.997920898437500000e+03
3.998316088792935261e+03
3.997569293628606829e+03
3.997920898437500000e+03
3.997920898437500000e+03
3.998086107398054082e+03
3.997430448804270782e+03
3.997920898437500000e+03
3.997920898437500000e+03
3.998043690612541468e+03
3.997921108939031910e+03
3.997920898437500000e+03
3.997920898437500000e+03
3.997819189931180063e+03
3.997350614037131436e+03
3.997920898437500000e+03
3.997920898437500000e+03
3.998053141220367706e+03
3.998295305587981147e+03
3.997920898437500000e+03
3.997920898437500000e+03
3.997294837523269962e+03
3.997070234035740668e+03
3.997920898437500000e+03
3.997920898437500000e+03
3.998198573752045377e+03
3.998419690532022287e+03
3.997920898437500000e+03
3.997920898437500000e+03
3.998383138193029481e+03
3.998022777419666454e+03
3.997920898437500000e+03
3.997920898437500000e+03
3.997620448946684519e+03
3.997603434306803592e+03
3.997920898437500000e+03
3.997920898437500000e+03
3.998448467317291488e+03
3.998386386863987809e+03
3.997920898437500000e+03
3.997920898437500000e+03
3.997830742524714879e+03
3.998378773748919230e+03
3.997920898437500000e+03
3.997920898437500000e+03
3.997866463659259352e+03
3.998443909059528323e+03
3.997920898437500000e+03
3.997920898437500000e+03
3.998142510739682166e+03
3.998181830368938790e+03
3.997920898437500000e+03
3.997920898437500000e+03
3.997939354527169598e+03
3.998209364694919259e+03
3.997920898437500000e+03
3.997920898437500000e+03
3.997257328384311677e+03
3.996281628570550311e+03
3.997920898437500000e+03
3.997920898437500000e+03
3.997731736014133730e+03
3.997462464766555513e+03
3.997920898437500000e+03
3.997920898437500000e+03
3.997410779503071808e+03
3.998297670351705619e+03
3.997920898437500000e+03
3.997920898437500000e+03
3.998042295460029436e+03
3.998471238732477104e+03
3.997920898437500000e+03
3.997920898437500000e+03
3.997621140819068387e+03
3.997347790795765377e+03
3.997920898437500000e+03
3.997920898437500000e+03
3.998370880166932693e+03
3.997990144301904820e+03
3.997920898437500000e+03
3.997920898437500000e+03
3.997726343828514473e+03
3.997540179433616231e+03
3.997920898437500000e+03
3.997920898437500000e+03
3.997930201224203302e+03
3.998537575082658350e+03
3.997920898437500000e+03
3.997920898437500000e+03
3.997944961894196695e+03
3.997474490326792420e+03
3.997920898437500000e+03
3.997920898437500000e+03
3.997870148377688110e+03
3.997241029030295522e+03
3.997920898437500000e+03
3.997920898437500000e+03
3.998136410118296226e+03
3.998043018313191624e+03
3.997920898437500000e+03
3.997920898437500000e+03
3.998257396293702641e+03
3.998888135658896317e+03
3.997920898437500000e+03
3.997920898437500000e+03
3.997674276749913588e+03
3.997502313357327694e+03
