1.089200000000000000e+04
1.088600032445436409e+04
1.087999597800067568e+04
1.087400048548459927e+04
1.086500000000000000e+04
1.085899911996602896e+04
1.085300141601333962e+04
1.084700157277716607e+04
1.084100000000000000e+04
1.083499891837709220e+04
1.082900036195634129e+04
1.082299951760434487e+04
1.081400000000000000e+04
1.080800120387980132e+04
1.080200582710184608e+04
1.079599839943237748e+04
1.079000000000000000e+04
1.078399752637180427e+04
1.077799281164417152e+04
1.077199763379715478e+04
1.076300097656250000e+04
1.075700145619119940e+04
1.075101246919428741e+04
1.074499810514253477e+04
1.073900000000000000e+04
1.073299873066848522e+04
1.072700502117451651e+04
1.072099050249536776e+04
1.071200097656250000e+04
1.070600030115655500e+04
1.069999522247916684e+04
1.069398334710745439e+04
1.068800195312500000e+04
1.068199773157527852e+04
1.067598296177084558e+04
1.066994706335878800e+04
1.066100195312500000e+04
1.065500455560875162e+04
1.064901523731442830e+04
1.064299777222663579e+04
1.063400195312500000e+04
1.062801062223265035e+04
1.062199862633787234e+04
1.061600149476748447e+04
1.061000195312500000e+04
1.060399816059646400e+04
1.059800572411837129e+04
1.059198782968545856e+04
1.058300292968750000e+04
1.057699644963576611e+04
1.057101632429858728e+04
1.056503446512578557e+04
1.055900390625000000e+04
1.055299089570870092e+04
1.054695078684563123e+04
1.054066736439260421e+04
1.053200683593750000e+04
1.052600289070986582e+04
1.051987225014475371e+04
1.051403304753029079e+04
1.050800292968750000e+04
1.050197790198111761e+04
1.049608541287438675e+04
1.049000522847763204e+04
1.048100683593750000e+04
1.047498383039633700e+04
1.046906025870963640e+04
1.046298123712055531e+04
1.045700781250000000e+04
1.045101622240862707e+04
1.044491857643539879e+04
1.043881090018652867e+04
1.043000585937500000e+04
1.042399241099099709e+04
1.041802906443805114e+04
1.041196169581624417e+04
1.040300585937500000e+04
1.039698354073594965e+04
1.039098213566077175e+04
1.038500216394449126e+04
1.037601074218750000e+04
1.036998464007291295e+04
1.036401608296634004e+04
1.035811737086331414e+04
1.035200488281250000e+04
1.034595196972767553e+04
1.033996890719850671e+04
1.033384438368872361e+04
1.032502246093750000e+04
1.031900824706500316e+04
1.031302285755792764e+04
1.030695843488538412e+04
1.029802539062500000e+04
1.029205221271401933e+04
1.028607650944500347e+04
1.028007544732343740e+04
1.027402441406250000e+04
1.026802200713577622e+04
1.026203704050642227e+04
1.025549442419638399e+04
1.024702636718750000e+04
1.024100869610055634e+04
1.023502000135094750e+04
1.022892088939318091e+04
1.022303808593750000e+04
1.021703223185812021e+04
1.021136970711254617e+04
1.020500465065711433e+04
1.019603125000000000e+04
1.019003184239961047e+04
1.018408202460392204e+04
1.017776256130508955e+04
1.017203808593750000e+04
1.016597410882544500e+04
1.015990320352120580e+04
1.015302837077176446e+04
1.014506152343750000e+04
1.013900899692258099e+04
1.013299961734712269e+04
1.012706576576664702e+04
1.011807714843750000e+04
1.011210384891597460e+04
1.010605276538968610e+04
1.009954719329971340e+04
1.009407910156250000e+04
1.008809399832241070e+04
1.008218329715913933e+04
1.007547158281586962e+04
1.006707910156250000e+04
1.006105254102162326e+04
1.005496462185444216e+04
1.004929042650759038e+04
1.004307812500000000e+04
1.003708168646019476e+04
1.003099907175591579e+04
1.002502251026735939e+04
1.001609082031250000e+04
1.001017163293572048e+04
1.000433447771498686e+04
9.998288142670337038e+03
9.992085937500000000e+03
9.986160403059884629e+03
9.980249066766498800e+03
9.973293639977378916e+03
9.965106445312500000e+03
9.959072554478163511e+03
9.953190887666178241e+03
9.947482549346574160e+03
9.941126953125000000e+03
9.935139725724957316e+03
9.929294085675135648e+03
9.923279989182727149e+03
9.914137695312500000e+03
9.908171683932494489e+03
9.902150107917670539e+03
9.896226301817159765e+03
9.890117187500000000e+03
9.884106357980870598e+03
9.878297019928428199e+03
9.871025020207809575e+03
9.863156250000000000e+03
9.857205129107745961e+03
9.850719557631466159e+03
9.844406473788050789e+03
9.839152343750000000e+03
9.833107866959589956e+03
9.827095770657932007e+03
9.821105320333605050e+03
9.812169921875000000e+03
9.806157266828409774e+03
9.800031347757219919e+03
9.793927081513365920e+03
9.785183593750000000e+03
9.779167661863555622e+03
9.773454788277076659e+03
9.767531088525458472e+03
9.761198242187500000e+03
9.755287174035825956e+03
9.748844341419398916e+03
9.742417692351484220e+03
9.734193359375000000e+03
9.728193593394245909e+03
9.722319540675598546e+03
9.715209911469426515e+03
9.710214843750000000e+03
9.704260852943589271e+03
9.698538602459217145e+03
9.692035031483876082e+03
9.683218750000000000e+03
9.677301653848073329e+03
9.671733926668124695e+03
9.662284084223161699e+03
9.659207031250000000e+03
9.653272887527604325e+03
9.646915368972546275e+03
9.640824323044014818e+03
9.632204101562500000e+03
9.626086157643656406e+03
9.620277381822652387e+03
9.614467460574865981e+03
9.605246093750000000e+03
9.599387536271096906e+03
9.593445825618795425e+03
9.587231221101792471e+03
9.581211914062500000e+03
9.575565314324985593e+03
9.569786033682044945e+03
9.562940944153169767e+03
9.554259765625000000e+03
9.548428588435175698e+03
9.542681925775314085e+03
9.535529101668611474e+03
9.530297851562500000e+03
9.524467270496736091e+03
9.517960406355905434e+03
9.513032555893349127e+03
9.503352539062500000e+03
9.497343481905192675e+03
9.490835075759507163e+03
9.484104061047202777e+03
9.476364257812500000e+03
9.470454921748108973e+03
9.464463378846199703e+03
9.458828232471667434e+03
9.452449218750000000e+03
9.446317902207618317e+03
9.439392292623453613e+03
9.430079372236054041e+03
9.425440429687500000e+03
9.419742194097714673e+03
9.413392352552349621e+03
9.408206391931726102e+03
9.401544921875000000e+03
9.395522895535508724e+03
9.389805353021387418e+03
9.383126008373586956e+03
9.374630859375000000e+03
9.368663384375755413e+03
9.362739532638996025e+03
9.357636430006976298e+03
9.347567382812500000e+03
9.341430612179477976e+03
9.335096524138787572e+03
9.329218684584988296e+03
9.323583984375000000e+03
9.317516745667369833e+03
9.311385065997064885e+03
9.299439655885404136e+03
9.296525390625000000e+03
9.290867213056517357e+03
9.284362478172559349e+03
9.278606446618112386e+03
9.269581054687500000e+03
9.263453314046391824e+03
9.257485656481905608e+03
9.251368590677322572e+03
9.242715820312500000e+03
9.236716780406735779e+03
9.230883667646636241e+03
9.225599483743299061e+03
9.215723632812500000e+03
9.209801854009030649e+03
9.203788422015362812e+03
9.197341643797604775e+03
9.188728515625000000e+03
9.182598138703393488e+03
9.176145926055944074e+03
9.168903723244031426e+03
9.161747070312500000e+03
9.155990495635172920e+03
9.148956041523006206e+03
9.141651116096430997e+03
9.131743164062500000e+03
9.125873029660022439e+03
9.119076224672113312e+03
9.108165186779011492e+03
9.104706054687500000e+03
9.099153041250274327e+03
9.092596759663712874e+03
9.086078478284705852e+03
9.077761718750000000e+03
9.071975622516130898e+03
9.065220330799042131e+03
9.059031087798190129e+03
9.050826171875000000e+03
9.044756967859178985e+03
9.038041307982017315e+03
9.032249620592860083e+03
9.026827148437500000e+03
9.020790789792650685e+03
9.014463942320086062e+03
9.007804172746562472e+03
8.999960937500000000e+03
8.993949452852053582e+03
8.988297096792441153e+03
8.985454002784044860e+03
8.969961914062500000e+03
8.963981557025093934e+03
8.957948221509257564e+03
8.951270935601010933e+03
8.942978515625000000e+03
8.937209209206723244e+03
8.932133434176570518e+03
8.927637680073212323e+03
8.916027343750000000e+03
8.910055647114897511e+03
8.905460223817284714e+03
8.904669725474373990e+03
8.889007812500000000e+03
8.883012714430373308e+03
8.878892228354086910e+03
8.871299284716082184e+03
8.861977539062500000e+03
8.855974695773127678e+03
8.849382000377770964e+03
8.841161752359079401e+03
8.832099609375000000e+03
8.825810608378564211e+03
8.819702249820060388e+03
8.814413934727022934e+03
8.805122070312500000e+03
8.798403043580236044e+03
8.790048115677693204e+03
8.781362962461884308e+03
8.778183593750000000e+03
8.772424552684460650e+03
8.763475721537444770e+03
8.767664382785837006e+03
8.751199218750000000e+03
8.745282442248459120e+03
8.740449400449704626e+03
8.733185670067492538e+03
8.727341796875000000e+03
8.721287662950686354e+03
8.712318918903834856e+03
8.705960592633389751e+03
8.700343750000000000e+03
8.693987841696709438e+03
8.689781946906545272e+03
8.682344457980168954e+03
8.673343750000000000e+03
8.667035663166640006e+03
8.660510199491616731e+03
8.652830764672948135e+03
8.646369140625000000e+03
8.640576329674027875e+03
8.631889766536864045e+03
8.614893842342718926e+03
8.622331054687500000e+03
8.616389846953792585e+03
8.611099410754683049e+03
8.598308124073151703e+03
8.592489257812500000e+03
8.585761531663312780e+03
8.575517901857654579e+03
8.565040510451857699e+03
8.565592773437500000e+03
8.558284188528403320e+03
8.550178587119820804e+03
8.540033551595377503e+03
8.538661132812500000e+03
8.531661810625919315e+03
8.522095752947603614e+03
8.491604859576649687e+03
8.508548828125000000e+03
8.502936853191895352e+03
8.496147858519327201e+03
8.480356905798274965e+03
8.481636718750000000e+03
8.475359029841434676e+03
8.469295112000516383e+03
8.462638570607394286e+03
8.457457031250000000e+03
8.451614652005489916e+03
8.444121268212784344e+03
8.429484119544686109e+03
8.430564453125000000e+03
8.426259771509669008e+03
8.412234901913843714e+03
8.390047994373806432e+03
8.403585937500000000e+03
8.398594380330257991e+03
8.387865798529324820e+03
8.397348748232141588e+03
8.376464843750000000e+03
8.370604239305530427e+03
8.364688692299250761e+03
8.358349220257146953e+03
8.352708984375000000e+03
8.346631545286365508e+03
8.340796008797575269e+03
8.327394018226406843e+03
8.325922851562500000e+03
8.321237444679110922e+03
8.304797547568941809e+03
8.279956127226016179e+03
8.299271484375000000e+03
8.292995489098784674e+03
8.286240394257716616e+03
8.267919853172776129e+03
8.268898437500000000e+03
8.262602041846019347e+03
8.255620276248702794e+03
8.248999233404403640e+03
8.242020507812500000e+03
8.237115701544611511e+03
8.229713353231052679e+03
8.215748432794627661e+03
8.215074218750000000e+03
8.209276142199951209e+03
8.203345682450732056e+03
8.199400746745863216e+03
8.188239257812500000e+03
8.180647178191687999e+03
8.174650806603062847e+03
8.176982892276619168e+03
8.160925292968750000e+03
8.156784023281551526e+03
8.156425550857854432e+03
8.132946335054733936e+03
8.136624511718750000e+03
8.131452501018200564e+03
8.125917016535672701e+03
8.128716167909047726e+03
8.109810546875000000e+03
8.103516468445941427e+03
8.098095532506401469e+03
8.089663607576305367e+03
8.083198730468750000e+03
8.075928829179322747e+03
8.067572469117520995e+03
8.081665309227834769e+03
8.056225097656250000e+03
8.047165732927922363e+03
8.044393956345649713e+03
8.055733077876850075e+03
8.029236816406250000e+03
8.021961415895304526e+03
8.009756663663105428e+03
8.007057409394824390e+03
8.002224609375000000e+03
7.995556728394522906e+03
7.988908144718953736e+03
7.976299050149803406e+03
7.974988281250000000e+03
7.968670182877486695e+03
7.964521369089959080e+03
7.933427143503194202e+03
7.948416992187500000e+03
7.943839345205223253e+03
7.935576998006862596e+03
7.930772927789180358e+03
7.924809082031250000e+03
7.920440732419062442e+03
7.900809853221391677e+03
7.896365851721232502e+03
7.897667968750000000e+03
7.891430629746817431e+03
7.883996817626604752e+03
7.845339588734223071e+03
7.870714843750000000e+03
7.862150462813767263e+03
7.853791864449466630e+03
7.840223159155774738e+03
7.844136230468750000e+03
7.838653247542346435e+03
7.831156670470882091e+03
7.827104723142707371e+03
7.820583007812500000e+03
7.815365801665214349e+03
7.803137649211638745e+03
7.806804888049217880e+03
7.793690917968750000e+03
7.786979838649713201e+03
7.777876898976934172e+03
7.744276020038404567e+03
7.766646484375000000e+03
7.762588187647340419e+03
7.750780210193222956e+03
7.747039643361116759e+03
7.739612304687500000e+03
7.731480355372284066e+03
7.724662432631035699e+03
7.729809810546702465e+03
7.712781738281250000e+03
7.703663925015473978e+03
7.692659481779240195e+03
7.679215511931050969e+03
7.689029296875000000e+03
7.686317336912231440e+03
7.682277819068788631e+03
7.698855270493109856e+03
7.661699218750000000e+03
7.657848548072604899e+03
7.633042807891839402e+03
7.609732208817304127e+03
7.634631347656250000e+03
7.627426909834700382e+03
7.612902119556569232e+03
7.602909011829907286e+03
7.607747070312500000e+03
7.605187354639892874e+03
7.597543837847216309e+03
7.584902531120085769e+03
7.580791992187500000e+03
7.573675996884233427e+03
7.569859432701457081e+03
7.543884930553131198e+03
7.556913574218750000e+03
7.551246227876505145e+03
7.544810542005228854e+03
7.528810248980695178e+03
7.529690917968750000e+03
7.526045654698371436e+03
7.520336907138434071e+03
7.509508846962725329e+03
7.503005859375000000e+03
7.492345853785354848e+03
7.480853069258473624e+03
7.468414031082682413e+03
7.476292480468750000e+03
7.470024083160832561e+03
7.461373515820109787e+03
7.455556372180854851e+03
7.449219726562500000e+03
7.444907052359004410e+03
7.450756898519296556e+03
7.420148212937336211e+03
7.425011230468750000e+03
7.422699452208704315e+03
7.417011729204786207e+03
7.405962397723871618e+03
7.398570312500000000e+03
7.392363030486422758e+03
7.362998102459587244e+03
7.344923471270261871e+03
7.371438964843750000e+03
7.367071419509356929e+03
7.358946237716188080e+03
7.364339307840776200e+03
7.344116210937500000e+03
7.337941208864544933e+03
7.330708917008495519e+03
7.313620989466659012e+03
7.319999023437500000e+03
7.315253843571043944e+03
7.300918698728117306e+03
7.299733960501812362e+03
7.293371582031250000e+03
7.285400126880163953e+03
7.288876569540537275e+03
7.255859869931404319e+03
7.266104492187500000e+03
7.260280492413548018e+03
7.246891481390500303e+03
7.234360654088615775e+03
7.236016601562500000e+03
7.229520356836761493e+03
7.222180326471197077e+03
7.234428720535716820e+03
7.208644531250000000e+03
7.197998396941603460e+03
7.186968622240674449e+03
7.098988933257176541e+03
7.178587890625000000e+03
7.172296368533051464e+03
7.165178431818380886e+03
7.164660213475293858e+03
7.148949218750000000e+03
7.142996989491350178e+03
7.145461987481401593e+03
7.125439023198605355e+03
7.121603515625000000e+03
7.115673795085585880e+03
7.099778320235714091e+03
7.087717249448945950e+03
7.094719238281250000e+03
7.087877611176391838e+03
7.071939219461287394e+03
6.981077209241363562e+03
7.067827636718750000e+03
7.063066329895376839e+03
7.048408104015375102e+03
7.036729338700162771e+03
7.040813964843750000e+03
7.035136941974134061e+03
7.030241216434765192e+03
7.015593519567561088e+03
7.016652343750000000e+03
7.010667421282780197e+03
6.995760114666666595e+03
7.027361001105778996e+03
6.990165039062500000e+03
6.985292275225107915e+03
6.960366888612476032e+03
6.962583806529144567e+03
6.963177246093750000e+03
6.949696431936607951e+03
6.943683011267406073e+03
6.929692373869723269e+03
6.936784667968750000e+03
6.932539512655318504e+03
6.915924132127014673e+03
6.893345672368365740e+03
6.909531738281250000e+03
6.904816397799996594e+03
6.870948817365959258e+03
6.919700369977313130e+03
6.882543945312500000e+03
6.876714058536003904e+03
6.859041041211517040e+03
6.846249419201621095e+03
6.855617187500000000e+03
6.850663993231270069e+03
6.843870057826963603e+03
6.849152364220783966e+03
6.832273437500000000e+03
6.826259350787146104e+03
6.812987513781305097e+03
6.813700078553159983e+03
6.805674804687500000e+03
6.796335665153485934e+03
6.782095519313175828e+03
6.760780607748724833e+03
6.779455566406250000e+03
6.774575226825914797e+03
6.778204608633065618e+03
6.733783625365081207e+03
6.752937988281250000e+03
6.743469191221814981e+03
6.740911728180569298e+03
6.703380051333288066e+03
6.725682128906250000e+03
6.716788297081088785e+03
6.706075141914433516e+03
6.757101851307759716e+03
6.698580566406250000e+03
6.692058875398309283e+03
6.690471348253550786e+03
6.608647383822663869e+03
6.672111328125000000e+03
6.665309520677898036e+03
6.664424419719744037e+03
6.577853480896173096e+03
6.645470703125000000e+03
6.642898589376010932e+03
6.645418324074265911e+03
6.543975919302040893e+03
6.618842285156250000e+03
6.606276008265217570e+03
6.593547731059319631e+03
6.580480241939923872e+03
6.591851074218750000e+03
6.590070127451539520e+03
6.543071555880590495e+03
6.406521437636164592e+03
6.564341308593750000e+03
6.554837115080429612e+03
6.531871921382196888e+03
6.453818326594393511e+03
6.540610351562500000e+03
6.533515907598120066e+03
6.534496634140597052e+03
6.560880808467169118e+03
6.513931640625000000e+03
6.510005765930683083e+03
6.499555148404254396e+03
6.400407811585032505e+03
6.487739257812500000e+03
6.483186075903214260e+03
6.471250859364491589e+03
6.453814741969162242e+03
6.460211425781250000e+03
6.454005009411112042e+03
6.466802191601309460e+03
6.521716089204982381e+03
6.433712890625000000e+03
6.433852094615494934e+03
6.411737273163555074e+03
6.360089168567152228e+03
6.408749023437500000e+03
6.404098256141494858e+03
6.389045363373802502e+03
6.429057604057312346e+03
6.382156738281250000e+03
6.376965764129722629e+03
6.315908553493585714e+03
6.274843381328903888e+03
6.354989257812500000e+03
6.346375673591719533e+03
6.339662294884217772e+03
6.327476263640218349e+03
6.327720703125000000e+03
6.320793779485349660e+03
6.269205680721735916e+03
6.338997911217037654e+03
6.301368164062500000e+03
6.296335432464064979e+03
6.293310547755395419e+03
6.156838618136007426e+03
6.273963867187500000e+03
6.269385628545840518e+03
6.267006430247581193e+03
6.278213818377342250e+03
6.246925781250000000e+03
6.240945616405726469e+03
6.221779032642940365e+03
6.207259811755982810e+03
6.223229980468750000e+03
6.218205590658552865e+03
6.206675559647777845e+03
6.250368535793878436e+03
6.195766601562500000e+03
6.194498989277069086e+03
6.178687707197165764e+03
6.300315918247536501e+03
6.165814453125000000e+03
6.160460685743382783e+03
6.161646161407184991e+03
6.130495203598974513e+03
6.138928222656250000e+03
6.134099046492173329e+03
6.128291918799724044e+03
6.117853719524491680e+03
6.115005371093750000e+03
6.105849032411564622e+03
6.100334842187899085e+03
5.981440649767483592e+03
6.087714355468750000e+03
6.081616028542805907e+03
6.067796532439715520e+03
6.050361868766722182e+03
6.060254394531250000e+03
6.052534959741504281e+03
6.020715611278258621e+03
5.998021425990979878e+03
6.032799316406250000e+03
6.024526444338021975e+03
6.014891265040095277e+03
6.009228654242635457e+03
6.005386230468750000e+03
6.000262574251320075e+03
5.996033703867623444e+03
5.975240811967581067e+03
5.977706542968750000e+03
5.971582204353957422e+03
5.977246597213141285e+03
5.836266874949455087e+03
5.950224609375000000e+03
5.944342764786739281e+03
5.855440844838045450e+03
5.676147799262839726e+03
5.923263671875000000e+03
5.917208589150141052e+03
5.916120398497337192e+03
5.868161704270123664e+03
5.896145019531250000e+03
5.889018304932780666e+03
5.889815609873781796e+03
5.943061156338724686e+03
5.868778808593750000e+03
5.862787290991375812e+03
5.851850000293170524e+03
5.845128886866231369e+03
5.841476074218750000e+03
5.834515880117134657e+03
5.846647951896607992e+03
5.733270420245014066e+03
5.814300292968750000e+03
5.807406798137306396e+03
5.804376933367953825e+03
5.655808488427704106e+03
5.787032226562500000e+03
5.781241228198363387e+03
5.766775118325490439e+03
5.571872815190890833e+03
5.760891601562500000e+03
5.754264940773899980e+03
5.749369357380756810e+03
5.700169911017176673e+03
5.733763671875000000e+03
5.729666994899119345e+03
5.674678726362854832e+03
5.518431640291150870e+03
5.706428710937500000e+03
5.699954858620751111e+03
5.674084648656712488e+03
5.690159059134398376e+03
5.680225585937500000e+03
5.667243115403993215e+03
5.674626103382132897e+03
5.800236639796466079e+03
5.653283691406250000e+03
5.646252902852940679e+03
5.563736351984539397e+03
5.674019988380845462e+03
5.625983886718750000e+03
5.612017880837730445e+03
5.605819918401297400e+03
5.586478826663295877e+03
5.595546875000000000e+03
5.584604678493953543e+03
5.541848523741862664e+03
5.732301880273583265e+03
5.565701171875000000e+03
5.558751279300901842e+03
5.540233898094040342e+03
5.407447790201133103e+03
5.535497070312500000e+03
5.529900341201754600e+03
5.534292096049813154e+03
5.402999336595637033e+03
5.507616699218750000e+03
5.489414762644938492e+03
5.457669910923658790e+03
5.133840299004718872e+03
5.477585449218750000e+03
5.476045005021060206e+03
5.432220881053598532e+03
4.971900732562655321e+03
5.450649902343750000e+03
5.448772360455103808e+03
5.386366393634270025e+03
5.344523828321425754e+03
5.423148437500000000e+03
5.413919011938216499e+03
5.255089359099369176e+03
4.354895133187126703e+03
5.392978027343750000e+03
5.393517813752550865e+03
5.279889601064004637e+03
4.880990795610750865e+03
5.366366210937500000e+03
5.360429562965136029e+03
5.341454543841346094e+03
4.796511858931314237e+03
5.339178710937500000e+03
5.327974647972074308e+03
5.326094707458161793e+03
5.504592287342175041e+03
5.312853027343750000e+03
5.307140506796148657e+03
5.277665870267076571e+03
5.485319762313527463e+03
5.285620605468750000e+03
5.278154825453944795e+03
5.269841068003320288e+03
5.159386719538679245e+03
5.260733886718750000e+03
5.253217844003884238e+03
5.275961427768773319e+03
5.244098860297334795e+03
5.230157226562500000e+03
5.224754555944256026e+03
5.151748788323845474e+03
4.910990653620852754e+03
5.202875976562500000e+03
5.196387197043747619e+03
5.169991373921492595e+03
4.459976029703850145e+03
5.175774902343750000e+03
5.168204046824795114e+03
5.131858301806018062e+03
5.082984948701428038e+03
5.148528808593750000e+03
5.144284725664340840e+03
5.088367768655483815e+03
5.028849707474551906e+03
5.122169921875000000e+03
5.114948428640960628e+03
5.115050315104261244e+03
5.028888514262679564e+03
5.094839843750000000e+03
5.092818976169980488e+03
5.047024557567615375e+03
-1.699495811783229292e+05
5.068693359375000000e+03
5.061074330053264021e+03
5.015566483231601524e+03
3.726633399768741583e+03
5.041762695312500000e+03
5.040562491818491253e+03
5.024858115268893926e+03
5.308738847219546187e+03
5.015317871093750000e+03
5.011341654797874071e+03
4.988154312240077161e+03
2.389793195591200856e+02
4.987186035156250000e+03
4.980872609542774626e+03
4.933124856581756831e+03
6.382707734286708728e+03
4.960385742187500000e+03
4.957972771560581350e+03
4.944037848601066798e+03
5.365564731803908217e+03
4.928959960937500000e+03
4.921147207323848306e+03
4.891604515054054900e+03
4.819421386581982006e+03
4.899709960937500000e+03
4.891327261534008358e+03
4.886622137243669385e+03
4.458367965841316618e+03
4.871935058593750000e+03
4.866309260793595968e+03
4.865601390533841368e+03
4.928360040823225063e+03
4.844783203125000000e+03
4.844895754929540090e+03
4.825675401283894644e+03
5.149828879876538849e+03
4.816920410156250000e+03
4.803642152196210191e+03
4.799521733165115620e+03
4.828422351242304103e+03
4.789040527343750000e+03
4.782515099040880159e+03
4.751053291115144930e+03
4.794480509164743125e+03
4.762291503906250000e+03
4.753809905203200287e+03
4.685408044758079086e+03
4.309406649955741159e+03
4.734051757812500000e+03
4.722729005460189001e+03
4.696635674194653802e+03
4.747102069519841280e+03
4.708190429687500000e+03
4.702324383188704815e+03
4.449729390198929650e+03
4.471989723890341338e+03
4.674336425781250000e+03
4.677273618653138328e+03
4.642214061828828562e+03
4.548078531257829127e+03
4.643112304687500000e+03
4.620350924064727224e+03
4.561333655126813028e+03
4.584048562998412308e+03
4.612721191406250000e+03
4.608763676945716725e+03
4.565282071490121780e+03
4.605266822199076159e+03
4.583369628906250000e+03
4.578486405289637332e+03
4.565493244115893503e+03
4.580107115222143875e+03
4.557239257812500000e+03
4.551668952057477327e+03
4.450933522323211037e+03
4.524770619288807211e+03
4.522851074218750000e+03
4.499074220416065145e+03
4.513967629839908113e+03
4.678386423795212067e+03
4.495067871093750000e+03
4.478681243198485390e+03
4.482893331459252295e+03
4.472300516650788268e+03
4.466614746093750000e+03
4.458276198245530395e+03
4.389412817690281372e+03
4.380239746934916184e+03
4.438291015625000000e+03
4.430730813045018294e+03
4.405984934498715120e+03
4.438863387543987301e+03
4.411762695312500000e+03
4.406598649257551187e+03
4.399026435987892910e+03
4.395746292949730559e+03
4.384175781250000000e+03
4.378369155813564248e+03
4.355738810705219294e+03
4.351275073460911699e+03
4.355507324218750000e+03
4.351262958989440449e+03
4.305435731657548786e+03
4.289650902977170517e+03
4.327846679687500000e+03
4.321973992549120339e+03
4.304130503587545718e+03
4.309674887289756043e+03
4.296541015625000000e+03
4.283553689124456469e+03
4.179868229635882017e+03
4.174970333557269441e+03
4.269402832031250000e+03
4.262222653351892404e+03
4.304333405219207634e+03
4.308991076057051032e+03
4.240934570312500000e+03
4.235180164481333122e+03
4.207842801946645523e+03
4.200525162519547848e+03
4.212607421875000000e+03
4.200524442958539112e+03
4.149427051470803235e+03
4.157936601564923876e+03
4.185566406250000000e+03
4.181042735901542983e+03
4.163551621457669171e+03
4.169352925160678751e+03
4.154884765625000000e+03
4.144727548968516203e+03
4.096595393886377678e+03
4.076814689270001963e+03
4.129722656250000000e+03
4.125758641706401249e+03
4.134682924190517952e+03
4.133083650678201593e+03
4.102874023437500000e+03
4.096147176394105372e+03
4.083674845364124849e+03
4.083755323358499027e+03
4.075756103515625000e+03
4.069818979314300122e+03
4.082302569898670754e+03
4.084849157855968315e+03
4.050366210937500000e+03
4.040312187024361265e+03
4.029136918502129902e+03
4.011068175638772118e+03
4.020714843750000000e+03
4.014477266131211309e+03
3.975400453654131979e+03
3.971297630554043280e+03
3.991899169921875000e+03
3.986697956779369179e+03
3.930612185698860230e+03
3.937492502026455441e+03
3.965819580078125000e+03
3.960014891455555244e+03
3.551392209469684531e+03
3.515762749357721077e+03
3.938324707031250000e+03
3.929921532427073998e+03
4.060612286589148425e+03
4.074628470713475963e+03
3.907851074218750000e+03
3.903788280234796730e+03
4.181270318778014371e+03
4.150184286899228937e+03
3.878102783203125000e+03
3.872032078729571367e+03
3.782836572599670944e+03
3.772886515516711825e+03
3.848621582031250000e+03
3.844453723295374857e+03
3.783344580165185107e+03
3.767268157440953019e+03
3.820804443359375000e+03
3.815003451114087056e+03
3.807340901777151885e+03
3.801285496361448168e+03
3.790946777343750000e+03
3.781680547788792865e+03
3.854454696352703195e+03
3.849792508502381679e+03
3.763145996093750000e+03
3.753993559889273001e+03
3.713138243595778022e+03
3.712462277722525414e+03
3.732385742187500000e+03
3.724224662044064189e+03
3.306429062792851710e+03
3.336627012804170135e+03
3.705138916015625000e+03
3.699102090119349668e+03
3.680386571757274851e+03
3.682341234251532114e+03
3.675759765625000000e+03
3.671156405165484102e+03
3.714011334309011545e+03
3.713270829979511745e+03
3.647730224609375000e+03
3.648718648561959981e+03
3.492904823099606801e+03
3.493662564892619230e+03
3.618983642578125000e+03
3.617845848378339724e+03
3.357665812322180500e+03
3.403657416706097592e+03
3.593932861328125000e+03
3.593648363508502371e+03
3.417645332367101219e+03
3.515267180809405545e+03
3.566825439453125000e+03
3.555331779094876765e+03
3.730735573540603582e+03
3.748966124538022996e+03
3.538268554687500000e+03
3.531667399276941069e+03
3.547717134063700087e+03
3.541411476423399108e+03
3.509166259765625000e+03
3.502459654125401812e+03
3.463218901821113377e+03
3.432265123363410112e+03
3.480824707031250000e+03
3.475594762798601550e+03
3.425115224660981767e+03
3.413602590546654937e+03
3.453689208984375000e+03
3.448777663324743116e+03
3.386512525295744126e+03
3.510789792536491404e+03
3.423841796875000000e+03
3.420640626159298790e+03
2.148269874765927852e+03
2.291609931548545319e+03
3.394092529296875000e+03
3.387684654981119820e+03
3.193266070260129254e+03
2.851446383939655789e+03
3.364783447265625000e+03
3.370272776196070481e+03
3.053199450273341881e+03
3.186664670479170582e+03
3.338372314453125000e+03
3.332222704737196182e+03
3.224717003125357223e+03
3.366363191848301085e+03
3.311677001953125000e+03
3.304275303546958639e+03
3.079529925587333764e+03
3.101171023924409383e+03
3.283637695312500000e+03
3.277012308501869938e+03
2.243353309721263486e+03
-4.344424728574576875e+03
3.254763427734375000e+03
3.245465694820911722e+03
1.174231906705374968e+03
-6.317543224191990703e+02
3.224955078125000000e+03
3.223319360735895316e+03
2.801014188419268976e+03
1.840503617856991696e+03
3.198841796875000000e+03
3.200218268609482038e+03
2.992635237821333703e+03
3.007951633456070795e+03
3.171790527343750000e+03
3.161585090476611640e+03
3.269744695743268949e+03
1.243242578688527601e+03
3.141413085937500000e+03
3.137853626503444502e+03
9.290144691106706159e+04
1.701392321638497233e+05
3.113624755859375000e+03
3.104354215689504144e+03
2.903301569944283983e+03
1.084177006490929671e+04
3.082499023437500000e+03
3.088687855933091214e+03
5.920413867626222782e+03
8.736389847350334094e+03
3.054836914062500000e+03
3.026643771063105305e+03
4.177858522614102185e+03
5.560436108572863304e+03
3.026309814453125000e+03
3.016950804005999089e+03
4.045758499879368173e+03
5.302709365748145501e+03
2.992311279296875000e+03
2.997319064716826688e+03
2.975736984111325910e+03
2.787055005174234338e+03
2.961055664062500000e+03
2.950720286668426979e+03
2.937878249745730045e+03
2.876994794873197407e+03
2.933193115234375000e+03
2.907274189583415591e+03
2.897636317323406274e+03
2.802403744557927894e+03
2.898485351562500000e+03
2.841110674341378399e+03
2.806441242383683857e+03
2.798668137867222413e+03
2.867837646484375000e+03
2.858395243876760105e+03
2.803865288887527640e+03
2.675516889094963517e+03
2.836350585937500000e+03
2.863399995994849633e+03
2.807349063167044733e+03
2.845943484433644244e+03
2.808262207031250000e+03
2.830619347936699342e+03
2.505668471462742673e+03
2.017711960293896027e+03
2.777126464843750000e+03
2.822914433445612758e+03
2.729691275168217999e+03
2.750629069371379046e+03
2.749151123046875000e+03
2.745233127523799794e+03
2.663591963405764545e+03
2.627330615477047104e+03
2.721862548828125000e+03
2.704202299531930294e+03
2.625961780782429742e+03
2.594236303212025632e+03
2.691312988281250000e+03
2.478387406415707574e+03
2.245801009193018217e+03
2.290568435548522302e+03
2.662781250000000000e+03
2.522150134248341601e+03
2.528149809492360873e+03
2.340676554011547978e+03
2.632340332031250000e+03
2.630114209130715608e+03
2.651681690017623168e+03
2.535844577701080198e+03
2.603009277343750000e+03
2.517345775695140674e+03
2.486636618991690284e+03
2.643793692821526747e+03
2.572160888671875000e+03
2.541184818485328833e+03
2.535262056920124905e+03
2.632875796564687334e+03
2.540753417968750000e+03
2.515752775577424927e+03
2.544862445228127399e+03
2.543675780533877059e+03
2.508978027343750000e+03
2.503209984936536330e+03
2.395906198972983475e+03
2.405948429328442217e+03
2.477270263671875000e+03
2.520423978741931023e+03
2.375216841093147195e+03
2.516987694437668324e+03
2.442694580078125000e+03
2.497998197431961216e+03
2.387284889083456164e+03
2.340658249832298679e+03
2.406388916015625000e+03
2.331437148637254722e+03
2.379751650657291066e+03
2.357863218433530619e+03
2.377572509765625000e+03
2.379893017967230662e+03
2.258982475907620028e+03
2.391564541723949787e+03
2.330492919921875000e+03
2.314630484918619004e+03
2.352542063005617365e+03
2.357710961382359528e+03
2.302943847656250000e+03
2.323156312465132942e+03
2.277248424978585263e+03
2.324051891677456751e+03
2.273911621093750000e+03
2.268226472759482022e+03
2.050833599042809055e+03
2.147981254246116350e+03
2.248792236328125000e+03
2.206011065247466831e+03
2.034352940227660611e+03
2.086179306262881255e+03
2.222451416015625000e+03
2.201715324071930809e+03
2.004712399622208295e+03
2.310665909078028108e+03
2.195125976562500000e+03
2.109991844511578620e+03
1.891500768989816606e+03
2.033746199041172758e+03
2.169782470703125000e+03
2.200942984192904078e+03
2.111770057781143350e+03
2.208285187903511996e+03
2.117451660156250000e+03
2.163556935205181617e+03
2.082432262844657544e+03
2.029267230295059107e+03
2.088985839843750000e+03
1.992526388346410386e+03
1.984257413076783678e+03
1.943630180338321452e+03
2.060263427734375000e+03
2.052134841527521075e+03
2.081336492359243039e+03
2.042414298202894997e+03
2.037987548828125000e+03
2.061994561282561335e+03
1.956552452409529678e+03
1.810044393003365485e+03
2.009105102539062500e+03
2.028813829301874875e+03
1.867482244337955308e+03
1.977085247546344817e+03
1.980775878906250000e+03
1.982341426477202731e+03
1.858881759563729929e+03
1.863955019522791872e+03
1.960736572265625000e+03
1.984867379953300770e+03
1.945635588529133429e+03
1.895275792997446160e+03
1.931126953125000000e+03
1.866508753702989225e+03
1.929422150457809266e+03
1.872143818913184532e+03
1.890299194335937500e+03
1.866863944434709765e+03
1.711732659760358729e+03
1.529137655433013606e+03
1.858694580078125000e+03
1.839743925150008408e+03
1.831409264666166109e+03
1.885751847095864150e+03
1.835499633789062500e+03
1.855065700704286883e+03
1.811835003410853687e+03
1.920516231938070860e+03
1.810116943359375000e+03
1.837977181520464455e+03
1.918198789973907424e+03
1.757490577410964761e+03
1.767249511718750000e+03
1.743269240994055508e+03
1.700579645480114777e+03
1.649800264132502889e+03
1.747392333984375000e+03
1.748798839499524775e+03
1.706807684553642730e+03
1.701504642413894089e+03
1.692286621093750000e+03
1.676442378856793539e+03
1.567784327343722452e+03
1.527220214917841531e+03
1.662189086914062500e+03
1.654017639620503815e+03
1.630598072662040977e+03
1.577408725703101936e+03
1.647483520507812500e+03
1.620015111985493832e+03
1.521355101647921401e+03
1.469680772491058860e+03
1.618720214843750000e+03
1.605325582256530879e+03
1.642174582316269152e+03
1.583735103853850433e+03
1.608492065429687500e+03
1.605590463503848241e+03
1.563878458411750898e+03
1.576986245742015853e+03
1.594189208984375000e+03
1.582741183136211475e+03
1.551516905573050281e+03
1.555450056802162862e+03
1.552648315429687500e+03
1.548845589248891429e+03
1.532929500254481582e+03
1.531107122225427929e+03
1.518540649414062500e+03
1.513800330680368688e+03
1.451721129318698786e+03
1.440054746832051251e+03
1.496280761718750000e+03
1.486013592402793847e+03
1.470507818197779670e+03
1.359251616150326299e+03
1.454215332031250000e+03
1.444421225056107460e+03
1.426072339060294553e+03
1.399873331577725821e+03
1.427129028320312500e+03
1.421207908223507275e+03
1.382808128744401074e+03
1.286528999605094668e+03
1.384682373046875000e+03
1.384519124751100662e+03
1.384801004423036602e+03
1.295860358234700016e+03
1.357095092773437500e+03
1.353308212836285975e+03
1.345990624887286003e+03
1.316530732960391560e+03
1.316889770507812500e+03
1.312234809633782334e+03
1.328112675967049427e+03
1.252131488107898576e+03
1.277529785156250000e+03
1.275999177439739697e+03
1.280139557247133098e+03
1.283064178095789885e+03
1.264763549804687500e+03
1.266809064199643217e+03
1.256886468794244138e+03
1.251112447951402373e+03
1.231220092773437500e+03
1.227899514262440107e+03
1.220882964400404489e+03
1.216360273935817759e+03
1.194422241210937500e+03
1.187349666485469243e+03
1.178808790723999664e+03
1.142644223002653916e+03
1.169925781250000000e+03
1.166200423516394949e+03
1.165008939569629774e+03
1.154399057483690740e+03
1.133835693359375000e+03
1.124717853287507978e+03
1.121057299416950855e+03
1.118009848317735532e+03
1.102172973632812500e+03
1.095696088930331825e+03
1.095388851487509783e+03
1.124325182697334640e+03
1.067014526367187500e+03
1.060590416671182538e+03
1.057880367189326535e+03
1.084719076259450503e+03
1.036777709960937500e+03
1.033934588296560605e+03
1.041408368163686191e+03
1.039017195427318029e+03
1.003785827636718750e+03
1.001206626184577999e+03
9.983795172259611945e+02
1.017507450155117226e+03
9.778577880859375000e+02
9.767238628550516069e+02
9.751972480881657930e+02
9.702943766781764907e+02
9.564794311523437500e+02
9.493829120714515284e+02
9.491998836909280044e+02
9.503366729322704032e+02
9.373565063476562500e+02
9.276683070462255500e+02
9.298622136663838091e+02
9.328571861981163238e+02
9.062959594726562500e+02
8.979476100179603009e+02
9.045190504121808317e+02
9.190590514498337598e+02
8.814462280273437500e+02
8.760009566390353939e+02
8.706158689838736109e+02
8.655464559207420052e+02
8.538117065429687500e+02
8.486439589348927939e+02
8.496032590186664493e+02
8.445932494677748537e+02
8.235484008789062500e+02
8.182680271037928605e+02
8.130841698366729133e+02
8.152984795862705596e+02
7.969986572265625000e+02
7.910137344350011972e+02
7.872366410188697046e+02
7.854990811122218020e+02
7.713581542968750000e+02
7.653119561294123514e+02
7.586858955931706987e+02
7.616873928367965618e+02
7.426251831054687500e+02
7.364340474727280252e+02
7.258692680362786405e+02
7.359446102827830600e+02
7.148682861328125000e+02
7.100956282909600077e+02
7.012559609836357595e+02
7.019555109201500045e+02
6.797418212890625000e+02
6.726328308862167660e+02
6.644264798952295905e+02
6.595652665639821635e+02
6.464458007812500000e+02
6.411808601114629482e+02
6.349924661251825455e+02
6.215679294253264970e+02
6.109638671875000000e+02
6.043872803774123668e+02
5.948505714902636328e+02
5.909976584044693482e+02
5.848681640625000000e+02
5.772657333339217303e+02
5.758256827715114241e+02
5.793037434260064629e+02
5.535408935546875000e+02
5.475587427223628083e+02
5.417903346847515422e+02
5.492876920810663250e+02
5.245142822265625000e+02
5.183871148594153055e+02
5.133084968688273193e+02
5.097621720330445214e+02
4.991319274902343750e+02
4.932131512344237763e+02
4.861923449329859181e+02
4.806648070053654465e+02
4.705477905273437500e+02
4.646138799625834963e+02
4.614660265625130364e+02
4.579475282489770507e+02
4.453998718261718750e+02
4.391449113084632927e+02
4.369621052739599349e+02
4.302539784871017901e+02
4.168415527343750000e+02
4.107087684732735511e+02
4.152328375698378977e+02
4.262847757693433550e+02
3.883981933593750000e+02
3.821170472748571001e+02
3.797590037894005945e+02
3.759723842385764101e+02
3.603579406738281250e+02
3.540604609692777558e+02
3.480918896801633196e+02
3.436201167997950847e+02
3.329622802734375000e+02
3.277313958114218053e+02
3.198375379650846639e+02
3.157044646584731709e+02
3.046388854980468750e+02
2.995176356323801770e+02
2.958275773858816819e+02
2.890265014917695225e+02
2.754497375488281250e+02
2.690896398798672635e+02
2.650473480831485062e+02
2.604952432561631781e+02
2.495071563720703125e+02
2.428662409183602620e+02
2.374114581317871284e+02
2.276666030094103803e+02
2.199267730712890625e+02
2.137995841585812684e+02
2.074397015904139607e+02
2.004612497456982680e+02
1.904329071044921875e+02
1.842386622154901090e+02
1.817921996131352103e+02
1.760592040935952127e+02
1.608007354736328125e+02
1.542449499062275322e+02
1.466767415609216130e+02
1.464129832092179697e+02
1.346461029052734375e+02
1.289843515128757758e+02
1.221765603567736349e+02
1.144910068614809688e+02
1.167059936523437500e+02
1.103219189422633661e+02
1.077304971042786690e+02
1.028383395691660809e+02
1.137395324707031250e+02
1.076370867534459705e+02
1.015151559253033327e+02
9.482135748770659234e+01
1.137395324707031250e+02
1.077240995612217347e+02
1.011967725779041274e+02
9.597252395145764581e+01
1.137395324707031250e+02
1.079634221489698547e+02
1.012356271875634519e+02
1.062581723344764839e+02
1.137395324707031250e+02
1.073016319099435520e+02
9.986000074986661446e+01
9.553707605080087717e+01
1.137395324707031250e+02
1.074462510137945230e+02
1.018719429031221893e+02
1.028729473406930310e+02
1.137395324707031250e+02
1.075412715356482920e+02
1.017851440544895638e+02
9.607004018275425494e+01
1.137395324707031250e+02
1.077926423084317520e+02
1.032647668561839964e+02
1.060150472091746110e+02
1.137395324707031250e+02
1.081316261110575709e+02
1.009054344423473566e+02
9.417195589114864163e+01
1.137395324707031250e+02
1.073495415276850338e+02
1.016195969911768202e+02
9.953246600475583250e+01
1.137395324707031250e+02
1.085961152258837217e+02
1.070259982890285073e+02
1.053084787396172288e+02
1.137395324707031250e+02
1.076507398581698567e+02
1.001269177853051957e+02
9.581013314143261539e+01
1.137395324707031250e+02
1.074784492494323018e+02
1.003901571947182276e+02
9.372814891903628620e+01
1.137395324707031250e+02
1.078718142061145215e+02
1.022821785921474600e+02
9.305139487570509971e+01
1.137395324707031250e+02
1.067347094315353502e+02
1.015405494571913465e+02
9.408695187493559331e+01
1.137395324707031250e+02
1.071640723442308882e+02
1.003270221693641275e+02
1.046023873642203057e+02
1.137395324707031250e+02
1.082637274860845196e+02
1.011145930948162004e+02
9.411425369557728970e+01
1.137395324707031250e+02
1.076217645172548174e+02
1.005710909776800008e+02
9.521875333229780836e+01
1.137395324707031250e+02
1.074913617903564926e+02
9.902922402921404910e+01
9.761233422913680613e+01
1.137395324707031250e+02
1.071246894009700981e+02
1.022642532189333338e+02
9.882963263806308873e+01
1.137395324707031250e+02
1.073118154689425978e+02
1.001396787107810411e+02
9.539112572054385453e+01
1.137395324707031250e+02
1.069466777269119575e+02
9.965360913123987530e+01
9.356424289669878647e+01
1.137395324707031250e+02
1.073256838673959663e+02
9.896672371037955429e+01
1.011708714630233743e+02
1.137395324707031250e+02
1.077543365752439826e+02
1.008226308011349062e+02
9.794242772036503197e+01
1.137395324707031250e+02
1.076636805845384970e+02
1.002294590133219430e+02
9.112088979921516341e+01
1.137395324707031250e+02
1.078065030394509023e+02
1.034123654422012493e+02
9.543078083214678031e+01
1.137395324707031250e+02
1.080375353729643280e+02
1.028200212361012547e+02
9.686181032941159685e+01
1.137395324707031250e+02
1.075774966830996391e+02
1.030911055655655417e+02
9.675858999611330091e+01
1.137395324707031250e+02
1.075063713493391475e+02
1.037916469461411140e+02
9.762962069205940452e+01
1.137395324707031250e+02
1.077643800181164409e+02
1.040099638489684679e+02
9.882821442508645760e+01
1.137395324707031250e+02
1.068566739753418915e+02
1.018287135506587475e+02
9.576981866617710182e+01
1.137395324707031250e+02
1.071963066718020343e+02
1.005689325032150663e+02
9.318926494786201431e+01
1.137395324707031250e+02
1.076549983694305865e+02
1.024687618520954970e+02
9.690556355271307609e+01
1.137395324707031250e+02
1.082914962921742443e+02
1.042350327570336930e+02
1.004463045321229941e+02
1.137395324707031250e+02
1.077033195005601414e+02
9.877873359171803713e+01
9.151276286756404943e+01
1.137395324707031250e+02
1.081676801188574757e+02
1.031576133280979377e+02
9.915425289513170526e+01
1.137395324707031250e+02
1.075510409958851454e+02
9.816599872211658351e+01
1.041311576910332519e+02
1.137395324707031250e+02
1.074563108670930092e+02
1.002423274151746000e+02
9.178918733379749995e+01
1.137395324707031250e+02
1.073734443348170515e+02
1.033761658906427954e+02
9.809662993285836308e+01
1.137395324707031250e+02
1.076483903230802213e+02
9.980608259469119048e+01
9.948084266000060438e+01
1.137395324707031250e+02
1.079167118102275253e+02
1.044970874940633792e+02
1.003006984666479440e+02
1.137395324707031250e+02
1.072246148716219949e+02
9.933949478302808700e+01
9.993607005339175942e+01
1.137395324707031250e+02
1.079376711563348437e+02
1.023210919041817135e+02
9.439269688414880477e+01
1.137395324707031250e+02
1.080109937969272380e+02
1.017563834584716034e+02
1.061086830726514023e+02
1.137395324707031250e+02
1.081898349667893484e+02
1.019326982152754084e+02
9.754417376011049612e+01
1.137395324707031250e+02
1.081366091783213363e+02
1.044864541482327240e+02
9.986429985187503178e+01
1.137395324707031250e+02
1.072814137153505953e+02
1.025675956641432833e+02
9.745150113034289063e+01
1.137395324707031250e+02
1.079621504143659081e+02
1.007375725386927883e+02
9.237452428268706228e+01
1.137395324707031250e+02
1.085567071044015677e+02
1.039976714915414817e+02
9.937576474711237040e+01
1.137395324707031250e+02
1.093354403218312996e+02
1.055563629069162488e+02
1.023954564861860206e+02
1.137395324707031250e+02
1.077862254750157689e+02
1.002924585596210818e+02
9.320130538606275650e+01
1.137395324707031250e+02
1.072875607991814917e+02
1.017446922700655563e+02
1.032161745323940920e+02
1.137395324707031250e+02
1.077382716282146760e+02
1.008325977415665591e+02
1.014826618604468109e+02
1.137395324707031250e+02
1.069880254268193340e+02
1.042580857190967834e+02
1.011544147899462160e+02
1.137395324707031250e+02
1.080230050951021070e+02
1.019019713586744160e+02
9.604689285392967690e+01
1.137395324707031250e+02
1.075808857391318156e+02
1.001830744536934219e+02
9.948905795736963853e+01
1.137395324707031250e+02
1.078478973123905575e+02
1.022374704435079735e+02
1.012253578648569601e+02
1.137395324707031250e+02
1.074350529737545514e+02
9.959139282848646246e+01
9.786113851434819821e+01
1.137395324707031250e+02
1.083392364924806373e+02
1.027598584960765606e+02
9.961363595526137260e+01
1.137395324707031250e+02
1.074624471939632286e+02
1.012323789287546703e+02
9.246986428732483887e+01
1.137395324707031250e+02
1.071605776052862069e+02
9.941157633956335360e+01
9.050471959126080890e+01
1.137395324707031250e+02
1.074929318492806800e+02
1.040066667226780055e+02
1.000812774698592733e+02
1.137395324707031250e+02
1.076556156658933503e+02
1.022350132281482615e+02
1.022086116117200021e+02
1.137395324707031250e+02
1.070586996648130054e+02
9.987380792458161238e+01
9.688141341518659999e+01
1.137395324707031250e+02
1.079324636919423455e+02
1.040874249875726179e+02
9.806018447691022288e+01
1.137395324707031250e+02
1.072258190906156585e+02
9.852555794821169854e+01
9.637690453250917244e+01
1.137395324707031250e+02
1.078666546820110028e+02
1.013874925820985311e+02
1.076075458561213622e+02
1.137395324707031250e+02
1.081390232395625901e+02
1.020914725160304215e+02
1.054006729146681778e+02
1.137395324707031250e+02
1.075136055232299555e+02
1.001723221783117594e+02
1.019120289655465541e+02
1.137395324707031250e+02
1.070012831543382106e+02
1.041336706430813308e+02
9.582211619276624504e+01
1.137395324707031250e+02
1.087541622904666809e+02
1.035166481517349553e+02
9.742914375086957079e+01
1.137395324707031250e+02
1.077833475749633152e+02
1.018052794547099609e+02
9.765756844804241155e+01
1.137395324707031250e+02
1.079618820626244542e+02
1.025725484597855939e+02
9.723957276536732763e+01
1.137395324707031250e+02
1.080551140900023910e+02
1.045104331773277835e+02
1.043827136107048972e+02
1.137395324707031250e+02
1.077340323223429266e+02
1.021139996814060282e+02
1.027051535120322683e+02
1.137395324707031250e+02
1.087466269201291311e+02
1.026301116106708946e+02
9.594976431089729374e+01
1.137395324707031250e+02
1.077939317478854662e+02
9.949550790506052067e+01
9.480466385478941049e+01
1.137395324707031250e+02
1.076997295392761913e+02
1.031046010019446300e+02
9.605136334016995647e+01
1.137395324707031250e+02
1.081641865432795271e+02
1.027674193611060218e+02
9.469298274348845723e+01
1.137395324707031250e+02
1.076998028022861718e+02
1.031948891118359342e+02
9.881967076739992706e+01
1.137395324707031250e+02
1.074204360996314023e+02
1.023768675321342982e+02
9.623267084784957603e+01
1.137395324707031250e+02
1.085228179904187442e+02
1.054367067394483115e+02
1.002329951800023338e+02
1.137395324707031250e+02
1.070715343663316332e+02
9.941851669017901827e+01
9.847651248210780750e+01
1.137395324707031250e+02
1.077262241666258262e+02
1.058268623074593506e+02
9.931434605149414097e+01
1.137395324707031250e+02
1.075483713305994371e+02
1.005231315587944465e+02
9.326042386027987163e+01
1.137395324707031250e+02
1.082429129292194432e+02
1.049457160366971351e+02
1.017689389710497636e+02
1.137395324707031250e+02
1.075796138331251939e+02
1.027744747122726352e+02
9.655741699779757425e+01
1.137395324707031250e+02
1.078391661344705597e+02
1.039476610383987065e+02
9.914698641040754978e+01
1.137395324707031250e+02
1.074985177743111961e+02
9.890216891175865044e+01
9.859414873541443569e+01
1.137395324707031250e+02
1.080635447977209935e+02
1.040370624277601763e+02
1.006159776385535167e+02
1.137395324707031250e+02
1.073473710600085127e+02
1.027043563688387167e+02
1.011445300015875119e+02
1.137395324707031250e+02
1.074478649503506773e+02
1.009065234692380528e+02
9.396310227795444803e+01
1.137395324707031250e+02
1.082020233190606007e+02
9.998522847776929723e+01
9.572379770468467086e+01
1.137395324707031250e+02
1.078913200336685776e+02
1.034262214390679588e+02
1.000017910791199114e+02
1.137395324707031250e+02
1.070967109100439245e+02
1.006793258734548999e+02
9.593177080775289767e+01
1.137395324707031250e+02
1.079235842188492569e+02
1.023919667592955562e+02
9.650844325253741829e+01
1.137395324707031250e+02
1.080620329989913841e+02
1.038739977184186642e+02
9.844001264055403055e+01
1.137395324707031250e+02
1.077806639376907611e+02
1.017631054392367815e+02
9.518797055207882352e+01
1.137395324707031250e+02
1.080543702753069368e+02
1.024220072993165473e+02
1.097630010024131622e+02
1.137395324707031250e+02
1.081068795537267704e+02
1.008269234391391649e+02
9.486535831492155069e+01
1.137395324707031250e+02
1.078278067846743795e+02
1.021455349982056617e+02
9.518845070603644842e+01
1.137395324707031250e+02
1.069044844349527068e+02
1.010835791786784625e+02
9.346489174249416010e+01
1.137395324707031250e+02
1.073539288316653426e+02
9.849342753725699140e+01
9.943428541043587643e+01
1.137395324707031250e+02
1.072504191386000372e+02
1.004770700359044042e+02
9.390396526973621860e+01
1.137395324707031250e+02
1.076235481655829886e+02
1.033222564278756579e+02
9.856401200067951152e+01
1.137395324707031250e+02
1.072796271349536568e+02
1.002773770423995501e+02
1.027305274548652108e+02
1.137395324707031250e+02
1.076905630548336319e+02
1.016246139601138339e+02
9.738135044028763332e+01
1.137395324707031250e+02
1.073062390575284013e+02
1.008586231329457092e+02
1.050038873996108180e+02
1.137395324707031250e+02
1.085669199060095877e+02
1.015528538614522489e+02
9.420777011476579332e+01
1.137395324707031250e+02
1.073166484778201522e+02
1.031958487669000846e+02
1.006156254754544506e+02
1.137395324707031250e+02
1.086819425367578447e+02
1.051358369426573915e+02
9.971339962595386908e+01
1.137395324707031250e+02
1.075744142836126827e+02
1.033154525867151108e+02
9.934602956726638467e+01
1.137395324707031250e+02
1.086175344090414399e+02
1.057150223195951497e+02
1.043426212245988012e+02
1.137395324707031250e+02
1.084186678166836515e+02
1.055737206152109309e+02
1.020134813625712269e+02
1.137395324707031250e+02
1.082353941203475216e+02
1.016500535162504093e+02
9.776036342777632626e+01
1.137395324707031250e+02
1.078875284693231151e+02
1.029167729583841577e+02
9.916001056065135799e+01
1.137395324707031250e+02
1.072825418609258605e+02
1.039534353204026331e+02
9.984938745073968391e+01
1.137395324707031250e+02
1.084279524984730472e+02
1.055604953365580343e+02
1.047055385665228471e+02
1.137395324707031250e+02
1.072088076684493956e+02
9.926566844459013339e+01
9.749608863331813779e+01
1.137395324707031250e+02
1.073727283734716593e+02
1.019487644943667277e+02
9.757123447405693639e+01
1.137395324707031250e+02
1.080898128413345631e+02
1.043730481286610541e+02
1.002654568990748345e+02
1.137395324707031250e+02
1.068962571211601755e+02
9.930371479073025398e+01
1.029776678451266889e+02
1.137395324707031250e+02
1.080593485982642221e+02
1.019531614459431381e+02
9.776122857719218473e+01
1.137395324707031250e+02
1.071094792108159908e+02
1.005554832136029262e+02
9.258342923141258041e+01
1.137395324707031250e+02
1.080928611091818965e+02
1.037373539481433511e+02
9.813248579263327542e+01
1.137395324707031250e+02
1.075072744414619876e+02
1.011589267595751807e+02
9.556031642836147455e+01
1.137395324707031250e+02
1.073415816753422973e+02
1.016138633272372118e+02
9.606775927622386746e+01
1.137395324707031250e+02
1.078922362054889561e+02
1.010860593398373766e+02
9.398973388069812529e+01
1.137395324707031250e+02
1.071735963391092383e+02
9.971548696130530232e+01
9.024540927205555363e+01
1.137395324707031250e+02
1.075590849433757086e+02
1.009141169244385310e+02
9.563721301353389492e+01
1.137395324707031250e+02
1.070999152190203745e+02
9.947634845609393039e+01
1.003415219561728122e+02
1.137395324707031250e+02
1.079432332830011063e+02
1.001585840820776667e+02
9.953120931289218731e+01
1.137395324707031250e+02
1.075564331937469120e+02
9.921230478341588821e+01
8.989943949018724823e+01
1.137395324707031250e+02
1.083303608454315992e+02
1.029445681281469973e+02
9.929156724618930241e+01
1.137395324707031250e+02
1.077937212679528045e+02
1.016220530951437553e+02
9.451120725482481078e+01
1.137395324707031250e+02
1.083259962268038379e+02
1.017105925386133833e+02
9.265646053403405347e+01
1.137395324707031250e+02
1.078969965550222696e+02
1.005398632519134594e+02
9.523164192151423890e+01
1.137395324707031250e+02
1.074690211213957554e+02
1.033480065125487783e+02
9.808258209160000263e+01
1.137395324707031250e+02
1.081532457375715097e+02
1.040512400083853208e+02
9.584054211301358350e+01
1.137395324707031250e+02
1.075781527629124525e+02
9.882421858582858931e+01
9.917788394499493165e+01
1.137395324707031250e+02
1.078347734241384757e+02
1.012410006889777776e+02
9.657727749203087342e+01
1.137395324707031250e+02
1.078573769671573785e+02
9.982229509048362104e+01
9.185851552390769825e+01
1.137395324707031250e+02
1.086195244524984957e+02
1.043651168592737406e+02
9.960757212641338754e+01
1.137395324707031250e+02
1.078150325543760886e+02
1.043532317106319312e+02
1.006090680367858852e+02
1.137395324707031250e+02
1.070867255575605554e+02
1.022985518695784606e+02
9.611672679220116322e+01
1.137395324707031250e+02
1.071227021268762343e+02
9.993780029790421793e+01
1.030941168652778117e+02
1.137395324707031250e+02
1.077016924890494209e+02
1.000739134861730264e+02
1.047510705240706699e+02
1.137395324707031250e+02
1.077851265357191721e+02
9.926786037785572603e+01
9.461827254087825168e+01
1.137395324707031250e+02
1.077707614704147261e+02
1.011975506940537173e+02
9.308771586159086553e+01
1.137395324707031250e+02
1.072238369198979910e+02
9.898138881439315639e+01
9.390029735700296953e+01
1.137395324707031250e+02
1.082699603590700974e+02
1.026064049694253129e+02
9.659114009105056198e+01
1.137395324707031250e+02
1.081066870383570802e+02
1.028004666337354536e+02
9.733534058970731451e+01
1.137395324707031250e+02
1.076569461698106664e+02
1.033888185534188580e+02
1.005115689373712229e+02
1.137395324707031250e+02
1.075606401393270346e+02
9.967699439832124142e+01
8.905767641138146473e+01
1.137395324707031250e+02
1.073355229090089722e+02
1.014049575442174813e+02
9.546496102996231059e+01
1.137395324707031250e+02
1.078509765844969479e+02
1.012817102900551873e+02
9.528977988514456854e+01
1.137395324707031250e+02
1.073122732163897126e+02
9.996550657816280250e+01
9.712119151313474674e+01
1.137395324707031250e+02
1.075841432351136717e+02
1.017769250993713825e+02
9.699837885641659341e+01
1.137395324707031250e+02
1.080584861894748627e+02
1.059003753507074208e+02
1.028259993453357595e+02
1.137395324707031250e+02
1.081437870470194298e+02
1.058104638967837019e+02
1.024285704117756808e+02
1.137395324707031250e+02
1.081160745731983752e+02
1.053871728479744689e+02
1.028871671006235857e+02
1.137395324707031250e+02
1.078818157272484086e+02
1.029678783666999493e+02
9.740958060264412666e+01
1.137395324707031250e+02
1.074949542471962900e+02
9.982708171038751743e+01
9.499302117926977473e+01
1.137395324707031250e+02
1.076738623369696484e+02
1.026692417316662187e+02
9.768000002587899644e+01
1.137395324707031250e+02
1.068848334006766549e+02
1.013207372140418414e+02
1.011722780507902542e+02
1.137395324707031250e+02
1.076025091995655458e+02
1.003315675770655417e+02
9.397409840243452095e+01
1.137395324707031250e+02
1.072557251639396156e+02
1.003226274063310512e+02
9.640931270642113304e+01
1.137395324707031250e+02
1.072631925065063854e+02
1.047783307941408140e+02
1.005007460245916064e+02
1.137395324707031250e+02
1.082807193856657761e+02
1.038721131062064700e+02
9.996834374546614299e+01
1.137395324707031250e+02
1.085919892282776829e+02
1.020117352168520171e+02
9.495543380779278664e+01
1.137395324707031250e+02
1.077504271679545127e+02
1.036167820655097387e+02
9.835087281481963828e+01
1.137395324707031250e+02
1.075345471381232301e+02
1.032121980862922754e+02
9.839390170196726615e+01
1.137395324707031250e+02
1.074204225210960573e+02
9.925982712175019174e+01
9.212445397542569481e+01
1.137395324707031250e+02
1.085125891081403608e+02
1.017244314502783311e+02
9.572170643820754776e+01
1.137395324707031250e+02
1.076333221272789160e+02
1.028182712747024823e+02
9.460802512695791222e+01
1.137395324707031250e+02
1.075788627186703792e+02
1.041117182121418949e+02
9.946937553913934948e+01
1.137395324707031250e+02
1.078759816691654123e+02
9.934803851045249701e+01
9.900759125470752053e+01
1.137395324707031250e+02
1.077088615886781895e+02
1.011042452620915952e+02
9.338751760736400342e+01
1.137395324707031250e+02
1.073498959055048232e+02
1.004545639103715615e+02
1.039569254068671853e+02
1.137395324707031250e+02
1.079785321056481706e+02
1.024646813440033810e+02
9.722425615494022111e+01
1.137395324707031250e+02
1.077605736885075629e+02
9.993711349453434423e+01
9.595199559371812370e+01
1.137395324707031250e+02
1.086050669551619876e+02
1.037662497004625948e+02
9.645566287049960863e+01
1.137395324707031250e+02
1.077203569744182516e+02
1.015529265309357783e+02
9.597050217585432108e+01
1.137395324707031250e+02
1.076964554536526464e+02
1.005030892677301324e+02
9.691111036725061467e+01
1.137395324707031250e+02
1.077901071377507947e+02
1.026588071827753907e+02
9.596342797408337333e+01
1.137395324707031250e+02
1.075738881298669583e+02
1.024248143755634288e+02
9.640113214735845304e+01
1.137395324707031250e+02
1.084668280403531071e+02
1.030243650774259123e+02
1.035990733066360576e+02
1.137395324707031250e+02
1.077354441474336397e+02
1.037027419869040301e+02
9.826787356471439239e+01
1.137395324707031250e+02
1.075049056138432775e+02
1.022522249764546274e+02
9.523078094532897353e+01
1.137395324707031250e+02
1.075730039460990923e+02
1.018317272429840017e+02
9.470998310420681321e+01
1.137395324707031250e+02
1.076296101044464990e+02
1.042703444583196699e+02
1.016290390070856375e+02
1.137395324707031250e+02
1.073724049841885915e+02
1.008545525357777848e+02
9.502760186325618008e+01
1.137395324707031250e+02
1.084295369159036397e+02
1.035924743764034588e+02
9.716167688233825572e+01
1.137395324707031250e+02
1.076227909829066078e+02
1.014567270524577225e+02
1.012138856052317522e+02
1.137395324707031250e+02
1.076720679357868562e+02
1.030584600423000410e+02
1.028446389124782598e+02
1.137395324707031250e+02
1.074164759953937676e+02
1.007053403959111080e+02
9.472129221902837060e+01
1.137395324707031250e+02
1.075571769528179118e+02
1.032487226816042494e+02
9.934484811544226091e+01
1.137395324707031250e+02
1.073647354849544371e+02
1.016870105205878190e+02
9.704826896295683980e+01
1.137395324707031250e+02
1.076055186705158775e+02
9.965053419651383138e+01
9.232350438959130656e+01
1.137395324707031250e+02
1.078606873265006385e+02
1.005929627624741016e+02
9.277753513128389784e+01
1.137395324707031250e+02
1.077279421278286407e+02
1.015805842846314704e+02
9.707301061409958720e+01
1.137395324707031250e+02
1.081998159252920004e+02
1.020266567356695475e+02
9.590397575997378965e+01
1.137395324707031250e+02
1.076282816914942231e+02
9.912720652868948434e+01
1.007881909364330113e+02
1.137395324707031250e+02
1.079526242236732685e+02
1.006991503625683322e+02
9.331670298897418547e+01
1.137395324707031250e+02
1.070853202952094136e+02
1.018510862497532088e+02
9.733415626141457722e+01
1.137395324707031250e+02
1.074555523402292039e+02
1.028406600992236974e+02
9.706390006220014754e+01
1.137395324707031250e+02
1.079792209883838581e+02
1.025979558382773149e+02
9.660234089660335144e+01
1.137395324707031250e+02
1.087896909240119498e+02
1.045419014506913555e+02
1.012990526600362671e+02
1.137395324707031250e+02
1.083140868154344076e+02
1.036186764729105789e+02
9.948178802375834096e+01
1.137395324707031250e+02
1.080956076219999034e+02
1.020983356567624725e+02
9.785048291416909194e+01
1.137395324707031250e+02
1.074336994099521405e+02
1.025633763212599945e+02
9.486734547348594049e+01
1.137395324707031250e+02
1.068975619602898064e+02
1.015027359226936028e+02
9.593871984471401504e+01
1.137395324707031250e+02
1.079910504548467145e+02
1.020521582091932942e+02
9.528645835653546214e+01
1.137395324707031250e+02
1.089245570338042057e+02
1.021811419369015539e+02
9.293020343109756709e+01
1.137395324707031250e+02
1.079088305289490961e+02
1.011198465904538182e+02
9.765821852985091311e+01
1.137395324707031250e+02
1.075348724664165871e+02
9.972008329643094271e+01
9.724397242180741330e+01
1.137395324707031250e+02
1.076905107561674129e+02
1.036382945337230410e+02
1.006925745730465280e+02
1.137395324707031250e+02
1.079902568129202507e+02
1.035236053051696388e+02
9.846502105049113140e+01
1.137395324707031250e+02
1.077346247498037854e+02
1.014730587029682454e+02
9.723559143020250417e+01
1.137395324707031250e+02
1.080508745022471970e+02
1.003694170798980849e+02
9.261174835071076927e+01
1.137395324707031250e+02
1.074142718921941508e+02
1.020345361807306688e+02
9.250129370628435765e+01
1.137395324707031250e+02
1.084284892710385861e+02
1.050274919089605987e+02
1.009981457331422376e+02
1.137395324707031250e+02
1.079734152492615209e+02
1.017462134811750616e+02
9.875940207038175345e+01
1.137395324707031250e+02
1.076469674752707988e+02
1.021376232597175289e+02
9.712903696754389671e+01
1.137395324707031250e+02
1.079885259017999601e+02
9.963355654876589540e+01
9.719675148703481682e+01
1.137395324707031250e+02
1.068405195181120035e+02
1.032034995431481832e+02
9.672395594251793227e+01
1.137395324707031250e+02
1.087886090985768988e+02
1.071178267603619219e+02
1.029591672230096577e+02
1.137395324707031250e+02
1.076077823909704136e+02
1.034005960556794435e+02
9.718092459564446983e+01
1.137395324707031250e+02
1.083015117258685223e+02
1.020429656495683304e+02
9.556413121357080342e+01
1.137395324707031250e+02
1.082506828948745152e+02
1.022766826608936270e+02
9.547742269555671157e+01
1.137395324707031250e+02
1.080258511810056063e+02
1.036300340164638243e+02
9.743320610056363762e+01
1.137395324707031250e+02
1.075266637707797912e+02
1.008721006755170464e+02
9.848294183171381633e+01
1.137395324707031250e+02
1.082241655841885546e+02
1.029766973153421361e+02
9.825846352153250507e+01
1.137395324707031250e+02
1.076838700694255380e+02
1.023503837345294585e+02
9.490522799218062744e+01
1.137395324707031250e+02
1.078254337258324114e+02
9.960432617232942221e+01
9.856925006116337329e+01
1.137395324707031250e+02
1.080285671673304932e+02
1.036353406023214774e+02
9.912545973478168548e+01
1.137395324707031250e+02
1.074199756542652295e+02
1.018973720398309979e+02
9.747650193276449215e+01
1.137395324707031250e+02
1.079440598174644066e+02
1.011186337996011844e+02
9.495044390814922508e+01
1.137395324707031250e+02
1.077715012333541722e+02
1.003944541274084230e+02
9.260405862565303892e+01
1.137395324707031250e+02
1.073116935910550325e+02
1.009951019967851522e+02
9.644073695681460379e+01
1.137395324707031250e+02
1.074105312677897075e+02
9.947813403332111193e+01
1.059517865483146011e+02
1.137395324707031250e+02
1.078281316122039897e+02
1.034450390900021546e+02
9.758077177606740804e+01
1.137395324707031250e+02
1.076246705881736148e+02
1.018319043260724186e+02
9.518473126214699676e+01
1.137395324707031250e+02
1.076077842554328612e+02
9.932623507736944646e+01
9.822072801869843772e+01
1.137395324707031250e+02
1.083738262821408114e+02
1.017860565388741350e+02
1.067779828792720025e+02
1.137395324707031250e+02
1.074529964722298985e+02
9.923388205343822221e+01
9.843422222556260692e+01
1.137395324707031250e+02
1.077594269553339501e+02
1.037872188647503862e+02
9.986221665756031030e+01
1.137395324707031250e+02
1.083602614523341714e+02
1.019139041600966209e+02
9.528917352409727926e+01
1.137395324707031250e+02
1.077348790243483023e+02
9.999022359704736118e+01
9.438011570604322742e+01
1.137395324707031250e+02
1.077579053246807490e+02
1.019626894032478361e+02
1.048470096383589123e+02
1.137395324707031250e+02
1.082749235946024413e+02
1.032708368637514695e+02
1.075326874154841761e+02
1.137395324707031250e+02
1.081215167744556283e+02
1.019950171224147937e+02
1.031448438969527786e+02
1.137395324707031250e+02
1.075444041542441624e+02
1.018369899540840890e+02
9.523186451548870934e+01
1.137395324707031250e+02
1.078416996885789132e+02
1.004898438666844385e+02
1.050519244215630863e+02
1.137395324707031250e+02
1.077228598780421294e+02
1.023082245621407935e+02
9.712813358010696163e+01
1.137395324707031250e+02
1.080750579420058557e+02
1.005445541535538325e+02
1.039516266668674405e+02
1.137395324707031250e+02
1.082168256543450582e+02
1.010787723651378514e+02
9.364978119267952650e+01
1.137395324707031250e+02
1.077702955848187401e+02
1.040902530546296560e+02
1.037612426312094129e+02
1.137395324707031250e+02
1.070032912946039119e+02
1.003449195836152370e+02
9.556651072781110656e+01
1.137395324707031250e+02
1.075409912054568196e+02
1.032005999454894010e+02
9.558655375528826426e+01
1.137395324707031250e+02
1.071774048734398121e+02
1.011822891673493388e+02
1.020253417744218041e+02
1.137395324707031250e+02
1.075960094905205437e+02
9.909056080036955905e+01
1.016884314131463753e+02
1.137395324707031250e+02
1.077609319550201405e+02
1.011106178368527111e+02
9.301748958435402415e+01
1.137395324707031250e+02
1.085114280571295211e+02
1.013293052308937803e+02
9.629113304624286229e+01
1.137395324707031250e+02
1.073723032735585434e+02
9.893412115421806163e+01
9.517066564641122284e+01
1.137395324707031250e+02
1.073688126067352897e+02
1.023032817472397227e+02
9.418581439619137541e+01
1.137395324707031250e+02
1.086758053944763276e+02
1.056067155846704679e+02
1.005982297298210284e+02
1.137395324707031250e+02
1.071487168002482377e+02
1.002161485799769167e+02
9.982580581082176252e+01
1.137395324707031250e+02
1.081353660084108270e+02
1.036949471396969074e+02
1.003211126904347594e+02
1.137395324707031250e+02
1.086292545152466147e+02
1.023140536951363089e+02
9.747734507641820301e+01
1.137395324707031250e+02
1.077482261488612494e+02
1.018076136119856159e+02
9.585578401610467836e+01
1.137395324707031250e+02
1.083826152147930628e+02
1.027127311113003998e+02
9.866645119073551484e+01
1.137395324707031250e+02
1.076119434744958312e+02
1.015561161293856998e+02
9.709363378879035622e+01
1.137395324707031250e+02
1.085911494372144830e+02
1.058293635936770727e+02
1.030859476279768643e+02
1.137395324707031250e+02
1.078818624533867165e+02
1.006997783446701646e+02
9.757665197297745863e+01
1.137395324707031250e+02
1.077768509604098455e+02
1.016550514790975086e+02
9.754275137547243446e+01
1.137395324707031250e+02
1.082115306474842669e+02
1.004398435894683388e+02
9.609972314905336077e+01
1.137395324707031250e+02
1.076570404115725665e+02
9.961361800055254889e+01
9.648074509077684979e+01
1.137395324707031250e+02
1.079769698807933196e+02
1.022791792381888740e+02
9.929320320232343988e+01
1.137395324707031250e+02
1.081270096745460023e+02
1.004826602218846148e+02
9.206495952538055860e+01
1.137395324707031250e+02
1.074029847781927032e+02
1.008714957509368446e+02
9.542324002150060380e+01
1.137395324707031250e+02
1.088556008480541664e+02
1.068425450652267017e+02
1.026187159725123905e+02
1.137395324707031250e+02
1.074249129872676463e+02
1.023470398322642865e+02
9.516808382257400467e+01
1.137395324707031250e+02
1.075073246340406428e+02
1.003784502531489835e+02
9.251472025292709134e+01
1.137395324707031250e+02
1.076171530414827799e+02
1.009413902276635611e+02
9.422297230791562583e+01
1.137395324707031250e+02
1.076588241390583249e+02
1.005380620566746330e+02
9.625664727371608365e+01
1.137395324707031250e+02
1.080810724837148626e+02
1.023231405637496891e+02
1.042614364234662645e+02
1.137395324707031250e+02
1.075462836114114964e+02
1.005399905402652507e+02
9.332187951853406105e+01
1.137395324707031250e+02
1.079122663407252674e+02
1.007176526513737400e+02
9.641148159307743981e+01
1.137395324707031250e+02
1.079542894155610213e+02
1.019966559418740957e+02
1.005805036504920054e+02
1.137395324707031250e+02
1.070226491093456929e+02
1.018792896565506112e+02
9.783235795537582646e+01
1.137395324707031250e+02
1.081101560742199723e+02
1.050510595238749687e+02
1.018044286094754511e+02
1.137395324707031250e+02
1.075662029681714529e+02
1.012187433054264289e+02
1.002160150933960097e+02
1.137395324707031250e+02
1.085907651958046216e+02
1.025975690598602483e+02
9.806871454651485465e+01
1.137395324707031250e+02
1.076708732226525598e+02
1.009779656067854887e+02
9.540153395784514601e+01
1.137395324707031250e+02
1.078531856543295930e+02
1.029362700786631990e+02
9.704574495169616455e+01
1.137395324707031250e+02
1.075576490184456020e+02
9.954117773862631680e+01
9.919437327434533813e+01
1.137395324707031250e+02
1.078779158665016524e+02
1.030106638315554193e+02
9.878560431322891588e+01
1.137395324707031250e+02
1.080594135788072663e+02
1.020622336718184897e+02
9.683465519768186880e+01
1.137395324707031250e+02
1.081004238733252123e+02
1.034833284525642654e+02
9.740161548592135432e+01
1.137395324707031250e+02
1.071784289179577598e+02
9.999459994257595952e+01
9.128153089808357379e+01
1.137395324707031250e+02
1.077090293194429762e+02
1.015733542974947738e+02
1.055771500499813129e+02
1.137395324707031250e+02
1.076994723574167665e+02
1.018509673519521499e+02
9.799560913687641062e+01
1.137395324707031250e+02
1.068670512163993038e+02
1.039979945634559328e+02
1.014493768323113443e+02
1.137395324707031250e+02
1.077604094158610053e+02
1.013419252814618687e+02
9.951661596923486286e+01
1.137395324707031250e+02
1.082849719891629690e+02
1.028985836088976953e+02
9.559702225373082740e+01
1.137395324707031250e+02
1.077707858865641839e+02
1.029044324825584056e+02
9.829060587410606331e+01
1.137395324707031250e+02
1.078177807373253785e+02
9.998238292412928274e+01
9.326646841668164711e+01
1.137395324707031250e+02
1.073634176596327165e+02
9.823481768421819993e+01
1.026428388995984449e+02
1.137395324707031250e+02
1.084467422084661621e+02
1.053781376413900404e+02
9.971092262085808500e+01
1.137395324707031250e+02
1.082049117960534659e+02
9.995537275556628742e+01
9.695018515424176542e+01
1.137395324707031250e+02
1.079360562072413359e+02
9.985713138296927127e+01
9.146731625348485295e+01
1.137395324707031250e+02
1.078892549236048666e+02
1.016108568992484891e+02
9.620577801154898623e+01
1.137395324707031250e+02
1.076096299448754934e+02
9.999695660416739429e+01
9.764499964311524138e+01
1.137395324707031250e+02
1.079098135631489441e+02
1.028685109227206738e+02
9.543410254739947618e+01
1.137395324707031250e+02
1.069931348117340946e+02
9.989101046831237340e+01
9.889837922440769091e+01
1.137395324707031250e+02
1.080843263993060219e+02
1.030931322358067490e+02
9.627617255751314929e+01
1.137395324707031250e+02
1.082896563524557223e+02
1.013111785508612570e+02
1.022512809208510021e+02
1.137395324707031250e+02
1.073879148341947740e+02
1.011126089770764622e+02
9.354533418133679845e+01
1.137395324707031250e+02
1.083759190414013887e+02
1.025991356431784709e+02
9.908526665808254563e+01
1.137395324707031250e+02
1.076322829588978038e+02
1.033649877211553587e+02
1.001906856038487774e+02
1.137395324707031250e+02
1.076745228061117814e+02
1.035280249455576893e+02
9.605360984803637336e+01
1.137395324707031250e+02
1.079977839862505391e+02
1.023604641239651727e+02
9.837800777092832050e+01
1.137395324707031250e+02
1.077578237701058441e+02
1.026377601024603479e+02
9.661865216292486025e+01
1.137395324707031250e+02
1.069509691768776349e+02
9.727366802265049728e+01
9.520727095426403253e+01
1.137395324707031250e+02
1.075218758899376610e+02
1.004551403370953153e+02
9.245569731647032086e+01
1.137395324707031250e+02
1.071208535875341283e+02
1.022909654745874377e+02
1.025886711616540197e+02
1.137395324707031250e+02
1.078705930302558045e+02
1.033649563171066319e+02
9.665157531424047477e+01
1.137395324707031250e+02
1.073777544919730644e+02
1.002278055200932272e+02
9.511934587849653155e+01
1.137395324707031250e+02
1.082796867589178191e+02
1.013781529915954565e+02
1.063537105422797140e+02
1.137395324707031250e+02
1.075044782356440720e+02
1.007668478187026722e+02
9.310730716100766813e+01
1.137395324707031250e+02
1.077446308610727073e+02
1.035434737805858134e+02
9.687373394252549019e+01
1.137395324707031250e+02
1.077653366563451982e+02
1.002341233904803204e+02
9.591045932132625751e+01
1.137395324707031250e+02
1.076774079652772684e+02
9.953650133065644923e+01
1.068662114723944683e+02
1.137395324707031250e+02
1.080142160128258979e+02
1.018390844328433644e+02
9.620127621725681877e+01
1.137395324707031250e+02
1.081331035245961090e+02
1.043066890989070998e+02
9.920894662983545231e+01
1.137395324707031250e+02
1.074399867785699456e+02
1.006520295643063605e+02
1.043617164332080023e+02
